8 0.065365 0.243519 0.079687 0.120370
8 0.094792 0.166204 0.055208 0.100926
9 0.137500 0.151852 0.050000 0.075926
8 0.146615 0.338889 0.127604 0.175926
8 0.277344 0.355556 0.114062 0.155556
9 0.254688 0.255556 0.073958 0.103704
8 0.324740 0.292593 0.089063 0.175926
8 0.304167 0.168981 0.039583 0.086111
8 0.380990 0.136574 0.045312 0.069444
9 0.395313 0.220370 0.067708 0.088889
8 0.421094 0.158333 0.055729 0.085185
8 0.441667 0.131019 0.031250 0.076852
8 0.466146 0.218056 0.066667 0.132407
9 0.447917 0.281019 0.072917 0.102778
8 0.446615 0.347222 0.090104 0.181481
8 0.534115 0.343981 0.092188 0.187963
9 0.517188 0.197685 0.047917 0.069444
8 0.565365 0.168519 0.058854 0.088889
8 0.563021 0.206019 0.045833 0.076852
8 0.630469 0.229630 0.082812 0.107407
9 0.597917 0.290741 0.068750 0.094444
8 0.640365 0.368519 0.132812 0.166667
4 0.643490 0.430556 0.053646 0.038889
9 0.743490 0.187500 0.049479 0.080556
8 0.768490 0.218519 0.056771 0.087037
8 0.815365 0.217130 0.049479 0.095370
8 0.887240 0.193056 0.050521 0.075000
8 0.830469 0.304167 0.076563 0.123148
8 0.897917 0.340741 0.086458 0.155556
8 0.955469 0.288889 0.048438 0.111111
5 0.259896 0.426852 0.069792 0.035185
5 0.515365 0.443056 0.038021 0.032407
5 0.978646 0.468519 0.042708 0.031481
8 0.342969 0.245370 0.052604 0.135185
8 0.948438 0.370370 0.102083 0.188889
8 0.701042 0.176389 0.042708 0.099074
8 0.327344 0.143519 0.041146 0.081481
8 0.342969 0.135185 0.032813 0.081481
8 0.057813 0.193056 0.076042 0.099074
9 0.213542 0.321759 0.058333 0.119444
1 0.065365 0.226389 0.032813 0.073148
1 0.052344 0.174074 0.030729 0.057407
1 0.082292 0.144444 0.026042 0.061111
1 0.128646 0.143519 0.026042 0.055556
0 0.166667 0.297222 0.041667 0.094444
1 0.267188 0.326389 0.042708 0.087963
1 0.308594 0.251852 0.039062 0.090741
0 0.332813 0.216204 0.029167 0.065741
1 0.263542 0.243519 0.033333 0.072222
0 0.302344 0.156481 0.024479 0.057407
1 0.318490 0.131019 0.020313 0.056481
1 0.335938 0.123148 0.019792 0.053704
1 0.391146 0.211111 0.029167 0.066667
1 0.386719 0.128241 0.019271 0.047222
1 0.423698 0.143981 0.022396 0.054630
2 0.438021 0.118056 0.021875 0.050926
0 0.465365 0.182407 0.027604 0.062963
0 0.452865 0.302315 0.036979 0.087963
1 0.517969 0.193056 0.023438 0.056481
1 0.567187 0.151852 0.023958 0.051852
1 0.560417 0.195370 0.021875 0.051852
0 0.616667 0.205556 0.026042 0.062963
1 0.615365 0.280556 0.032813 0.074074
0 0.532813 0.294444 0.038542 0.087037
1 0.646615 0.340278 0.045312 0.100926
1 0.711719 0.147685 0.017188 0.043519
2 0.754167 0.173611 0.023958 0.056481
2 0.784115 0.202315 0.023438 0.050926
1 0.815365 0.194444 0.023438 0.053704
1 0.798438 0.170833 0.023958 0.052778
1 0.898698 0.181019 0.025521 0.049074
1 0.850521 0.278704 0.028125 0.068519
0 0.910417 0.301852 0.038542 0.072222
0 0.954167 0.261574 0.029167 0.056481
1 0.988021 0.330556 0.023958 0.098148
