1 0.034896 0.468519 0.060417 0.114815
5 0.042188 0.580556 0.080208 0.074074
1 0.196094 0.483333 0.057813 0.111111
4 0.180990 0.597222 0.048438 0.050000
0 0.327344 0.441667 0.054688 0.109259
4 0.282292 0.591667 0.037500 0.053704
5 0.282813 0.637963 0.122917 0.042593
0 0.372396 0.442593 0.035417 0.062963
0 0.554688 0.443519 0.041667 0.074074
2 0.647917 0.477778 0.042708 0.074074
0 0.696875 0.503704 0.050000 0.103704
5 0.690625 0.679630 0.087500 0.048148
9 0.072396 0.511574 0.142708 0.193519
8 0.208333 0.530556 0.118750 0.190741
8 0.339062 0.509259 0.146875 0.248148
8 0.391667 0.492593 0.070833 0.155556
8 0.546615 0.499537 0.096354 0.169444
8 0.634115 0.518056 0.078646 0.145370
8 0.685417 0.564352 0.130208 0.217593
8 0.740365 0.530093 0.053646 0.149074
