1 0.151042 0.655556 0.041667 0.088889
4 0.123438 0.718519 0.054167 0.037037
7 0.225521 0.693519 0.050000 0.079630
7 0.307292 0.692593 0.047917 0.074074
1 0.396094 0.618519 0.042188 0.081481
6 0.376563 0.730556 0.073958 0.055556
1 0.569792 0.655556 0.039583 0.074074
4 0.566667 0.718519 0.043750 0.040741
7 0.769271 0.660185 0.054167 0.094444
1 0.691667 0.687037 0.066667 0.131481
4 0.694271 0.837037 0.087500 0.068519
7 0.876042 0.777778 0.081250 0.125926
9 0.151042 0.681481 0.104167 0.118519
8 0.396615 0.662037 0.095312 0.155556
8 0.685417 0.748611 0.158333 0.243519
9 0.233594 0.681481 0.103646 0.112963
9 0.313021 0.694444 0.086458 0.079630
9 0.557813 0.680556 0.100000 0.116667
9 0.767448 0.668519 0.096354 0.146296
9 0.863542 0.772222 0.157292 0.194444
3 0.858854 0.858796 0.052083 0.041667
