1 0.172396 0.619444 0.065625 0.124074
3 0.140625 0.799074 0.046875 0.031481
1 0.319271 0.593519 0.045833 0.061111
1 0.317188 0.661111 0.058333 0.107407
1 0.394792 0.620370 0.044792 0.088889
5 0.279167 0.782407 0.100000 0.044444
5 0.401042 0.702778 0.064583 0.050000
0 0.554688 0.555556 0.033333 0.074074
2 0.604688 0.636111 0.058333 0.105556
3 0.597917 0.816667 0.029167 0.040741
1 0.662240 0.593519 0.045312 0.096296
4 0.667188 0.692593 0.050000 0.044444
1 0.782292 0.618519 0.055208 0.133333
4 0.800521 0.780556 0.050000 0.055556
1 0.923438 0.655556 0.062500 0.111111
5 0.963021 0.815741 0.066667 0.057407
8 0.179688 0.688426 0.129167 0.221296
8 0.326562 0.713889 0.119792 0.192593
8 0.327865 0.605556 0.060937 0.105556
8 0.413802 0.657870 0.098437 0.137963
8 0.552344 0.604167 0.082812 0.178704
8 0.597656 0.702315 0.124479 0.225000
8 0.666146 0.630556 0.092708 0.161111
8 0.783594 0.686574 0.132812 0.254630
8 0.932813 0.704630 0.127083 0.207407
