0 0.096875 0.634259 0.068750 0.131481
3 0.044792 0.843519 0.053125 0.044444
1 0.251042 0.585185 0.050000 0.094444
7 0.194792 0.768519 0.075000 0.120370
0 0.341667 0.577778 0.045833 0.085185
3 0.326042 0.709259 0.028125 0.031481
0 0.489063 0.560185 0.043750 0.081481
1 0.517188 0.689815 0.065625 0.135185
4 0.544792 0.806481 0.041667 0.064815
0 0.622917 0.568519 0.045833 0.090741
0 0.701042 0.604630 0.054167 0.112963
1 0.835938 0.673148 0.060417 0.105556
3 0.610938 0.704630 0.029167 0.027778
3 0.696094 0.822222 0.029687 0.044444
5 0.884896 0.824074 0.093750 0.068519
9 0.217969 0.746296 0.150521 0.214815
8 0.105469 0.701389 0.133854 0.269444
8 0.254688 0.625000 0.094792 0.179630
8 0.344010 0.625000 0.088021 0.172222
8 0.491406 0.612037 0.104688 0.172222
9 0.533594 0.725000 0.135937 0.218519
8 0.612240 0.616667 0.104688 0.175926
8 0.707292 0.686574 0.128125 0.260185
8 0.851042 0.718056 0.129167 0.193519
