8 0.071094 0.239815 0.086979 0.127778
8 0.091667 0.165278 0.055208 0.113889
8 0.134115 0.143056 0.057813 0.080556
8 0.380469 0.131019 0.048438 0.078704
8 0.306771 0.174537 0.038542 0.093519
8 0.259896 0.246759 0.073958 0.143519
8 0.329167 0.243056 0.060417 0.110185
9 0.317969 0.312963 0.091146 0.131481
9 0.263542 0.368056 0.127083 0.137963
8 0.160938 0.341667 0.106250 0.181481
8 0.418490 0.155556 0.050521 0.083333
9 0.397917 0.218056 0.060417 0.093519
8 0.449740 0.264815 0.076563 0.129630
8 0.444792 0.348611 0.105208 0.193519
5 0.514844 0.443056 0.040104 0.037963
8 0.517969 0.187500 0.048438 0.093519
8 0.568490 0.197222 0.051562 0.094444
8 0.526563 0.256019 0.067708 0.137963
8 0.539323 0.365741 0.093229 0.159259
8 0.646615 0.230556 0.057813 0.114815
8 0.634115 0.369444 0.100521 0.150000
9 0.709115 0.179167 0.039062 0.058333
9 0.732292 0.193056 0.059375 0.082407
9 0.796094 0.191667 0.044271 0.064815
8 0.763542 0.218519 0.052083 0.092593
8 0.816146 0.218519 0.055208 0.092593
8 0.884896 0.189815 0.043750 0.090741
8 0.865365 0.248611 0.040104 0.093519
8 0.836719 0.293056 0.064062 0.123148
8 0.907292 0.343519 0.082292 0.142593
8 0.956771 0.368056 0.086458 0.219444
8 0.548438 0.156019 0.042708 0.067593
0 0.060417 0.206019 0.035417 0.067593
2 0.032813 0.137500 0.029167 0.056481
1 0.052344 0.159259 0.029687 0.055556
1 0.077865 0.140278 0.028646 0.063889
1 0.127865 0.133333 0.025521 0.055556
8 0.334115 0.143056 0.047396 0.095370
1 0.335938 0.128704 0.023958 0.061111
0 0.377865 0.118519 0.019271 0.048148
0 0.332813 0.218056 0.030208 0.054630
0 0.267188 0.218056 0.034375 0.076852
1 0.301563 0.156019 0.023958 0.052778
1 0.422917 0.143519 0.023958 0.059259
0 0.473698 0.131019 0.022396 0.045370
1 0.389323 0.210185 0.031771 0.068519
1 0.468490 0.193056 0.026562 0.067593
8 0.477865 0.220370 0.051562 0.124074
1 0.442969 0.241204 0.032813 0.076852
1 0.524740 0.226852 0.033854 0.075926
1 0.518490 0.168056 0.025521 0.060185
0 0.455469 0.293056 0.042188 0.078704
1 0.318490 0.312037 0.043229 0.081481
1 0.236719 0.355556 0.049479 0.096296
0 0.163542 0.293981 0.045833 0.091667
0 0.571615 0.180556 0.024479 0.053704
1 0.554688 0.151389 0.019792 0.049074
0 0.651563 0.205556 0.027083 0.066667
9 0.591146 0.292593 0.065625 0.101852
1 0.638542 0.343519 0.050000 0.096296
1 0.543490 0.339352 0.039062 0.100926
1 0.606771 0.278704 0.031250 0.068519
1 0.717448 0.168981 0.019271 0.041667
1 0.749219 0.178241 0.024479 0.050926
1 0.801042 0.182407 0.027083 0.051852
1 0.824740 0.199537 0.024479 0.056481
1 0.892969 0.168519 0.024479 0.051852
1 0.924740 0.318056 0.036979 0.084259
0 0.769792 0.194444 0.022917 0.048148
0 0.838542 0.265278 0.029167 0.060185
0 0.868490 0.229167 0.026562 0.050926
1 0.984896 0.307870 0.029167 0.102778
