7 0.087240 0.770370 0.076563 0.122222
3 0.048438 0.899074 0.053125 0.031481
0 0.257292 0.695370 0.054167 0.101852
5 0.191667 0.892593 0.125000 0.059259
0 0.243490 0.629630 0.045312 0.059259
0 0.348438 0.619444 0.038542 0.072222
3 0.326042 0.761111 0.026042 0.022222
5 0.357292 0.763889 0.035417 0.027778
0 0.475521 0.623148 0.041667 0.079630
0 0.600521 0.616667 0.041667 0.085185
3 0.613542 0.745833 0.025000 0.030556
1 0.523438 0.724074 0.060417 0.129630
4 0.533333 0.857407 0.042708 0.059259
0 0.701042 0.649074 0.054167 0.116667
3 0.698438 0.866667 0.029167 0.044444
1 0.839844 0.722222 0.060937 0.111111
5 0.892188 0.866667 0.108333 0.059259
9 0.112760 0.788889 0.152604 0.205556
8 0.252865 0.759259 0.124479 0.218519
8 0.236719 0.678241 0.056771 0.149074
8 0.347656 0.674537 0.084896 0.165741
8 0.487500 0.669907 0.072917 0.156481
8 0.530990 0.775000 0.138021 0.207407
8 0.599219 0.662037 0.083854 0.168519
8 0.711719 0.729167 0.126562 0.258333
8 0.858594 0.763889 0.123438 0.181481
