0 0.215625 0.575000 0.046875 0.105556
3 0.140365 0.766667 0.039062 0.037037
1 0.276042 0.569444 0.034375 0.072222
4 0.273438 0.637963 0.039583 0.031481
0 0.316667 0.585185 0.061458 0.118519
4 0.294271 0.737963 0.054167 0.094444
1 0.398438 0.553704 0.044792 0.092593
4 0.393490 0.646296 0.042188 0.040741
1 0.564844 0.580556 0.042188 0.064815
1 0.600521 0.622222 0.058333 0.118519
4 0.597917 0.768519 0.062500 0.074074
0 0.738021 0.570370 0.053125 0.107407
1 0.860417 0.638889 0.064583 0.114815
5 0.911719 0.803704 0.139063 0.066667
9 0.408333 0.597222 0.090625 0.166667
9 0.560417 0.609722 0.089583 0.130556
9 0.275260 0.602778 0.050521 0.135185
8 0.205729 0.650000 0.114583 0.242593
8 0.315365 0.660648 0.145313 0.252778
8 0.594531 0.680093 0.141146 0.239815
8 0.734375 0.656944 0.137500 0.275000
8 0.859115 0.687037 0.128646 0.207407
