1 0.115365 0.413426 0.026562 0.052778
1 0.166927 0.384722 0.024479 0.045370
1 0.207813 0.430556 0.029167 0.057407
0 0.262240 0.395833 0.023438 0.043519
1 0.244792 0.356019 0.017708 0.037963
1 0.303906 0.349074 0.019271 0.040741
1 0.271615 0.341667 0.017188 0.027778
0 0.329688 0.456019 0.029167 0.065741
0 0.400000 0.456019 0.031250 0.063889
0 0.511198 0.443056 0.031771 0.060185
7 0.361198 0.455556 0.028646 0.051852
1 0.421615 0.430556 0.026562 0.059259
0 0.398438 0.393056 0.022917 0.045370
0 0.415365 0.354630 0.020313 0.038889
0 0.456771 0.393519 0.022917 0.044444
0 0.471094 0.321759 0.014063 0.030556
1 0.446094 0.343519 0.017188 0.029630
0 0.492188 0.381019 0.020833 0.043519
1 0.507292 0.340741 0.018750 0.037037
0 0.538542 0.331019 0.017708 0.030556
0 0.522917 0.400463 0.026042 0.050926
1 0.532813 0.368519 0.018750 0.044444
2 0.596615 0.334722 0.017188 0.030556
0 0.590365 0.390741 0.023438 0.046296
0 0.585938 0.480556 0.031250 0.070370
1 0.668490 0.491204 0.033854 0.067593
0 0.642969 0.442130 0.023438 0.043519
0 0.617188 0.366204 0.017708 0.034259
2 0.655469 0.373148 0.021354 0.044444
2 0.729167 0.324074 0.014583 0.029630
1 0.734115 0.356019 0.016146 0.036111
0 0.754167 0.368056 0.017708 0.036111
1 0.776563 0.352778 0.018750 0.040741
1 0.805469 0.373611 0.020313 0.034259
1 0.852865 0.355556 0.017188 0.038889
1 0.831771 0.385648 0.019792 0.043519
1 0.859896 0.416204 0.023958 0.047222
1 0.878646 0.454167 0.027083 0.058333
0 0.924740 0.453704 0.033854 0.066667
1 0.959115 0.424537 0.023438 0.043519
0 0.990625 0.480556 0.018750 0.064815
8 0.919792 0.493056 0.082292 0.154630
8 0.812240 0.430556 0.049479 0.092593
8 0.863542 0.474074 0.055208 0.105556
8 0.847917 0.360185 0.038542 0.055556
8 0.752344 0.381019 0.035937 0.063889
8 0.729688 0.365741 0.033333 0.053704
8 0.667188 0.504167 0.072917 0.100926
8 0.588021 0.497222 0.069792 0.105556
8 0.635417 0.467130 0.041667 0.100926
8 0.514323 0.480556 0.065104 0.138889
8 0.580990 0.415741 0.051562 0.103704
8 0.657292 0.389352 0.044792 0.076852
8 0.621094 0.376389 0.035937 0.062037
8 0.596094 0.341667 0.029687 0.046296
8 0.505990 0.348148 0.034896 0.055556
8 0.489063 0.393056 0.040625 0.071296
8 0.473438 0.330556 0.033333 0.053704
8 0.412240 0.487963 0.084896 0.125926
8 0.457813 0.416204 0.038542 0.091667
9 0.366667 0.466204 0.044792 0.084259
8 0.319792 0.480556 0.092708 0.124074
8 0.270573 0.417130 0.046354 0.086111
8 0.210417 0.454167 0.069792 0.106481
9 0.118490 0.418519 0.055729 0.066667
8 0.167969 0.391667 0.048438 0.062963
9 0.309115 0.354630 0.036979 0.051852
5 0.163542 0.543519 0.039583 0.020370
5 0.268490 0.456481 0.024479 0.022222
1 0.443490 0.379167 0.019271 0.043519
8 0.437240 0.453704 0.054688 0.109259
8 0.421094 0.366204 0.031771 0.065741
8 0.719271 0.343056 0.036458 0.065741
8 0.776563 0.356481 0.031250 0.053704
0 0.813021 0.406019 0.021875 0.043519
8 0.955469 0.437963 0.039062 0.075926
8 0.795312 0.384722 0.040625 0.056481
