0 0.135417 0.474074 0.055208 0.103704
5 0.090365 0.639815 0.114062 0.072222
0 0.259896 0.505556 0.056250 0.105556
4 0.204167 0.649074 0.050000 0.064815
0 0.392188 0.483333 0.051042 0.096296
3 0.324740 0.661111 0.042188 0.066667
0 0.438542 0.492593 0.037500 0.074074
7 0.607292 0.568519 0.054167 0.100000
7 0.712500 0.562037 0.046875 0.090741
7 0.807813 0.596296 0.057292 0.088889
7 0.755469 0.671296 0.076563 0.127778
8 0.132812 0.543519 0.151042 0.229630
8 0.250781 0.565278 0.128646 0.213889
8 0.377604 0.572685 0.139583 0.262037
8 0.450781 0.534722 0.063021 0.149074
9 0.599740 0.570370 0.108854 0.133333
9 0.697917 0.578241 0.086458 0.115741
9 0.816667 0.611574 0.102083 0.108333
9 0.744531 0.664352 0.165104 0.187963
