0 0.096094 0.638889 0.067187 0.137037
3 0.044792 0.846759 0.053125 0.030556
0 0.247917 0.586574 0.050000 0.080556
7 0.197917 0.755556 0.078125 0.111111
0 0.346615 0.568519 0.045312 0.072222
3 0.325521 0.709722 0.025000 0.030556
0 0.491146 0.573611 0.039583 0.080556
0 0.605469 0.568519 0.042188 0.081481
3 0.611719 0.705556 0.026562 0.033333
1 0.510938 0.705556 0.060417 0.116667
4 0.538542 0.810648 0.037500 0.056481
0 0.701042 0.606481 0.055208 0.111111
3 0.697396 0.821759 0.035417 0.043519
1 0.843490 0.656481 0.067187 0.125926
5 0.884896 0.818519 0.097917 0.064815
8 0.106250 0.700463 0.134375 0.256481
8 0.250000 0.631019 0.096875 0.167593
8 0.344792 0.625463 0.092708 0.171296
8 0.491667 0.612500 0.098958 0.160185
8 0.605990 0.618519 0.101562 0.170370
9 0.533594 0.738426 0.135937 0.200926
8 0.709375 0.692593 0.128125 0.264815
8 0.855990 0.709722 0.135937 0.219444
9 0.218490 0.745833 0.150521 0.213889
