8 0.067969 0.243056 0.085938 0.123148
8 0.103646 0.156019 0.055208 0.110185
8 0.141146 0.144444 0.042708 0.075926
8 0.157292 0.329630 0.094792 0.183333
8 0.277344 0.354630 0.116146 0.159259
8 0.216146 0.306019 0.067708 0.143519
9 0.316667 0.306019 0.086458 0.149074
9 0.252865 0.255556 0.063021 0.105556
8 0.346615 0.257870 0.060937 0.126852
8 0.306771 0.181019 0.047917 0.082407
9 0.397917 0.212037 0.055208 0.105556
8 0.338542 0.143519 0.048958 0.101852
8 0.380990 0.142130 0.042188 0.065741
8 0.423438 0.156019 0.046875 0.086111
8 0.474740 0.161574 0.042188 0.106481
8 0.447917 0.268981 0.073958 0.113889
8 0.516146 0.197222 0.051042 0.081481
8 0.630990 0.228704 0.065104 0.105556
9 0.566667 0.180093 0.057292 0.073148
8 0.566667 0.207407 0.046875 0.077778
8 0.446094 0.350463 0.089063 0.180556
8 0.534115 0.356019 0.091146 0.173148
8 0.646094 0.370370 0.138021 0.172222
8 0.605990 0.332407 0.070312 0.131481
5 0.259115 0.426852 0.069271 0.035185
5 0.513542 0.443056 0.037500 0.032407
9 0.710938 0.177315 0.036458 0.052778
9 0.733594 0.193519 0.060937 0.074074
8 0.767188 0.216667 0.048958 0.088889
8 0.815365 0.215741 0.053646 0.085185
8 0.888021 0.194444 0.048958 0.075926
8 0.832292 0.303241 0.077083 0.125000
8 0.893490 0.355556 0.093229 0.135185
8 0.957292 0.374537 0.083333 0.193519
9 0.597917 0.287037 0.066667 0.094444
5 0.979688 0.468519 0.040625 0.033333
8 0.466667 0.219907 0.067708 0.123148
4 0.652865 0.430556 0.051562 0.038889
1 0.717969 0.168981 0.020313 0.043519
1 0.063542 0.218981 0.035417 0.073148
2 0.038021 0.143056 0.030208 0.062037
2 0.097917 0.132870 0.028125 0.062037
1 0.130990 0.137500 0.023438 0.056481
1 0.079167 0.144907 0.026042 0.049074
0 0.153646 0.284722 0.044792 0.093519
1 0.204167 0.284259 0.038542 0.094444
1 0.268490 0.318056 0.043229 0.091667
1 0.263542 0.242130 0.034375 0.075000
1 0.305469 0.168519 0.026562 0.057407
0 0.338542 0.118056 0.022917 0.052778
1 0.354948 0.230556 0.033854 0.072222
1 0.340365 0.186111 0.028646 0.068519
1 0.303646 0.304630 0.039583 0.083333
1 0.379167 0.131019 0.019792 0.050926
1 0.424219 0.143519 0.023438 0.057407
0 0.442188 0.113889 0.019792 0.048148
8 0.444792 0.131019 0.029167 0.082407
0 0.471615 0.135648 0.023438 0.056481
1 0.396615 0.192593 0.029687 0.064815
2 0.460938 0.193056 0.032292 0.062037
0 0.451042 0.303704 0.037500 0.085185
2 0.429167 0.254167 0.035417 0.075000
1 0.517969 0.184259 0.024479 0.055556
1 0.546094 0.151389 0.021354 0.047222
1 0.576042 0.168519 0.025000 0.050000
1 0.569792 0.193981 0.023958 0.050926
0 0.534896 0.316204 0.042708 0.093519
0 0.632292 0.206481 0.028125 0.064815
1 0.622917 0.307870 0.033333 0.076852
1 0.654167 0.337500 0.048958 0.104630
1 0.747917 0.182870 0.025000 0.052778
1 0.796615 0.186111 0.022396 0.053704
2 0.777344 0.196296 0.023438 0.050000
2 0.816667 0.200000 0.027083 0.050000
1 0.899219 0.183796 0.025521 0.050926
1 0.852865 0.277778 0.028646 0.070370
6 0.843490 0.337037 0.042188 0.031481
1 0.913021 0.270833 0.035417 0.069444
1 0.917448 0.329167 0.040104 0.078704
0 0.983073 0.267130 0.030729 0.067593
