1 0.131250 0.526852 0.059375 0.112963
5 0.091146 0.640741 0.118750 0.081481
1 0.246615 0.531481 0.057813 0.118519
4 0.211458 0.653704 0.055208 0.059259
0 0.385417 0.478704 0.054167 0.109259
3 0.320312 0.680556 0.040625 0.037037
1 0.435417 0.505556 0.040625 0.090741
0 0.603646 0.490741 0.039583 0.077778
0 0.696094 0.518519 0.042188 0.074074
0 0.789062 0.525000 0.040625 0.081481
1 0.735938 0.583796 0.054167 0.119444
5 0.738542 0.741667 0.090625 0.057407
8 0.146094 0.570370 0.117188 0.190741
8 0.255990 0.578704 0.125521 0.194444
8 0.380208 0.564352 0.130208 0.273148
8 0.446094 0.543056 0.066146 0.152778
8 0.589063 0.539352 0.093750 0.169444
8 0.684896 0.556481 0.094792 0.138889
8 0.729427 0.635185 0.134896 0.218519
8 0.798698 0.569907 0.074479 0.165741
