1 0.151042 0.655556 0.039583 0.077778
4 0.126042 0.720370 0.047917 0.037037
7 0.226042 0.692593 0.045833 0.081481
7 0.307292 0.693519 0.046875 0.074074
1 0.394792 0.619444 0.041667 0.087037
6 0.378646 0.726852 0.072917 0.061111
1 0.569792 0.652778 0.045833 0.072222
4 0.566667 0.717593 0.042708 0.038889
7 0.767188 0.655556 0.053125 0.088889
7 0.876563 0.778704 0.077083 0.116667
1 0.691667 0.687037 0.063542 0.131481
4 0.694271 0.841667 0.079167 0.068519
9 0.230990 0.680556 0.103646 0.116667
9 0.314063 0.694907 0.085417 0.086111
9 0.560417 0.682870 0.103125 0.119444
9 0.769792 0.668056 0.096875 0.149074
9 0.865625 0.779630 0.156250 0.192593
9 0.151042 0.678241 0.097917 0.130556
8 0.394792 0.657870 0.101042 0.163889
8 0.685417 0.753704 0.162500 0.257407
3 0.860156 0.861574 0.054688 0.052778
