0 0.182292 0.589815 0.060417 0.112963
3 0.142187 0.762963 0.035417 0.044444
1 0.275521 0.568519 0.041667 0.079630
4 0.269792 0.635185 0.036458 0.037037
0 0.322917 0.580556 0.055208 0.124074
4 0.291667 0.755556 0.057292 0.077778
1 0.401042 0.556481 0.043750 0.090741
4 0.392188 0.646296 0.033333 0.051852
1 0.569792 0.569444 0.035417 0.075926
1 0.601042 0.612037 0.054167 0.118519
4 0.596094 0.766667 0.051562 0.066667
0 0.744792 0.543519 0.053125 0.107407
3 0.747917 0.790741 0.044792 0.040741
0 0.872917 0.616667 0.070833 0.125926
5 0.922396 0.803704 0.139583 0.066667
9 0.272917 0.598611 0.071875 0.128704
9 0.558073 0.603241 0.074479 0.141667
8 0.179427 0.648148 0.135937 0.233333
8 0.316406 0.661111 0.138021 0.259259
8 0.409115 0.596759 0.088021 0.163889
8 0.592708 0.678241 0.139583 0.241667
8 0.741927 0.646759 0.128646 0.304630
8 0.871615 0.672222 0.136979 0.237037
