1 0.148438 0.630556 0.046875 0.081481
4 0.138021 0.704630 0.050000 0.042593
0 0.239063 0.591667 0.043750 0.083333
4 0.213542 0.705556 0.050000 0.055556
2 0.327865 0.580556 0.045312 0.081481
3 0.291667 0.718519 0.029167 0.037037
1 0.392969 0.614815 0.051562 0.088889
6 0.376042 0.715741 0.085417 0.050000
2 0.582292 0.593519 0.044792 0.077778
4 0.573438 0.705556 0.037500 0.040741
0 0.694792 0.568519 0.045833 0.092593
4 0.667188 0.679630 0.056250 0.066667
1 0.786719 0.593519 0.048438 0.092593
4 0.794792 0.693519 0.052083 0.053704
2 0.850521 0.638889 0.075000 0.122222
4 0.857292 0.818519 0.100000 0.070370
9 0.154688 0.656944 0.101042 0.126852
8 0.233594 0.643519 0.104688 0.170370
8 0.324740 0.631019 0.078646 0.169444
8 0.404427 0.651389 0.101562 0.160185
8 0.572656 0.639352 0.110937 0.160185
8 0.680729 0.622685 0.097917 0.178704
8 0.779687 0.631944 0.101042 0.162037
8 0.886198 0.718519 0.202604 0.270370
