2 0.151042 0.598148 0.037500 0.070370
4 0.134896 0.692593 0.043750 0.044444
1 0.240365 0.582407 0.045312 0.087037
4 0.217188 0.687037 0.050000 0.044444
2 0.312240 0.612037 0.045312 0.081481
3 0.300521 0.715741 0.045833 0.020370
1 0.399740 0.599074 0.045312 0.081481
6 0.385417 0.705556 0.081250 0.053704
1 0.573438 0.598148 0.037500 0.092593
4 0.576042 0.680556 0.040625 0.040741
1 0.672917 0.585185 0.048958 0.105556
4 0.681771 0.694444 0.050000 0.048148
1 0.789844 0.593519 0.045312 0.096296
4 0.794271 0.680556 0.045833 0.040741
1 0.877344 0.655556 0.070312 0.148148
4 0.884896 0.823148 0.072917 0.068519
8 0.149740 0.637963 0.107813 0.144444
8 0.240365 0.630556 0.101562 0.162963
8 0.324740 0.643056 0.067187 0.130556
8 0.397917 0.641204 0.097917 0.154630
8 0.572135 0.640278 0.109896 0.150926
8 0.674479 0.631944 0.097917 0.178704
8 0.783594 0.630556 0.105729 0.161111
8 0.865365 0.724537 0.195312 0.256481
