1 0.045312 0.638426 0.058333 0.117593
4 0.023698 0.777778 0.046354 0.059259
2 0.141667 0.627778 0.065625 0.111111
5 0.123438 0.785648 0.084375 0.054630
1 0.260417 0.580556 0.046875 0.083333
6 0.260417 0.668519 0.079167 0.050000
1 0.447917 0.555556 0.037500 0.081481
2 0.396094 0.580556 0.057813 0.120370
6 0.382292 0.761574 0.101042 0.056481
3 0.317188 0.766667 0.033333 0.037037
2 0.630990 0.534722 0.057813 0.119444
1 0.699740 0.505556 0.045312 0.081481
1 0.783594 0.480556 0.042188 0.074074
2 0.755469 0.555556 0.064062 0.125926
1 0.918229 0.537500 0.061458 0.119444
4 0.926562 0.688426 0.055208 0.056481
6 0.797917 0.714815 0.097917 0.070370
3 0.731771 0.740741 0.037500 0.044444
4 0.454167 0.630556 0.033333 0.040741
8 0.055990 0.688889 0.110937 0.224074
8 0.158594 0.676852 0.120313 0.198148
8 0.270313 0.606019 0.090625 0.137963
8 0.389062 0.650000 0.131250 0.257407
8 0.464062 0.590278 0.089583 0.139815
8 0.642188 0.608333 0.127083 0.268519
8 0.699740 0.543056 0.072396 0.158333
8 0.773698 0.611111 0.144271 0.229630
8 0.801042 0.528704 0.077083 0.159259
8 0.919271 0.595370 0.143750 0.240741
