0 0.095312 0.636574 0.070833 0.125000
3 0.048438 0.843519 0.062500 0.033333
0 0.247396 0.588426 0.042708 0.086111
7 0.194792 0.765741 0.079167 0.120370
0 0.348958 0.573148 0.038542 0.072222
3 0.327344 0.710185 0.029687 0.031481
0 0.492188 0.570833 0.041667 0.080556
1 0.513542 0.699074 0.064583 0.105556
5 0.538542 0.812037 0.039583 0.055556
0 0.609375 0.570833 0.050000 0.093519
3 0.610417 0.704630 0.026042 0.031481
0 0.703125 0.609259 0.053125 0.118519
3 0.694792 0.818519 0.038542 0.040741
1 0.842969 0.655556 0.064062 0.118519
5 0.880990 0.818519 0.098437 0.059259
8 0.106771 0.703704 0.135417 0.261111
8 0.243490 0.628241 0.092188 0.162037
8 0.344792 0.626389 0.093750 0.175000
8 0.492188 0.618981 0.098958 0.163889
9 0.533594 0.738889 0.135937 0.200000
8 0.605990 0.618056 0.101562 0.178704
8 0.705990 0.691667 0.131771 0.262963
8 0.854167 0.705556 0.135417 0.218519
9 0.219271 0.750000 0.152083 0.205556
