0 0.163021 0.629630 0.062500 0.103704
3 0.057813 0.833333 0.033333 0.040741
0 0.225521 0.592593 0.041667 0.074074
0 0.280990 0.610185 0.057813 0.112963
3 0.231250 0.830556 0.040625 0.057407
0 0.347917 0.579630 0.043750 0.096296
1 0.519792 0.604630 0.041667 0.083333
4 0.525521 0.687963 0.050000 0.044444
1 0.635417 0.618519 0.041667 0.081481
6 0.635938 0.700000 0.067708 0.055556
0 0.745313 0.583333 0.058333 0.103704
0 0.869792 0.618519 0.053125 0.100000
5 0.939063 0.847222 0.112500 0.068519
3 0.755208 0.830556 0.038542 0.048148
8 0.153906 0.700000 0.117188 0.233333
8 0.224219 0.606481 0.054688 0.111111
8 0.289583 0.698148 0.129167 0.257407
8 0.362500 0.616667 0.083333 0.170370
8 0.519271 0.631481 0.107292 0.137037
8 0.626042 0.642593 0.097917 0.157407
8 0.737500 0.681481 0.162500 0.290741
8 0.875260 0.703241 0.123438 0.252778
