0 0.081771 0.546759 0.037500 0.069444
1 0.059115 0.601852 0.067187 0.114815
1 0.184375 0.579630 0.056250 0.114815
5 0.140365 0.768519 0.082812 0.059259
1 0.294792 0.552778 0.038542 0.079630
6 0.284115 0.643519 0.060937 0.050000
2 0.372917 0.577778 0.062500 0.125926
4 0.322917 0.745370 0.038542 0.074074
1 0.477865 0.524537 0.039062 0.080556
4 0.473438 0.610648 0.039583 0.041667
1 0.670312 0.537500 0.058333 0.130556
0 0.738021 0.458333 0.041667 0.085185
1 0.805990 0.485648 0.057813 0.130556
1 0.838542 0.455556 0.035417 0.096296
1 0.970313 0.501852 0.056250 0.137037
5 0.823438 0.726852 0.072917 0.064815
8 0.087240 0.656944 0.126562 0.215741
8 0.102344 0.581481 0.079687 0.125926
8 0.207292 0.642130 0.128125 0.228704
8 0.388542 0.641667 0.152083 0.253704
8 0.302865 0.588426 0.096354 0.143519
8 0.485938 0.563889 0.095833 0.150000
8 0.670312 0.603704 0.142708 0.274074
8 0.738021 0.519444 0.081250 0.200000
8 0.805469 0.570370 0.139063 0.287037
8 0.854688 0.504167 0.069792 0.186111
8 0.944792 0.578704 0.108333 0.266667
