1 0.188542 0.607407 0.064583 0.122222
3 0.140365 0.766667 0.035937 0.037037
1 0.316667 0.603704 0.058333 0.129630
4 0.291146 0.745833 0.056250 0.069444
2 0.375521 0.543519 0.048958 0.088889
4 0.387500 0.642593 0.037500 0.044444
1 0.597917 0.614815 0.062500 0.122222
4 0.595313 0.773148 0.061458 0.068519
0 0.745313 0.551852 0.064583 0.111111
3 0.747917 0.787963 0.046875 0.044444
0 0.870313 0.572222 0.060417 0.111111
5 0.908594 0.803704 0.142187 0.051852
8 0.185938 0.654167 0.138542 0.219444
8 0.317448 0.663889 0.135937 0.253704
8 0.398698 0.590278 0.084896 0.169444
8 0.592969 0.678241 0.140104 0.232407
8 0.745833 0.643519 0.128125 0.292593
8 0.875781 0.656944 0.155729 0.267593
9 0.560937 0.612037 0.082292 0.133333
