1 0.148438 0.479630 0.063542 0.100000
5 0.095312 0.605556 0.108333 0.070370
1 0.257812 0.514815 0.058333 0.111111
4 0.242188 0.622222 0.050000 0.055556
0 0.387240 0.456481 0.054688 0.109259
4 0.338542 0.630556 0.043750 0.075926
0 0.426563 0.463889 0.037500 0.075926
0 0.617188 0.476852 0.037500 0.081481
0 0.704688 0.494444 0.042708 0.066667
1 0.794792 0.512037 0.035417 0.079630
0 0.757292 0.531481 0.054167 0.118519
5 0.746615 0.705556 0.089063 0.051852
8 0.270052 0.554630 0.111979 0.179630
8 0.150000 0.528241 0.130208 0.200926
8 0.394271 0.536574 0.148958 0.243519
8 0.447917 0.512500 0.071875 0.160185
8 0.601562 0.524074 0.105208 0.166667
8 0.696615 0.537037 0.089063 0.140741
8 0.742708 0.595833 0.136458 0.228704
8 0.804167 0.549537 0.063542 0.156481
