0 0.219792 0.580556 0.055208 0.096296
3 0.138021 0.768519 0.033333 0.037037
1 0.276562 0.574074 0.037500 0.081481
4 0.276042 0.641667 0.035417 0.035185
1 0.317188 0.605556 0.058333 0.133333
4 0.291667 0.745833 0.061458 0.069444
1 0.400000 0.561111 0.046875 0.096296
4 0.390365 0.650000 0.035937 0.055556
1 0.569271 0.584259 0.037500 0.061111
1 0.596094 0.618519 0.057813 0.122222
4 0.596615 0.773148 0.070312 0.068519
0 0.738021 0.572222 0.062500 0.111111
2 0.862500 0.625000 0.068750 0.120370
5 0.907813 0.803704 0.143750 0.066667
8 0.208594 0.649537 0.118229 0.228704
8 0.316406 0.662963 0.143229 0.240741
8 0.593750 0.676852 0.137500 0.238889
8 0.736979 0.650000 0.139583 0.272222
8 0.864062 0.679630 0.137500 0.224074
9 0.277344 0.598611 0.050521 0.130556
9 0.409375 0.597685 0.087500 0.165741
9 0.560417 0.614815 0.088542 0.129630
9 0.787760 0.615278 0.058854 0.141667
