8 0.066667 0.243519 0.085417 0.114815
8 0.094792 0.156944 0.056250 0.113889
8 0.148438 0.143519 0.071875 0.072222
8 0.145573 0.340741 0.127604 0.175926
8 0.277865 0.349537 0.114062 0.169444
9 0.249740 0.255556 0.073438 0.105556
8 0.319792 0.297685 0.083333 0.167593
8 0.304167 0.174074 0.038542 0.090741
8 0.380990 0.133796 0.045312 0.075000
8 0.396615 0.222222 0.068229 0.094444
8 0.418490 0.158796 0.052604 0.086111
8 0.444792 0.130556 0.029167 0.077778
8 0.465365 0.218056 0.067187 0.128704
9 0.447917 0.281019 0.072917 0.102778
8 0.444792 0.346296 0.090625 0.190741
8 0.533594 0.346759 0.092188 0.187963
9 0.517969 0.186111 0.048438 0.103704
8 0.566667 0.175926 0.060417 0.074074
8 0.563542 0.199537 0.046875 0.095370
8 0.633073 0.223611 0.086979 0.119444
9 0.597917 0.290741 0.068750 0.094444
8 0.638542 0.372685 0.133333 0.169444
4 0.644271 0.431019 0.055208 0.039815
9 0.742188 0.181944 0.050000 0.093519
8 0.768490 0.218519 0.057813 0.087037
8 0.814323 0.215741 0.050521 0.094444
8 0.887240 0.193519 0.051562 0.074074
8 0.831250 0.300926 0.078125 0.118519
8 0.896615 0.340278 0.083854 0.154630
8 0.961719 0.286111 0.051562 0.109259
5 0.259896 0.426852 0.069792 0.035185
5 0.515365 0.443056 0.038021 0.032407
5 0.978646 0.468519 0.042708 0.031481
8 0.340365 0.249537 0.055729 0.143519
8 0.952344 0.373148 0.095312 0.181481
8 0.701562 0.177315 0.042708 0.099074
8 0.327344 0.144907 0.040104 0.082407
8 0.341667 0.135648 0.031250 0.080556
8 0.058594 0.192593 0.074479 0.096296
9 0.209896 0.322222 0.066667 0.118519
1 0.074219 0.229167 0.033854 0.073148
1 0.052344 0.176852 0.030729 0.061111
2 0.080990 0.132407 0.027604 0.062963
0 0.130469 0.137037 0.023438 0.055556
0 0.155469 0.298148 0.043229 0.094444
1 0.271615 0.316667 0.044271 0.094444
1 0.264844 0.242130 0.035937 0.075000
1 0.301563 0.263426 0.039583 0.093519
0 0.330469 0.212037 0.029687 0.059259
0 0.302865 0.159722 0.024479 0.056481
1 0.319271 0.132407 0.021875 0.053704
1 0.336719 0.122222 0.019271 0.050000
2 0.385417 0.121759 0.019792 0.049074
0 0.440365 0.117593 0.020313 0.048148
1 0.422917 0.144907 0.022917 0.058333
1 0.398438 0.211111 0.029167 0.068519
0 0.464844 0.181019 0.029687 0.056481
0 0.515365 0.166667 0.024479 0.059259
0 0.443490 0.293981 0.036979 0.080556
0 0.532813 0.296296 0.038542 0.088889
1 0.577865 0.163889 0.024479 0.048148
0 0.559115 0.175463 0.022396 0.045370
0 0.626563 0.193519 0.027083 0.057407
1 0.615365 0.281019 0.030729 0.073148
1 0.645312 0.340278 0.046875 0.100926
1 0.711719 0.148611 0.019271 0.043519
2 0.752865 0.165741 0.024479 0.051852
0 0.793490 0.166204 0.023438 0.052778
2 0.785417 0.204630 0.023958 0.050000
1 0.814063 0.195370 0.023958 0.053704
1 0.897396 0.182870 0.028125 0.049074
1 0.852865 0.278241 0.028646 0.069444
0 0.912240 0.301852 0.039062 0.077778
0 0.954167 0.261111 0.029167 0.055556
