5 0.233333 0.139352 0.029167 0.015741
1 0.241667 0.094907 0.013542 0.030556
8 0.243490 0.107870 0.038021 0.056481
6 0.385677 0.080093 0.022396 0.019444
1 0.388542 0.043519 0.014583 0.031481
8 0.391406 0.053704 0.043229 0.051852
5 0.425521 0.077315 0.022917 0.013889
5 0.536979 0.032407 0.013542 0.011111
4 0.574479 0.031944 0.014583 0.012037
8 0.727344 0.119444 0.042188 0.201852
2 0.730990 0.032870 0.016146 0.025000
5 0.899219 0.391204 0.020313 0.026852
5 0.674219 0.312037 0.031771 0.038889
6 0.704427 0.306944 0.039062 0.030556
1 0.717448 0.251852 0.023438 0.044444
9 0.706250 0.263426 0.063542 0.093519
