1 0.131771 0.487963 0.062500 0.112963
5 0.082812 0.608333 0.115625 0.083333
1 0.246615 0.518519 0.057813 0.116667
4 0.226042 0.627778 0.050000 0.059259
0 0.376563 0.468519 0.054167 0.105556
4 0.325521 0.637037 0.053125 0.081481
0 0.416146 0.474074 0.036458 0.077778
0 0.604688 0.480556 0.041667 0.088889
0 0.690365 0.495833 0.042188 0.069444
0 0.779687 0.506481 0.043750 0.079630
0 0.740365 0.537963 0.054688 0.105556
5 0.734375 0.712037 0.090625 0.055556
8 0.132552 0.540278 0.135937 0.197222
8 0.255990 0.564815 0.110937 0.187037
8 0.383073 0.538426 0.144271 0.234259
8 0.435937 0.517593 0.066667 0.151852
8 0.589323 0.526389 0.103646 0.160185
8 0.680990 0.541204 0.076563 0.143519
8 0.729688 0.599537 0.138542 0.228704
8 0.792188 0.547685 0.058333 0.162037
