8 0.067969 0.232407 0.086979 0.131481
8 0.095312 0.167593 0.051042 0.114815
8 0.135417 0.143519 0.055208 0.079630
8 0.379688 0.138889 0.043750 0.064815
8 0.306771 0.176852 0.038542 0.094444
8 0.253125 0.252778 0.067708 0.114815
8 0.340365 0.250463 0.049479 0.136111
8 0.283073 0.343519 0.105729 0.179630
8 0.165885 0.335648 0.096354 0.182407
8 0.423958 0.157407 0.050000 0.083333
8 0.399479 0.216204 0.055208 0.104630
8 0.449740 0.263426 0.080729 0.136111
8 0.443490 0.343056 0.105729 0.189815
5 0.514844 0.443056 0.040104 0.037963
8 0.568490 0.204167 0.044271 0.076852
8 0.523438 0.270833 0.068750 0.123148
8 0.540365 0.355556 0.094271 0.174074
8 0.630990 0.228704 0.057813 0.109259
8 0.634896 0.377315 0.097917 0.156481
9 0.710938 0.177778 0.037500 0.053704
9 0.730208 0.195370 0.057292 0.079630
9 0.793490 0.187500 0.045312 0.075000
8 0.761719 0.218056 0.051562 0.091667
8 0.816146 0.218519 0.055208 0.092593
8 0.884635 0.189352 0.044271 0.089815
8 0.834896 0.298148 0.076042 0.129630
8 0.904167 0.338889 0.083333 0.162963
8 0.960417 0.367593 0.079167 0.214815
8 0.553646 0.161111 0.045833 0.096296
8 0.036719 0.158333 0.042188 0.094444
8 0.331510 0.144907 0.043229 0.089815
8 0.476562 0.222685 0.052083 0.119444
9 0.216146 0.318519 0.062500 0.124074
8 0.520573 0.187500 0.050521 0.097222
8 0.326042 0.306944 0.084375 0.162037
0 0.058333 0.206019 0.033333 0.069444
0 0.062760 0.146296 0.032813 0.051852
8 0.063542 0.179167 0.082292 0.113889
2 0.042188 0.143519 0.029167 0.061111
1 0.127865 0.133333 0.026562 0.055556
0 0.015885 0.232870 0.030729 0.065741
8 0.027865 0.282870 0.054688 0.163889
0 0.331250 0.127778 0.021875 0.050000
0 0.301042 0.158796 0.025000 0.054630
0 0.333333 0.214352 0.029167 0.058333
0 0.399740 0.194907 0.028646 0.060185
0 0.436719 0.293519 0.039062 0.083333
0 0.282813 0.300000 0.046875 0.083333
0 0.165365 0.291667 0.046354 0.094444
1 0.204167 0.304167 0.035417 0.082407
1 0.262760 0.237500 0.034896 0.080556
1 0.275260 0.197222 0.026562 0.062963
1 0.378646 0.133333 0.019792 0.048148
1 0.423177 0.146296 0.022396 0.057407
1 0.440104 0.232870 0.031250 0.076852
1 0.522656 0.247685 0.031771 0.080556
0 0.464844 0.198148 0.028646 0.068519
0 0.463281 0.117593 0.019271 0.046296
0 0.482812 0.143056 0.022917 0.050926
8 0.489583 0.163426 0.035417 0.093519
0 0.522656 0.170833 0.024479 0.056481
0 0.549479 0.138426 0.023958 0.050926
0 0.569792 0.191204 0.023958 0.052778
0 0.633073 0.207870 0.027604 0.063889
1 0.633073 0.350000 0.045312 0.090741
1 0.540104 0.324537 0.040625 0.099074
1 0.717708 0.173611 0.020833 0.041667
1 0.745573 0.182407 0.024479 0.053704
1 0.797396 0.178704 0.027083 0.055556
1 0.892448 0.172222 0.023438 0.053704
0 0.763281 0.198611 0.023438 0.050926
0 0.823438 0.199537 0.023958 0.052778
0 0.847135 0.262963 0.027604 0.057407
0 0.920052 0.298148 0.039062 0.074074
0 0.979167 0.309722 0.041667 0.093519
