7 0.113542 0.755556 0.070833 0.120370
3 0.059896 0.830556 0.035417 0.037037
1 0.232292 0.605556 0.038542 0.088889
4 0.210938 0.688889 0.037500 0.037037
7 0.244792 0.742593 0.066667 0.114815
1 0.345313 0.602778 0.041667 0.090741
4 0.338542 0.685648 0.034375 0.054630
1 0.523438 0.619444 0.044792 0.074074
3 0.529167 0.700926 0.034375 0.024074
1 0.627865 0.615741 0.045312 0.087037
6 0.622917 0.694444 0.063542 0.057407
0 0.753646 0.601852 0.056250 0.114815
3 0.755469 0.823611 0.035937 0.043519
1 0.876563 0.619444 0.064583 0.103704
5 0.939063 0.845370 0.117708 0.051852
3 0.228646 0.837500 0.035417 0.030556
9 0.112240 0.729167 0.170313 0.182407
9 0.256510 0.743981 0.148438 0.210185
8 0.234375 0.636111 0.106250 0.144444
8 0.353125 0.636111 0.097917 0.164815
8 0.517969 0.641204 0.111979 0.134259
8 0.631510 0.646759 0.109896 0.126852
8 0.733594 0.688889 0.173437 0.272222
8 0.876042 0.702315 0.113542 0.241667
