1 0.208073 0.433796 0.025521 0.063889
8 0.207813 0.456019 0.070833 0.097222
1 0.114844 0.405093 0.023438 0.045370
9 0.121615 0.416204 0.058854 0.069444
1 0.162240 0.386111 0.021354 0.044444
9 0.166146 0.393056 0.047917 0.050926
1 0.238542 0.352315 0.019792 0.037963
1 0.259115 0.406019 0.020313 0.041667
8 0.267969 0.422685 0.048438 0.080556
9 0.238542 0.358333 0.036458 0.055556
1 0.272396 0.354630 0.016667 0.038889
8 0.277344 0.367593 0.041146 0.064815
1 0.309896 0.345833 0.015625 0.030556
9 0.314323 0.355556 0.033854 0.046296
1 0.317448 0.468519 0.027604 0.068519
8 0.310417 0.490278 0.093750 0.110185
4 0.303646 0.521759 0.030208 0.030556
0 0.407292 0.455093 0.028125 0.054630
8 0.405990 0.484259 0.069271 0.118519
1 0.513021 0.480556 0.029167 0.068519
1 0.596615 0.468056 0.028646 0.073148
8 0.588542 0.493519 0.063542 0.118519
0 0.663542 0.456019 0.031250 0.065741
8 0.664844 0.489815 0.072396 0.125926
1 0.648438 0.443519 0.020833 0.050000
8 0.637240 0.468519 0.042188 0.092593
1 0.426563 0.443056 0.025000 0.056481
9 0.441667 0.464815 0.055208 0.090741
1 0.355990 0.456019 0.025521 0.052778
9 0.361719 0.468519 0.060937 0.074074
0 0.388542 0.400000 0.023958 0.050000
8 0.388542 0.418056 0.051042 0.084259
0 0.451042 0.390741 0.019792 0.038889
8 0.453125 0.416204 0.037500 0.091667
0 0.526042 0.401389 0.019792 0.050926
8 0.521615 0.418519 0.052604 0.094444
1 0.580990 0.414815 0.021354 0.050000
8 0.580469 0.431019 0.054688 0.086111
1 0.634115 0.418519 0.023438 0.048148
8 0.627865 0.431019 0.038021 0.076852
0 0.655990 0.378241 0.018229 0.041667
8 0.660417 0.393056 0.038542 0.071296
0 0.537240 0.366204 0.020313 0.037963
8 0.546615 0.389815 0.039062 0.087037
0 0.484115 0.379630 0.020313 0.038889
8 0.485938 0.393056 0.040625 0.069444
0 0.402865 0.377315 0.018229 0.036111
8 0.408073 0.390741 0.030729 0.070370
1 0.418490 0.351852 0.018229 0.038889
8 0.424740 0.364815 0.031771 0.066667
1 0.434115 0.342130 0.013021 0.034259
1 0.474740 0.334259 0.014063 0.031481
8 0.474740 0.337037 0.029687 0.044444
1 0.505990 0.341204 0.015104 0.037963
8 0.507292 0.343519 0.031250 0.051852
0 0.574740 0.347685 0.016146 0.030556
8 0.576042 0.367130 0.037500 0.069444
1 0.600521 0.331019 0.013542 0.032407
9 0.595573 0.343519 0.024479 0.055556
1 0.616146 0.368056 0.017708 0.030556
8 0.614844 0.379167 0.041146 0.041667
1 0.720573 0.343519 0.011979 0.033333
1 0.732292 0.354167 0.014583 0.034259
8 0.731771 0.368056 0.034375 0.065741
1 0.779167 0.355556 0.016667 0.040741
8 0.774740 0.358333 0.025521 0.044444
0 0.755469 0.368056 0.014063 0.036111
1 0.798438 0.368519 0.019792 0.040741
1 0.859896 0.349074 0.018750 0.040741
1 0.852865 0.358333 0.031771 0.059259
1 0.832292 0.389815 0.017708 0.040741
0 0.818490 0.409259 0.019271 0.044444
8 0.815365 0.430556 0.046354 0.088889
0 0.860938 0.411574 0.026042 0.047222
0 0.922917 0.407407 0.020833 0.044444
8 0.910417 0.430556 0.046875 0.085185
1 0.957292 0.418981 0.023958 0.045370
1 0.876563 0.448611 0.027083 0.062037
8 0.864844 0.472685 0.057813 0.112037
1 0.942448 0.466204 0.036979 0.069444
8 0.921615 0.497685 0.088021 0.130556
8 0.515365 0.493056 0.071354 0.097222
5 0.162240 0.543519 0.040104 0.024074
5 0.268490 0.455556 0.024479 0.024074
8 0.752344 0.382407 0.032813 0.068519
8 0.792969 0.380556 0.039062 0.066667
