0 0.216146 0.579630 0.056250 0.107407
3 0.141667 0.766667 0.042708 0.037037
1 0.276042 0.570370 0.035417 0.092593
4 0.275521 0.640741 0.037500 0.037037
0 0.317188 0.592593 0.056250 0.133333
4 0.291667 0.738889 0.054167 0.088889
1 0.397917 0.557407 0.045833 0.096296
4 0.391146 0.644444 0.036458 0.048148
1 0.566667 0.583333 0.033333 0.074074
1 0.601042 0.619444 0.057292 0.124074
4 0.597396 0.767593 0.064583 0.083333
0 0.740365 0.568519 0.064062 0.116667
1 0.861719 0.640741 0.076563 0.118519
5 0.911458 0.805556 0.148958 0.059259
8 0.209375 0.647222 0.119792 0.229630
8 0.317188 0.656481 0.147917 0.244444
8 0.593490 0.678241 0.141146 0.232407
8 0.735677 0.656481 0.139063 0.279630
8 0.857812 0.691204 0.128125 0.202778
9 0.278646 0.599537 0.052083 0.134259
9 0.405990 0.596296 0.092188 0.166667
9 0.560417 0.606481 0.096875 0.133333
9 0.787240 0.609259 0.054688 0.133333
