8 0.071615 0.252778 0.089063 0.127778
8 0.071094 0.176852 0.092188 0.127778
8 0.136719 0.148148 0.051562 0.070370
8 0.329167 0.141204 0.041667 0.095370
8 0.379688 0.143056 0.040625 0.065741
8 0.419792 0.156019 0.054167 0.082407
8 0.476042 0.221759 0.055208 0.125000
8 0.523958 0.182870 0.048958 0.110185
9 0.574219 0.217130 0.050521 0.060185
8 0.630990 0.229167 0.053646 0.106481
8 0.644792 0.369444 0.136458 0.174074
8 0.605990 0.330556 0.073438 0.127778
9 0.596615 0.287037 0.065104 0.094444
8 0.538542 0.355556 0.094792 0.175926
8 0.446615 0.347222 0.098437 0.181481
8 0.447917 0.268056 0.075000 0.130556
9 0.397917 0.225463 0.061458 0.087963
8 0.319792 0.293519 0.088542 0.179630
8 0.349740 0.247222 0.060937 0.144444
8 0.275521 0.347685 0.111458 0.169444
8 0.218490 0.306019 0.070312 0.145370
8 0.165365 0.336574 0.096354 0.180556
9 0.710417 0.179630 0.037500 0.057407
9 0.730469 0.193056 0.057813 0.076852
8 0.764844 0.218519 0.048438 0.096296
8 0.809115 0.218519 0.044271 0.087037
8 0.888542 0.194907 0.054167 0.075000
8 0.838021 0.293519 0.069792 0.120370
8 0.897396 0.349074 0.105208 0.155556
5 0.515365 0.443519 0.038021 0.035185
5 0.257292 0.418519 0.073958 0.029630
1 0.063542 0.226852 0.032292 0.074074
0 0.063542 0.147222 0.029167 0.068519
1 0.038542 0.146296 0.029167 0.062963
1 0.127865 0.143056 0.023438 0.058333
0 0.330990 0.122222 0.023438 0.055556
1 0.301823 0.164352 0.025521 0.062037
8 0.304167 0.172222 0.038542 0.081481
0 0.298698 0.248611 0.040104 0.093519
1 0.335938 0.215278 0.033333 0.080556
1 0.390365 0.216667 0.032813 0.068519
1 0.376042 0.133333 0.019792 0.050000
1 0.423438 0.144444 0.021875 0.061111
0 0.441146 0.112037 0.018750 0.044444
8 0.443490 0.131944 0.030729 0.091667
1 0.463542 0.195833 0.027083 0.069444
0 0.471615 0.134259 0.023438 0.050000
1 0.268490 0.230556 0.034896 0.081481
1 0.267969 0.309722 0.042188 0.093519
1 0.204167 0.280556 0.037500 0.094444
0 0.165365 0.294907 0.045312 0.097222
1 0.546094 0.153241 0.022396 0.052778
1 0.579167 0.168519 0.026042 0.055556
9 0.569792 0.174074 0.054167 0.068519
0 0.626563 0.206019 0.027083 0.062037
0 0.544792 0.315741 0.041667 0.094444
1 0.649740 0.340741 0.046354 0.103704
1 0.625521 0.311111 0.033333 0.081481
1 0.718490 0.172222 0.018229 0.044444
1 0.744271 0.180556 0.026042 0.053704
2 0.773698 0.193981 0.024479 0.052778
2 0.807292 0.204167 0.025000 0.050926
1 0.901563 0.185648 0.025000 0.054630
1 0.854167 0.273148 0.029167 0.070370
6 0.845573 0.337963 0.044271 0.031481
1 0.919792 0.318519 0.041667 0.087037
5 0.978646 0.468056 0.039583 0.028704
0 0.522917 0.160648 0.025000 0.056481
4 0.655208 0.436111 0.050000 0.037037
1 0.452604 0.312963 0.036458 0.090741
