1 0.185938 0.607407 0.063542 0.122222
3 0.139063 0.768519 0.037500 0.037037
1 0.317188 0.605556 0.060417 0.129630
4 0.288542 0.753704 0.050000 0.077778
2 0.376563 0.543519 0.046875 0.098148
4 0.385937 0.643519 0.031250 0.059259
1 0.597917 0.618519 0.058333 0.125926
4 0.590365 0.773148 0.064062 0.068519
0 0.742188 0.553704 0.060417 0.122222
3 0.749740 0.786111 0.045312 0.042593
0 0.872396 0.574074 0.061458 0.107407
5 0.908594 0.805556 0.142187 0.059259
9 0.561198 0.607870 0.090104 0.130556
8 0.183854 0.651852 0.133333 0.211111
8 0.318490 0.663426 0.139063 0.247222
8 0.397396 0.587963 0.085417 0.166667
8 0.591927 0.677778 0.138021 0.238889
8 0.743229 0.643056 0.130208 0.291667
8 0.875521 0.653704 0.159375 0.274074
