1 0.034115 0.464815 0.058854 0.111111
5 0.042188 0.580556 0.083333 0.081481
1 0.197917 0.480556 0.062500 0.111111
4 0.179688 0.604630 0.048958 0.053704
0 0.326042 0.432407 0.052083 0.103704
4 0.274740 0.605556 0.039062 0.055556
0 0.369792 0.443519 0.037500 0.061111
2 0.556771 0.453704 0.044792 0.085185
0 0.660417 0.485648 0.040625 0.069444
0 0.698438 0.513889 0.054167 0.101852
5 0.688542 0.678704 0.082292 0.050000
8 0.209115 0.529630 0.126562 0.190741
8 0.335938 0.511111 0.155208 0.250000
8 0.391667 0.493056 0.070833 0.162037
8 0.546615 0.499074 0.098437 0.168519
8 0.638542 0.518519 0.086458 0.124074
8 0.685937 0.569907 0.138542 0.217593
8 0.740365 0.531019 0.057813 0.152778
9 0.073438 0.510648 0.138542 0.200926
