8 0.066667 0.243056 0.083333 0.119444
8 0.092969 0.156019 0.055729 0.115741
8 0.137500 0.153241 0.050000 0.073148
8 0.162240 0.343519 0.097396 0.151852
8 0.277344 0.354630 0.116146 0.159259
9 0.204167 0.318056 0.084375 0.125000
9 0.315365 0.309722 0.086979 0.143519
9 0.248438 0.255556 0.069792 0.105556
8 0.345313 0.260648 0.062500 0.119444
8 0.307292 0.180556 0.043750 0.077778
8 0.401042 0.211574 0.057292 0.106481
8 0.336719 0.150463 0.042188 0.080556
8 0.380990 0.142130 0.042188 0.065741
8 0.424740 0.156019 0.047396 0.086111
8 0.475521 0.161111 0.042708 0.105556
9 0.513542 0.194907 0.051042 0.080556
8 0.627344 0.227778 0.061979 0.109259
9 0.571615 0.179167 0.061979 0.065741
9 0.569792 0.215278 0.048958 0.067593
8 0.446875 0.348148 0.090625 0.181481
8 0.534896 0.368056 0.089583 0.150926
8 0.644792 0.368519 0.134375 0.175926
8 0.605990 0.334259 0.071354 0.131481
8 0.524740 0.278241 0.068229 0.102778
5 0.259115 0.426852 0.069271 0.035185
5 0.513542 0.443056 0.037500 0.032407
9 0.712240 0.178241 0.036979 0.056481
9 0.733594 0.193519 0.055729 0.075926
8 0.767969 0.214815 0.048438 0.088889
8 0.816667 0.218056 0.053125 0.084259
8 0.877865 0.189815 0.053646 0.075926
8 0.831771 0.303704 0.078125 0.122222
8 0.893490 0.356019 0.092188 0.130556
8 0.960417 0.368519 0.079167 0.196296
9 0.597917 0.284722 0.066667 0.093519
5 0.979688 0.468519 0.040625 0.033333
4 0.641667 0.428704 0.035417 0.040741
1 0.719271 0.168056 0.020833 0.043519
8 0.446615 0.130556 0.029687 0.081481
1 0.063542 0.222222 0.033333 0.081481
1 0.080990 0.130556 0.029687 0.062963
1 0.129688 0.143519 0.025000 0.055556
1 0.141667 0.318056 0.045833 0.091667
1 0.184115 0.298148 0.039062 0.081481
1 0.268490 0.318056 0.044271 0.089815
1 0.266146 0.243519 0.032292 0.075926
1 0.303646 0.306019 0.039583 0.084259
0 0.354167 0.235648 0.037500 0.069444
1 0.304688 0.172222 0.027083 0.055556
1 0.340365 0.192130 0.027604 0.062037
2 0.332813 0.134722 0.026042 0.043519
1 0.379688 0.131019 0.019792 0.050926
2 0.404167 0.193519 0.033333 0.064815
1 0.423438 0.143056 0.023958 0.060185
0 0.446615 0.115741 0.020313 0.048148
0 0.472396 0.131019 0.023958 0.049074
8 0.467448 0.220833 0.068229 0.130556
0 0.463542 0.186574 0.030208 0.056481
0 0.450521 0.301852 0.038542 0.088889
1 0.513542 0.184722 0.026042 0.056481
1 0.524740 0.268056 0.030729 0.076852
1 0.534375 0.343056 0.040625 0.102778
1 0.578646 0.168056 0.025000 0.043519
1 0.571094 0.206019 0.024479 0.050926
1 0.545573 0.150463 0.021354 0.049074
9 0.543490 0.155556 0.038021 0.064815
0 0.622917 0.203704 0.029167 0.057407
1 0.613542 0.278241 0.032292 0.069444
1 0.622917 0.309259 0.035417 0.081481
0 0.659115 0.331019 0.048438 0.097222
1 0.742969 0.180556 0.024479 0.051852
2 0.773438 0.193981 0.021875 0.056481
1 0.794792 0.186111 0.025000 0.055556
1 0.823438 0.205556 0.022917 0.053704
1 0.889844 0.178241 0.027604 0.050926
1 0.852865 0.278241 0.027604 0.071296
6 0.841667 0.336111 0.042708 0.031481
1 0.913542 0.270833 0.033333 0.069444
1 0.917188 0.330556 0.041667 0.079630
1 0.954948 0.268056 0.030729 0.065741
8 0.952865 0.292130 0.052604 0.108333
0 0.985938 0.316667 0.027083 0.092593
