8 0.068490 0.243056 0.085938 0.130556
9 0.136198 0.149074 0.049479 0.068519
8 0.383073 0.139815 0.040104 0.066667
8 0.305990 0.169907 0.038021 0.082407
8 0.339583 0.249537 0.053125 0.143519
8 0.275260 0.352778 0.109896 0.162963
8 0.165365 0.335185 0.096354 0.181481
8 0.422917 0.156481 0.051042 0.081481
8 0.400000 0.220370 0.065625 0.103704
8 0.448437 0.262963 0.073958 0.131481
8 0.446094 0.348148 0.099479 0.183333
5 0.514844 0.443056 0.040104 0.037963
8 0.571615 0.205556 0.051562 0.077778
8 0.536719 0.345370 0.092188 0.196296
8 0.630990 0.228704 0.057813 0.109259
8 0.646615 0.370833 0.140104 0.175000
9 0.710938 0.177778 0.037500 0.053704
9 0.734375 0.190278 0.056250 0.086111
9 0.794010 0.190278 0.041146 0.073148
8 0.763542 0.215741 0.047917 0.092593
8 0.816667 0.215741 0.055208 0.088889
8 0.884115 0.189815 0.042188 0.088889
8 0.837240 0.297222 0.072396 0.125926
8 0.900260 0.345370 0.094271 0.159259
8 0.960417 0.368519 0.079167 0.212963
8 0.037240 0.159259 0.042188 0.087037
8 0.342187 0.141667 0.063542 0.094444
8 0.476042 0.223611 0.056250 0.121296
9 0.210938 0.315278 0.069792 0.128704
8 0.521615 0.188426 0.049479 0.104630
5 0.255990 0.418519 0.073438 0.033333
9 0.312240 0.316204 0.065104 0.156481
8 0.607292 0.337963 0.063542 0.131481
9 0.596615 0.288889 0.064062 0.094444
1 0.062500 0.218981 0.034375 0.076852
1 0.037760 0.151852 0.028646 0.059259
1 0.126562 0.143056 0.026042 0.056481
2 0.348438 0.121296 0.026042 0.051852
1 0.377865 0.132407 0.020313 0.051852
0 0.300521 0.158333 0.025000 0.057407
0 0.336458 0.210185 0.028125 0.055556
0 0.161719 0.293056 0.044271 0.093519
1 0.265885 0.319907 0.047396 0.097222
1 0.274219 0.193056 0.026562 0.065741
1 0.422396 0.148148 0.023958 0.057407
0 0.456771 0.118519 0.020833 0.046296
0 0.469792 0.132870 0.023958 0.043519
1 0.463542 0.196759 0.027083 0.065741
1 0.404948 0.206019 0.031771 0.065741
0 0.444271 0.237500 0.033333 0.078704
0 0.516667 0.163889 0.023958 0.055556
0 0.454688 0.298148 0.039583 0.081481
0 0.540365 0.299074 0.042188 0.092593
0 0.573438 0.193056 0.021875 0.049074
0 0.560937 0.140741 0.022917 0.051852
8 0.554167 0.162037 0.045833 0.094444
8 0.632292 0.205556 0.028125 0.061111
1 0.622917 0.315278 0.033333 0.075000
1 0.648958 0.338889 0.046875 0.105556
4 0.652083 0.430556 0.046875 0.042593
1 0.716146 0.173148 0.020833 0.042593
1 0.745313 0.176389 0.023958 0.056481
1 0.796615 0.180556 0.027604 0.055556
1 0.824740 0.203241 0.023438 0.054630
1 0.892448 0.171759 0.024479 0.050926
1 0.851823 0.273148 0.027604 0.068519
0 0.764844 0.191667 0.023438 0.046296
6 0.843490 0.334722 0.042188 0.039815
1 0.924740 0.310185 0.041146 0.087037
0 0.978646 0.311574 0.042708 0.095370
