6 0.233333 0.137500 0.030208 0.019444
1 0.247135 0.092130 0.013021 0.026852
8 0.245833 0.109259 0.039583 0.062963
6 0.386458 0.079630 0.022917 0.020370
1 0.388281 0.047685 0.016146 0.030556
8 0.391667 0.056944 0.044792 0.050926
5 0.425260 0.077778 0.023438 0.012963
5 0.537500 0.031944 0.013542 0.012037
4 0.574479 0.031019 0.013542 0.013889
5 0.675000 0.312037 0.032292 0.038889
5 0.704688 0.311111 0.040625 0.020370
1 0.717969 0.267130 0.022396 0.043519
9 0.707292 0.262963 0.061458 0.092593
5 0.899219 0.391667 0.020313 0.025926
