7 0.085938 0.785185 0.084375 0.107407
3 0.048438 0.900926 0.054167 0.038889
0 0.252344 0.687963 0.054688 0.105556
0 0.239063 0.622222 0.037500 0.044444
0 0.348438 0.625926 0.037500 0.081481
5 0.190365 0.889815 0.125521 0.061111
3 0.326042 0.757407 0.020833 0.029630
5 0.356771 0.763889 0.037500 0.035185
0 0.477865 0.619444 0.045312 0.083333
0 0.599740 0.613889 0.045312 0.081481
3 0.613021 0.748148 0.025000 0.031481
1 0.523438 0.727778 0.061458 0.129630
3 0.535417 0.853704 0.045833 0.055556
0 0.699740 0.644444 0.057813 0.100000
3 0.696615 0.861111 0.032813 0.044444
1 0.841146 0.711111 0.062500 0.105556
5 0.889844 0.863889 0.095312 0.055556
9 0.110937 0.787037 0.154167 0.203704
8 0.254167 0.753704 0.127083 0.231481
8 0.347917 0.675463 0.083333 0.163889
8 0.487240 0.668981 0.072396 0.158333
8 0.528646 0.776389 0.135417 0.212037
8 0.600260 0.660648 0.083854 0.162037
8 0.709896 0.731019 0.126042 0.262037
8 0.855990 0.760185 0.123438 0.188889
