0 0.192188 0.594444 0.068750 0.111111
3 0.139063 0.768519 0.039583 0.040741
1 0.288542 0.575000 0.041667 0.079630
0 0.339844 0.567593 0.054688 0.109259
0 0.406771 0.532407 0.045833 0.087037
1 0.566667 0.580556 0.033333 0.066667
1 0.600521 0.609259 0.050000 0.125926
4 0.582292 0.780556 0.053125 0.066667
1 0.766667 0.563889 0.041667 0.061111
0 0.806771 0.568519 0.055208 0.107407
1 0.967969 0.640741 0.060937 0.125926
9 0.556771 0.606481 0.080208 0.137037
9 0.747135 0.611111 0.085938 0.142593
8 0.187760 0.650463 0.130729 0.226852
8 0.290885 0.604167 0.063021 0.125000
8 0.340885 0.641204 0.128646 0.252778
8 0.413802 0.586574 0.079687 0.176852
8 0.596094 0.670370 0.138021 0.237037
8 0.798958 0.656944 0.145833 0.278704
8 0.942448 0.691204 0.115104 0.219444
