7 0.113542 0.755556 0.070833 0.122222
3 0.057813 0.830556 0.033333 0.040741
1 0.231771 0.605556 0.041667 0.088889
4 0.213542 0.681481 0.040625 0.037037
7 0.241667 0.740741 0.060417 0.118519
1 0.347917 0.598148 0.045833 0.092593
4 0.338542 0.684259 0.032292 0.055556
1 0.523438 0.620833 0.038542 0.080556
3 0.531771 0.701852 0.037500 0.025926
1 0.628646 0.618519 0.043750 0.081481
6 0.620313 0.693519 0.050000 0.057407
0 0.753646 0.597222 0.055208 0.118519
0 0.876563 0.624074 0.062500 0.105556
5 0.939063 0.842593 0.114583 0.062963
3 0.755990 0.829630 0.035937 0.044444
3 0.227865 0.839815 0.029687 0.027778
8 0.226823 0.629630 0.091146 0.133333
8 0.352344 0.637037 0.090104 0.161111
8 0.517969 0.643519 0.101562 0.135185
8 0.624219 0.643056 0.095312 0.132407
8 0.736198 0.683796 0.172396 0.271296
8 0.876823 0.696759 0.122396 0.243519
9 0.107292 0.731944 0.161458 0.176852
9 0.255990 0.743519 0.150521 0.207407
