1 0.139063 0.505556 0.054167 0.111111
4 0.112500 0.616667 0.100000 0.088889
0 0.267188 0.504630 0.050000 0.116667
4 0.240365 0.640741 0.046354 0.059259
2 0.369271 0.501852 0.062500 0.122222
3 0.329167 0.670370 0.035417 0.037037
0 0.439063 0.480556 0.037500 0.088889
2 0.615365 0.493519 0.048438 0.092593
0 0.708594 0.505556 0.032813 0.081481
0 0.790365 0.517593 0.042188 0.079630
0 0.757292 0.555556 0.054167 0.118519
5 0.745313 0.731481 0.091667 0.066667
8 0.146354 0.550000 0.131250 0.192593
8 0.265885 0.557407 0.116146 0.212963
8 0.388802 0.559722 0.164062 0.241667
8 0.444792 0.526852 0.061458 0.161111
8 0.601562 0.533796 0.105208 0.165741
8 0.694792 0.548148 0.075000 0.150000
8 0.738802 0.619907 0.149479 0.230556
8 0.800521 0.560185 0.068750 0.151852
