1 0.140365 0.496296 0.054688 0.111111
6 0.088542 0.627778 0.109375 0.096296
1 0.254688 0.522222 0.058333 0.111111
4 0.239063 0.645370 0.039583 0.046296
0 0.384115 0.488889 0.054688 0.105556
3 0.321875 0.677778 0.040625 0.037037
1 0.429688 0.494444 0.040625 0.088889
0 0.601042 0.488889 0.043750 0.074074
0 0.690365 0.510185 0.035937 0.075926
0 0.777344 0.520370 0.039062 0.077778
1 0.747917 0.578704 0.054167 0.116667
5 0.736719 0.743519 0.085938 0.051852
8 0.146875 0.555093 0.114583 0.213889
8 0.266146 0.577315 0.113542 0.199074
8 0.388281 0.566667 0.150521 0.251852
8 0.441667 0.530556 0.063542 0.151852
8 0.592969 0.541204 0.096354 0.171296
8 0.687240 0.557870 0.084896 0.149074
8 0.735417 0.635648 0.139583 0.217593
8 0.795573 0.568056 0.068229 0.162037
