0 0.094792 0.640741 0.075000 0.133333
3 0.044792 0.849537 0.056250 0.030556
0 0.242969 0.590741 0.048438 0.085185
0 0.345313 0.572685 0.043750 0.080556
3 0.324740 0.710648 0.029687 0.030556
7 0.197917 0.755556 0.079167 0.116667
0 0.487240 0.568519 0.042188 0.085185
1 0.510938 0.697685 0.060417 0.119444
4 0.538021 0.808333 0.041667 0.055556
0 0.607292 0.577778 0.046875 0.088889
0 0.699740 0.605556 0.060937 0.107407
3 0.694792 0.818519 0.036458 0.035185
1 0.842969 0.660648 0.064062 0.119444
5 0.885938 0.826852 0.096875 0.053704
9 0.218490 0.744444 0.149479 0.198148
8 0.105990 0.705556 0.133854 0.264815
8 0.247917 0.629167 0.086458 0.163889
8 0.346094 0.626389 0.088021 0.169444
8 0.491927 0.616667 0.099479 0.166667
9 0.532813 0.736111 0.137500 0.203704
8 0.607292 0.618056 0.100000 0.175000
8 0.709115 0.690278 0.129688 0.262037
8 0.854167 0.706944 0.135417 0.225000
