7 0.082292 0.745370 0.075000 0.124074
3 0.044792 0.845370 0.047917 0.038889
0 0.238021 0.579630 0.050000 0.059259
0 0.242188 0.663889 0.056250 0.124074
5 0.185938 0.842593 0.118750 0.055556
0 0.347396 0.577778 0.041667 0.074074
3 0.328125 0.709259 0.028125 0.031481
0 0.482292 0.568519 0.035417 0.085185
0 0.594792 0.568519 0.038542 0.087037
3 0.609115 0.704630 0.023438 0.031481
1 0.527865 0.693519 0.063021 0.112963
4 0.535417 0.805556 0.061458 0.062963
0 0.704167 0.612037 0.052083 0.105556
3 0.698438 0.818519 0.033333 0.038889
1 0.835417 0.675926 0.060417 0.111111
5 0.887240 0.818519 0.095312 0.074074
9 0.105469 0.736574 0.148438 0.210185
8 0.234115 0.717593 0.133854 0.242593
8 0.246875 0.605556 0.081250 0.114815
8 0.343229 0.625926 0.088542 0.164815
8 0.476042 0.618981 0.093750 0.169444
8 0.533594 0.734722 0.141146 0.219444
8 0.598958 0.618056 0.086458 0.184259
8 0.709115 0.693056 0.129688 0.262037
8 0.852865 0.718519 0.128646 0.203704
