7 0.084115 0.735648 0.073438 0.106481
3 0.044792 0.845370 0.050000 0.037037
0 0.243490 0.655556 0.056771 0.111111
5 0.194271 0.840741 0.104167 0.051852
0 0.238021 0.575926 0.041667 0.048148
0 0.347396 0.578704 0.043750 0.072222
3 0.324740 0.709722 0.020313 0.030556
5 0.355469 0.711574 0.039062 0.030556
0 0.485938 0.573611 0.045833 0.080556
0 0.597917 0.580556 0.045833 0.090741
3 0.612240 0.705556 0.020313 0.033333
1 0.525521 0.685648 0.058333 0.119444
4 0.538021 0.805556 0.058333 0.059259
0 0.705469 0.606481 0.057813 0.100000
3 0.697917 0.819444 0.025000 0.040741
1 0.840365 0.673611 0.060937 0.106481
5 0.888542 0.821296 0.093750 0.048148
9 0.105469 0.738426 0.144271 0.206481
8 0.238542 0.718056 0.120833 0.226852
8 0.246094 0.625000 0.086979 0.144444
8 0.346094 0.627315 0.082812 0.160185
8 0.483594 0.620833 0.106771 0.163889
8 0.532292 0.731944 0.138542 0.191667
8 0.599740 0.619444 0.081771 0.155556
8 0.709115 0.689815 0.121354 0.251852
8 0.855990 0.719444 0.120313 0.187037
