7 0.088542 0.785185 0.072917 0.118519
3 0.047396 0.899074 0.050000 0.044444
0 0.238542 0.696296 0.062500 0.114815
0 0.238542 0.623148 0.042708 0.055556
5 0.188542 0.885185 0.122917 0.062963
0 0.348438 0.624074 0.037500 0.070370
3 0.326042 0.762037 0.020833 0.031481
5 0.357292 0.762037 0.038542 0.031481
0 0.479167 0.623148 0.041667 0.079630
0 0.597396 0.617593 0.042708 0.087037
3 0.613542 0.748148 0.023958 0.029630
1 0.519792 0.718519 0.058333 0.114815
4 0.526563 0.847222 0.039583 0.068519
0 0.702083 0.646296 0.055208 0.111111
3 0.698438 0.860185 0.029167 0.042593
1 0.838542 0.711111 0.059375 0.118519
5 0.888542 0.862037 0.098958 0.057407
9 0.109115 0.790278 0.141146 0.200926
8 0.238021 0.766667 0.120833 0.225926
8 0.248698 0.676852 0.088021 0.146296
8 0.348958 0.674537 0.081250 0.158333
8 0.484635 0.669444 0.063021 0.157407
8 0.529167 0.772222 0.131250 0.205556
8 0.601042 0.664352 0.079167 0.162037
8 0.709896 0.731019 0.122917 0.254630
8 0.857292 0.760648 0.127083 0.182407
