1 0.099740 0.538889 0.060937 0.122222
6 0.092188 0.640741 0.108333 0.074074
1 0.244792 0.530556 0.060417 0.112963
4 0.212240 0.651852 0.042188 0.062963
0 0.384115 0.480556 0.057813 0.105556
3 0.322917 0.679630 0.041667 0.029630
2 0.426563 0.481481 0.037500 0.075926
2 0.606771 0.492593 0.045833 0.074074
1 0.694271 0.535648 0.044792 0.080556
1 0.794792 0.543519 0.044792 0.096296
0 0.738542 0.553704 0.058333 0.103704
5 0.742188 0.740741 0.093750 0.051852
9 0.134115 0.574074 0.126562 0.172222
8 0.254948 0.577315 0.127604 0.191667
8 0.384896 0.559259 0.140625 0.261111
8 0.449219 0.534259 0.063021 0.150000
8 0.589063 0.543519 0.093750 0.172222
8 0.686198 0.565278 0.083854 0.136111
8 0.730990 0.618981 0.135937 0.232407
8 0.794792 0.578704 0.063542 0.155556
