1 0.149740 0.655556 0.042188 0.074074
4 0.126042 0.721759 0.053125 0.043519
7 0.227865 0.693519 0.054688 0.085185
7 0.304688 0.689815 0.047917 0.090741
1 0.393750 0.620370 0.040625 0.087037
6 0.374219 0.719444 0.076563 0.051852
1 0.566667 0.654630 0.043750 0.075926
4 0.569792 0.720370 0.040625 0.038889
1 0.757292 0.612500 0.045833 0.093519
4 0.765365 0.703704 0.054688 0.044444
1 0.689063 0.693519 0.062500 0.138889
4 0.696615 0.840741 0.073438 0.066667
7 0.876563 0.777778 0.087500 0.122222
9 0.148438 0.681944 0.098958 0.125000
8 0.399479 0.657870 0.088542 0.165741
8 0.685417 0.742593 0.163542 0.246296
8 0.760417 0.643981 0.092708 0.162037
9 0.229167 0.683796 0.103125 0.123148
9 0.310417 0.692130 0.089583 0.102778
9 0.560156 0.680093 0.103646 0.121296
9 0.866146 0.777778 0.157292 0.187037
