1 0.151042 0.655556 0.037500 0.074074
4 0.128646 0.724537 0.052083 0.043519
7 0.226042 0.693519 0.047917 0.083333
7 0.302865 0.690741 0.050521 0.081481
1 0.392188 0.619444 0.041667 0.088889
6 0.378125 0.726852 0.071875 0.061111
1 0.568490 0.655556 0.042188 0.066667
4 0.566667 0.724537 0.040625 0.043519
1 0.758594 0.618519 0.042188 0.075926
4 0.759115 0.693519 0.051562 0.048148
7 0.876563 0.777778 0.087500 0.122222
1 0.688021 0.685648 0.058333 0.130556
4 0.696615 0.832407 0.082812 0.062963
3 0.857812 0.862963 0.058333 0.037037
9 0.150000 0.681481 0.096875 0.124074
8 0.400521 0.661574 0.088542 0.156481
8 0.685417 0.748611 0.158333 0.243519
8 0.760417 0.652778 0.093750 0.148148
9 0.232813 0.681481 0.102083 0.120370
9 0.311719 0.693519 0.089063 0.090741
9 0.559375 0.681481 0.104167 0.114815
9 0.862500 0.768981 0.153125 0.193519
