8 0.068490 0.243056 0.085938 0.130556
9 0.137240 0.150463 0.048438 0.069444
8 0.381771 0.133796 0.032292 0.071296
8 0.304167 0.166667 0.039583 0.074074
8 0.339062 0.247222 0.058333 0.138889
8 0.274219 0.344907 0.108854 0.176852
8 0.165365 0.336574 0.097396 0.180556
8 0.425521 0.156019 0.039583 0.078704
8 0.397396 0.210648 0.064583 0.119444
9 0.447917 0.270833 0.073958 0.128704
8 0.447917 0.346759 0.103125 0.189815
5 0.514844 0.443056 0.040104 0.037963
8 0.571615 0.206481 0.051562 0.077778
8 0.537240 0.350926 0.091146 0.181481
8 0.632292 0.228704 0.055208 0.105556
8 0.647917 0.363426 0.133333 0.187963
9 0.710938 0.177778 0.037500 0.053704
9 0.735938 0.190741 0.051042 0.085185
8 0.763542 0.215741 0.047917 0.092593
9 0.814063 0.222685 0.050000 0.080556
8 0.884115 0.189815 0.042188 0.088889
8 0.838021 0.293519 0.069792 0.124074
8 0.903646 0.349537 0.080208 0.134259
8 0.035417 0.156944 0.045833 0.087963
8 0.344792 0.144907 0.065625 0.091667
8 0.477865 0.223148 0.055729 0.118519
8 0.215885 0.295833 0.083854 0.156481
8 0.521615 0.187963 0.049479 0.100000
5 0.255990 0.418519 0.073438 0.033333
9 0.312240 0.316204 0.065104 0.156481
9 0.600521 0.291204 0.063542 0.093519
8 0.554167 0.163889 0.042708 0.098148
8 0.059896 0.180556 0.077083 0.103704
9 0.796094 0.188889 0.038021 0.074074
1 0.065365 0.219444 0.031771 0.079630
1 0.128385 0.143056 0.024479 0.056481
0 0.065365 0.157870 0.029687 0.054630
0 0.043490 0.143519 0.028646 0.055556
2 0.354167 0.126852 0.026042 0.050000
1 0.376042 0.125926 0.017708 0.055556
0 0.299740 0.157407 0.025521 0.055556
0 0.337240 0.210185 0.029687 0.057407
0 0.297396 0.225463 0.037500 0.056481
1 0.273438 0.200926 0.027083 0.066667
7 0.309115 0.311111 0.039062 0.090741
0 0.273958 0.299537 0.043750 0.082407
0 0.156510 0.294444 0.043229 0.092593
1 0.210938 0.265278 0.039583 0.091667
1 0.422917 0.148148 0.023958 0.057407
0 0.451042 0.116204 0.023958 0.047222
0 0.478646 0.139352 0.022917 0.049074
8 0.482292 0.161574 0.031250 0.095370
1 0.464062 0.196296 0.026042 0.064815
0 0.399740 0.180556 0.029687 0.059259
1 0.444271 0.243056 0.035417 0.073148
0 0.446615 0.297685 0.042188 0.082407
0 0.514583 0.162963 0.026042 0.055556
0 0.559115 0.140741 0.023438 0.048148
0 0.576042 0.195833 0.023958 0.049074
0 0.626823 0.206019 0.025521 0.058333
0 0.538542 0.314352 0.043750 0.102778
0 0.630469 0.318519 0.047396 0.100000
4 0.652865 0.425926 0.048438 0.050000
1 0.717969 0.172685 0.017188 0.043519
1 0.745573 0.176852 0.025521 0.053704
1 0.792188 0.180556 0.026042 0.055556
0 0.768750 0.193981 0.025000 0.049074
2 0.817448 0.206944 0.028646 0.049074
1 0.892188 0.171759 0.025000 0.050926
2 0.853385 0.270370 0.031771 0.070370
1 0.905469 0.271296 0.039062 0.072222
1 0.918490 0.325463 0.041146 0.082407
