8 0.069271 0.247222 0.092708 0.131481
8 0.055990 0.181481 0.079687 0.100000
8 0.091146 0.168056 0.058333 0.102778
8 0.135417 0.143519 0.048958 0.074074
8 0.161719 0.331481 0.103646 0.181481
8 0.277344 0.355556 0.116146 0.159259
9 0.209115 0.318519 0.064062 0.114815
9 0.321615 0.314352 0.097396 0.152778
9 0.251563 0.254167 0.069792 0.112037
8 0.345573 0.248148 0.058854 0.144444
8 0.304688 0.181019 0.042708 0.084259
9 0.399740 0.223148 0.059896 0.092593
8 0.338542 0.143056 0.051042 0.100926
8 0.379167 0.146759 0.042708 0.056481
8 0.421875 0.157407 0.056250 0.087037
8 0.474219 0.167593 0.045312 0.100000
8 0.473698 0.220833 0.059896 0.125000
8 0.447917 0.268056 0.076042 0.126852
8 0.523698 0.191204 0.050521 0.093519
8 0.627865 0.228704 0.057813 0.105556
9 0.568490 0.177778 0.053646 0.070370
9 0.567969 0.212037 0.047396 0.068519
8 0.439063 0.349074 0.109375 0.194444
8 0.538542 0.356019 0.096875 0.178704
8 0.646094 0.368519 0.138021 0.172222
8 0.605990 0.331019 0.070312 0.130556
9 0.516667 0.281019 0.060417 0.100926
5 0.259115 0.426852 0.069271 0.035185
5 0.513542 0.443056 0.037500 0.032407
9 0.710417 0.176389 0.036458 0.052778
9 0.743750 0.187500 0.059375 0.075000
8 0.768750 0.213889 0.050000 0.088889
8 0.815365 0.218056 0.051562 0.084259
8 0.881771 0.191204 0.050000 0.087963
9 0.838542 0.303704 0.080208 0.116667
8 0.893490 0.355093 0.093229 0.134259
8 0.954688 0.368519 0.090625 0.218519
9 0.597917 0.291204 0.066667 0.095370
1 0.794792 0.185648 0.022917 0.056481
1 0.060417 0.224537 0.035417 0.080556
1 0.046615 0.167593 0.030729 0.062963
1 0.076563 0.152315 0.027083 0.065741
1 0.127865 0.138889 0.023438 0.055556
0 0.344792 0.118519 0.023958 0.050000
1 0.301042 0.172222 0.026042 0.055556
1 0.372917 0.143056 0.019792 0.050926
1 0.265365 0.236574 0.036979 0.080556
1 0.202865 0.306019 0.036979 0.080556
0 0.149219 0.287037 0.043229 0.092593
1 0.268490 0.322222 0.044271 0.094444
1 0.296615 0.293519 0.042188 0.090741
0 0.340625 0.211111 0.031250 0.059259
1 0.391146 0.212963 0.030208 0.068519
1 0.429167 0.144444 0.026042 0.059259
0 0.423438 0.106019 0.023958 0.045370
1 0.473698 0.143056 0.022396 0.056481
0 0.439844 0.243519 0.032813 0.075926
1 0.468490 0.193519 0.028646 0.062963
1 0.524219 0.176389 0.026562 0.060185
0 0.460938 0.293056 0.038542 0.084259
4 0.404167 0.429630 0.029167 0.046296
1 0.529167 0.268056 0.033333 0.076852
1 0.565625 0.205556 0.025000 0.053704
1 0.581771 0.178704 0.026042 0.051852
1 0.543490 0.154630 0.022396 0.050000
0 0.625521 0.205556 0.026042 0.061111
1 0.613542 0.280093 0.033333 0.071296
0 0.543490 0.315741 0.043229 0.096296
1 0.622917 0.309722 0.033333 0.080556
1 0.651042 0.335648 0.047917 0.104630
4 0.654167 0.424074 0.055208 0.053704
1 0.718490 0.171759 0.017188 0.043519
2 0.759115 0.178704 0.024479 0.055556
1 0.823438 0.205556 0.022917 0.053704
0 0.776563 0.193519 0.023958 0.050000
1 0.893490 0.175926 0.026562 0.055556
1 0.862240 0.281481 0.028646 0.074074
1 0.909115 0.280556 0.036979 0.075926
1 0.919792 0.331019 0.040625 0.080556
6 0.851042 0.339815 0.042708 0.025926
5 0.979167 0.468519 0.039583 0.029630
