1 0.139844 0.505556 0.057813 0.111111
6 0.097396 0.620370 0.083333 0.088889
2 0.266146 0.506481 0.060417 0.112963
4 0.243490 0.643519 0.051562 0.059259
2 0.371615 0.503704 0.057813 0.118519
3 0.330990 0.679630 0.034896 0.037037
0 0.440365 0.486111 0.042188 0.083333
2 0.620313 0.493519 0.047917 0.094444
0 0.709896 0.513889 0.035417 0.081481
0 0.792188 0.517593 0.041667 0.090741
0 0.759115 0.564815 0.054688 0.114815
5 0.747396 0.732407 0.096875 0.057407
8 0.145052 0.553704 0.140104 0.192593
8 0.271354 0.563426 0.109375 0.210185
8 0.379167 0.564815 0.186458 0.235185
8 0.443490 0.530556 0.066146 0.155556
8 0.602344 0.537500 0.104688 0.167593
8 0.698438 0.551852 0.085417 0.138889
8 0.743229 0.628241 0.138542 0.228704
8 0.804167 0.564352 0.065625 0.156481
