0 0.573438 0.419907 0.027083 0.056481
1 0.009896 0.381019 0.018750 0.047222
9 0.020313 0.390741 0.039583 0.074074
1 0.072135 0.356019 0.021354 0.045370
8 0.078646 0.359722 0.038542 0.056481
1 0.113021 0.430556 0.025000 0.046296
9 0.109115 0.434722 0.074479 0.080556
0 0.163542 0.343056 0.023958 0.045370
8 0.175521 0.376852 0.058333 0.111111
1 0.113021 0.355093 0.018750 0.032407
1 0.122917 0.381019 0.022917 0.036111
9 0.121615 0.393519 0.058854 0.064815
9 0.113542 0.360185 0.044792 0.055556
2 0.146615 0.320833 0.020313 0.041667
1 0.183073 0.321759 0.021354 0.043519
8 0.193490 0.330556 0.041146 0.062963
1 0.215104 0.310648 0.018750 0.041667
8 0.219792 0.315278 0.035417 0.050926
1 0.272656 0.412500 0.028646 0.063889
8 0.259115 0.430093 0.060937 0.104630
0 0.304688 0.418519 0.029167 0.053704
8 0.305990 0.455556 0.074479 0.124074
5 0.172917 0.429630 0.026042 0.016667
1 0.308333 0.349074 0.020833 0.044444
8 0.307292 0.361574 0.048958 0.069444
0 0.333854 0.318519 0.018750 0.042593
8 0.334896 0.331019 0.033333 0.062037
2 0.351042 0.306481 0.017708 0.040741
8 0.355469 0.315741 0.032813 0.059259
1 0.393750 0.299537 0.015625 0.034259
8 0.392188 0.303704 0.033333 0.042593
0 0.416667 0.293056 0.015625 0.034259
4 0.416667 0.318056 0.014583 0.030556
8 0.416667 0.307407 0.039583 0.068519
0 0.446615 0.314352 0.018229 0.036111
8 0.446615 0.331019 0.044271 0.082407
0 0.489844 0.316204 0.017188 0.034259
8 0.490365 0.331019 0.034896 0.073148
0 0.347917 0.362037 0.019792 0.044444
8 0.346615 0.382407 0.066146 0.094444
1 0.361719 0.414815 0.029687 0.053704
8 0.367969 0.430556 0.077604 0.098148
1 0.401823 0.359259 0.018229 0.044444
9 0.405990 0.365741 0.047396 0.059259
1 0.526563 0.335185 0.011458 0.031481
8 0.526563 0.343519 0.040625 0.059259
1 0.519792 0.305556 0.015625 0.035185
8 0.514844 0.316667 0.032813 0.059259
0 0.538542 0.293056 0.014583 0.032407
8 0.542188 0.303241 0.028125 0.054630
0 0.440365 0.368519 0.019271 0.048148
8 0.441667 0.393056 0.057292 0.091667
0 0.438542 0.423148 0.027083 0.055556
8 0.432292 0.464815 0.084375 0.137037
0 0.499740 0.418519 0.029687 0.059259
8 0.504167 0.456481 0.077083 0.138889
8 0.577344 0.456019 0.078646 0.128704
1 0.553385 0.386574 0.023438 0.056481
8 0.541667 0.400926 0.044792 0.087037
0 0.579427 0.346759 0.019271 0.043519
8 0.579688 0.363889 0.036458 0.077778
6 0.426563 0.496759 0.033333 0.043519
1 0.831771 0.428704 0.028125 0.070370
8 0.813021 0.463889 0.071875 0.138889
6 0.814844 0.523611 0.042188 0.030556
0 0.894271 0.472222 0.038542 0.068519
8 0.888542 0.507407 0.087500 0.144444
6 0.897396 0.573148 0.060417 0.044444
2 0.924740 0.454167 0.035937 0.075000
8 0.945573 0.498148 0.084896 0.168519
0 0.773438 0.405556 0.023958 0.046296
8 0.762240 0.437037 0.052604 0.118519
0 0.811198 0.402315 0.021354 0.047222
0 0.830990 0.381019 0.021354 0.032407
1 0.731771 0.398148 0.020833 0.044444
8 0.716146 0.412500 0.057292 0.080556
1 0.747917 0.322685 0.017708 0.041667
8 0.741146 0.330556 0.030208 0.057407
0 0.668490 0.330556 0.014063 0.031481
8 0.665365 0.348148 0.047396 0.068519
1 0.707552 0.347685 0.019271 0.039815
9 0.704688 0.353704 0.033333 0.051852
2 0.641146 0.312963 0.016667 0.037037
8 0.633594 0.330093 0.039062 0.065741
