7 0.089063 0.787963 0.071875 0.094444
3 0.047917 0.901852 0.048958 0.040741
0 0.239063 0.699074 0.062500 0.109259
0 0.238542 0.620370 0.042708 0.059259
5 0.191146 0.890741 0.123958 0.059259
0 0.345313 0.622222 0.041667 0.081481
3 0.327344 0.758333 0.026562 0.024074
5 0.358594 0.758333 0.032813 0.024074
0 0.481771 0.621296 0.037500 0.075926
0 0.598958 0.615741 0.038542 0.087037
3 0.613542 0.748148 0.027083 0.029630
1 0.517188 0.723148 0.056250 0.120370
4 0.526563 0.855556 0.037500 0.066667
0 0.698438 0.651852 0.055208 0.103704
3 0.696094 0.856481 0.032813 0.038889
1 0.841667 0.714815 0.062500 0.111111
5 0.889844 0.863889 0.092188 0.055556
9 0.108073 0.790741 0.140104 0.203704
8 0.238542 0.766667 0.120833 0.225926
8 0.248438 0.673611 0.089583 0.143519
8 0.347656 0.674074 0.078646 0.161111
8 0.486198 0.670833 0.068229 0.160185
8 0.529687 0.773148 0.133333 0.200000
8 0.602344 0.659259 0.082812 0.159259
8 0.711198 0.731481 0.121354 0.257407
8 0.857292 0.758333 0.125000 0.187037
