7 0.088021 0.788889 0.070833 0.111111
3 0.048438 0.901852 0.054167 0.025926
0 0.240365 0.694444 0.054688 0.109259
0 0.239063 0.619444 0.035417 0.051852
5 0.191146 0.886574 0.118750 0.056481
0 0.348438 0.619444 0.041667 0.074074
3 0.326042 0.756481 0.022917 0.029630
5 0.357292 0.755556 0.036458 0.031481
0 0.478125 0.621296 0.043750 0.074074
0 0.597917 0.611574 0.041667 0.082407
3 0.615625 0.747685 0.028125 0.030556
0 0.701562 0.646759 0.055208 0.106481
1 0.517188 0.724537 0.056250 0.119444
4 0.526563 0.852778 0.039583 0.075926
3 0.697917 0.866667 0.029167 0.044444
1 0.838021 0.716667 0.058333 0.114815
5 0.888542 0.857407 0.087500 0.061111
8 0.858073 0.760648 0.127604 0.180556
8 0.710938 0.729167 0.123958 0.254630
8 0.601042 0.657407 0.079167 0.161111
8 0.527865 0.774537 0.131771 0.206481
8 0.487760 0.668519 0.072396 0.164815
8 0.347135 0.675463 0.085938 0.158333
8 0.238542 0.766204 0.123958 0.230556
8 0.248438 0.675000 0.086458 0.150000
9 0.108594 0.787037 0.139063 0.203704
