8 0.065365 0.242593 0.079687 0.120370
8 0.095573 0.167593 0.055729 0.103704
9 0.137240 0.152778 0.048438 0.075926
8 0.145573 0.337963 0.127604 0.175926
8 0.277865 0.355556 0.114062 0.155556
9 0.250521 0.256019 0.072917 0.100926
8 0.319792 0.294907 0.078125 0.169444
8 0.304688 0.170370 0.040625 0.094444
8 0.379688 0.131481 0.044792 0.075926
9 0.395313 0.223148 0.067708 0.092593
8 0.419792 0.156019 0.055208 0.082407
8 0.444792 0.130556 0.029167 0.079630
8 0.463542 0.218056 0.068750 0.132407
9 0.447396 0.281019 0.072917 0.102778
8 0.446615 0.343519 0.090104 0.183333
8 0.534896 0.343981 0.091667 0.187963
9 0.517188 0.200463 0.047917 0.069444
8 0.569792 0.166667 0.065625 0.094444
8 0.564063 0.206481 0.046875 0.079630
8 0.637240 0.231019 0.057813 0.106481
9 0.597917 0.293519 0.068750 0.094444
8 0.640365 0.372222 0.133854 0.168519
4 0.643490 0.430556 0.052604 0.038889
9 0.734115 0.193056 0.059896 0.076852
8 0.765365 0.217130 0.052604 0.089815
8 0.815365 0.206481 0.056771 0.098148
8 0.882292 0.184722 0.043750 0.093519
8 0.834115 0.299074 0.073438 0.118519
8 0.894792 0.339815 0.081250 0.161111
8 0.955469 0.288426 0.051562 0.113889
5 0.259896 0.426852 0.069792 0.035185
5 0.515365 0.443056 0.038021 0.032407
5 0.978646 0.468519 0.042708 0.031481
8 0.338542 0.248148 0.047917 0.144444
8 0.944792 0.372222 0.108333 0.194444
8 0.702865 0.176389 0.042188 0.099074
8 0.327344 0.143519 0.035937 0.077778
8 0.341667 0.134259 0.029167 0.081481
8 0.057813 0.192130 0.076042 0.099074
9 0.215365 0.318056 0.073438 0.113889
8 0.543490 0.155556 0.040104 0.072222
1 0.065365 0.222685 0.032813 0.069444
1 0.054688 0.174074 0.029167 0.055556
1 0.080990 0.143981 0.026562 0.062037
1 0.129167 0.143056 0.026042 0.054630
0 0.162240 0.293519 0.043229 0.090741
1 0.267969 0.322685 0.042188 0.082407
1 0.309115 0.259722 0.041146 0.093519
1 0.267448 0.243056 0.033854 0.075000
0 0.333594 0.211111 0.029687 0.055556
0 0.301563 0.155556 0.026042 0.057407
0 0.321615 0.131019 0.020313 0.052778
1 0.337240 0.118519 0.020313 0.050000
2 0.372917 0.124074 0.020833 0.050000
1 0.398438 0.216667 0.028125 0.066667
1 0.424219 0.143056 0.023438 0.056481
0 0.440365 0.116667 0.020313 0.046296
0 0.465365 0.180556 0.027604 0.055556
0 0.455990 0.294907 0.036979 0.087963
0 0.535417 0.298148 0.038542 0.092593
1 0.517969 0.193056 0.023438 0.054630
1 0.574740 0.145833 0.023438 0.056481
1 0.546615 0.143981 0.021354 0.049074
0 0.568490 0.194907 0.023438 0.049074
0 0.636198 0.206019 0.027604 0.058333
1 0.644271 0.340741 0.044792 0.107407
1 0.711198 0.148148 0.018229 0.044444
2 0.751563 0.180556 0.025000 0.051852
1 0.772396 0.196296 0.021875 0.050000
1 0.817969 0.188426 0.024479 0.056481
1 0.801042 0.177778 0.023958 0.053704
1 0.852865 0.275000 0.029687 0.068519
0 0.891667 0.164352 0.022917 0.047222
0 0.907813 0.295833 0.039583 0.076852
0 0.954167 0.261111 0.029167 0.055556
1 0.988021 0.328704 0.023958 0.100000
