1 0.154688 0.654630 0.045833 0.075926
4 0.126042 0.715741 0.045833 0.042593
7 0.231250 0.693519 0.050000 0.092593
7 0.307292 0.698611 0.052083 0.071296
1 0.398438 0.618519 0.045833 0.081481
6 0.372396 0.729630 0.064583 0.051852
1 0.569792 0.657407 0.044792 0.061111
4 0.573438 0.717593 0.044792 0.042593
7 0.767188 0.680556 0.057292 0.088889
7 0.882292 0.780556 0.069792 0.111111
3 0.859115 0.856481 0.051562 0.029630
1 0.691146 0.681481 0.065625 0.131481
4 0.694271 0.825926 0.062500 0.074074
9 0.152865 0.676852 0.099479 0.127778
8 0.397135 0.659259 0.095312 0.155556
8 0.684896 0.742593 0.157292 0.250000
9 0.232292 0.685185 0.101042 0.118519
9 0.310417 0.693056 0.087500 0.086111
9 0.558594 0.682870 0.105729 0.112037
9 0.763021 0.661574 0.090625 0.130556
9 0.861719 0.768519 0.147396 0.185185
