7 0.116667 0.757407 0.070833 0.116667
3 0.057813 0.830556 0.030208 0.048148
1 0.232292 0.605556 0.044792 0.088889
4 0.213542 0.690741 0.039583 0.040741
7 0.239063 0.739815 0.062500 0.120370
1 0.348438 0.601852 0.050000 0.085185
4 0.341667 0.681481 0.041667 0.057407
1 0.523438 0.619444 0.043750 0.074074
3 0.527865 0.705556 0.035937 0.035185
1 0.630469 0.618519 0.048438 0.081481
6 0.622917 0.693519 0.056250 0.059259
0 0.756250 0.599537 0.059375 0.119444
3 0.753646 0.827778 0.037500 0.048148
0 0.872917 0.618519 0.054167 0.107407
5 0.941667 0.843519 0.116667 0.055556
9 0.110937 0.738889 0.162500 0.185185
9 0.257031 0.750463 0.143229 0.197222
8 0.234115 0.638889 0.107813 0.148148
8 0.352344 0.638426 0.098437 0.162037
8 0.517969 0.644907 0.108854 0.130556
8 0.626042 0.643056 0.110417 0.119444
8 0.737240 0.691204 0.176563 0.269444
8 0.876042 0.704167 0.126042 0.249074
