8 0.069792 0.241667 0.082292 0.124074
8 0.091667 0.165278 0.055208 0.113889
8 0.134115 0.143056 0.057813 0.080556
8 0.378646 0.132870 0.050000 0.073148
8 0.305990 0.175926 0.039062 0.094444
8 0.260417 0.248611 0.072917 0.143519
8 0.329167 0.243056 0.058333 0.113889
9 0.317969 0.312500 0.088021 0.130556
9 0.263542 0.368056 0.127083 0.137963
8 0.162240 0.341667 0.100521 0.166667
8 0.419792 0.155556 0.054167 0.083333
8 0.397917 0.218981 0.060417 0.093519
9 0.447917 0.261111 0.076042 0.131481
8 0.443490 0.345370 0.101562 0.194444
5 0.514844 0.443056 0.040104 0.037963
8 0.518490 0.181481 0.048438 0.105556
8 0.572396 0.203241 0.055208 0.087963
8 0.524219 0.256944 0.067187 0.137963
8 0.538542 0.355556 0.096875 0.179630
8 0.646615 0.230556 0.057813 0.114815
8 0.635938 0.370370 0.101042 0.151852
9 0.709115 0.179167 0.039062 0.058333
9 0.732292 0.193056 0.059375 0.082407
9 0.796094 0.191667 0.044271 0.064815
8 0.763542 0.218519 0.052083 0.092593
8 0.816146 0.218519 0.055208 0.092593
8 0.884896 0.189815 0.043750 0.090741
8 0.864844 0.248611 0.040104 0.093519
8 0.836719 0.293056 0.064062 0.123148
8 0.894792 0.293519 0.053125 0.109259
8 0.905990 0.343981 0.084896 0.147222
8 0.954167 0.358333 0.091667 0.214815
8 0.548438 0.154167 0.041667 0.071296
1 0.063542 0.218981 0.032292 0.075000
0 0.051042 0.161574 0.028125 0.058333
1 0.079167 0.140741 0.027083 0.062963
1 0.127865 0.130556 0.023438 0.059259
8 0.327865 0.143519 0.036979 0.085185
1 0.324740 0.130556 0.021354 0.055556
1 0.379948 0.125000 0.019271 0.055556
0 0.299740 0.156944 0.024479 0.054630
0 0.332813 0.215741 0.029167 0.057407
2 0.266146 0.218056 0.034375 0.076852
1 0.316667 0.305556 0.038542 0.087037
1 0.242188 0.349537 0.045833 0.093519
1 0.157292 0.306944 0.045833 0.100926
0 0.455990 0.292593 0.040104 0.079630
1 0.543490 0.325000 0.042188 0.105556
1 0.636198 0.346759 0.043229 0.093519
1 0.526563 0.229630 0.033333 0.075926
1 0.388021 0.210648 0.032292 0.069444
0 0.444271 0.231019 0.034375 0.073148
1 0.422917 0.143981 0.023958 0.056481
0 0.454688 0.186111 0.026042 0.059259
6 0.482292 0.233333 0.039583 0.044444
0 0.458073 0.126852 0.019271 0.048148
0 0.471875 0.130556 0.021875 0.044444
8 0.474740 0.214815 0.066146 0.122222
0 0.519792 0.159722 0.023958 0.056481
1 0.551042 0.143519 0.019792 0.050000
2 0.576042 0.186111 0.027083 0.055556
0 0.651563 0.206019 0.029167 0.063889
1 0.717448 0.170833 0.019271 0.041667
2 0.746615 0.177778 0.026562 0.051852
1 0.801042 0.186111 0.027083 0.053704
1 0.824219 0.202315 0.025521 0.050926
1 0.866146 0.231019 0.028125 0.054630
1 0.892448 0.170833 0.024479 0.052778
0 0.769792 0.196759 0.023958 0.050926
0 0.838021 0.264815 0.029167 0.059259
1 0.924740 0.315278 0.041146 0.080556
