7 0.082292 0.743519 0.072917 0.111111
3 0.044792 0.843519 0.047917 0.042593
0 0.235417 0.580556 0.045833 0.072222
0 0.238542 0.650926 0.057292 0.124074
0 0.347917 0.573611 0.042708 0.080556
3 0.326042 0.705556 0.023958 0.033333
5 0.188542 0.843519 0.118750 0.061111
0 0.482292 0.572685 0.041667 0.080556
0 0.595313 0.573611 0.043750 0.093519
1 0.529167 0.692593 0.060417 0.118519
3 0.610938 0.703704 0.028125 0.029630
4 0.535417 0.805556 0.054167 0.062963
0 0.703125 0.605556 0.053125 0.103704
3 0.697396 0.819907 0.031250 0.043519
1 0.834375 0.678704 0.062500 0.116667
5 0.884896 0.819444 0.091667 0.062963
9 0.104688 0.736111 0.146875 0.218519
8 0.246615 0.606019 0.075521 0.125000
8 0.233594 0.718056 0.138021 0.234259
8 0.346094 0.626389 0.086979 0.171296
8 0.479167 0.621759 0.098958 0.171296
8 0.533073 0.730556 0.141146 0.207407
8 0.599740 0.618519 0.085938 0.170370
8 0.707292 0.692593 0.129167 0.264815
8 0.851042 0.718519 0.128125 0.200000
