1 0.150521 0.630556 0.040625 0.088889
4 0.137500 0.703704 0.046875 0.044444
0 0.235417 0.593519 0.043750 0.088889
4 0.213021 0.705556 0.050000 0.057407
2 0.326042 0.580556 0.043750 0.079630
3 0.291667 0.718519 0.023958 0.037037
1 0.394271 0.612037 0.053125 0.081481
6 0.375521 0.714815 0.088542 0.051852
2 0.580469 0.593519 0.048438 0.083333
4 0.569792 0.700926 0.028125 0.038889
0 0.694792 0.572222 0.039583 0.094444
4 0.667188 0.680556 0.058333 0.061111
1 0.784896 0.593519 0.047917 0.090741
4 0.792188 0.693519 0.054167 0.055556
2 0.851042 0.641667 0.075000 0.124074
4 0.866146 0.819444 0.097917 0.061111
9 0.152865 0.657407 0.099479 0.129630
8 0.234115 0.643519 0.105729 0.172222
8 0.322917 0.630556 0.082292 0.166667
8 0.400521 0.650463 0.105208 0.162037
8 0.573958 0.642593 0.113542 0.159259
8 0.681771 0.625000 0.100000 0.187037
8 0.785417 0.640741 0.094792 0.157407
8 0.887240 0.718519 0.195312 0.270370
