0 0.951042 0.452778 0.033333 0.066667
8 0.946615 0.493519 0.075521 0.172222
0 0.893490 0.472685 0.035937 0.080556
8 0.884115 0.507870 0.080729 0.152778
6 0.896615 0.568056 0.055729 0.041667
0 0.825521 0.417593 0.029167 0.055556
8 0.815365 0.456019 0.077604 0.136111
5 0.809115 0.528241 0.034896 0.021296
1 0.871094 0.449537 0.029687 0.069444
0 0.774740 0.405093 0.022396 0.043519
8 0.762240 0.432870 0.053646 0.112037
0 0.804167 0.376852 0.017708 0.040741
8 0.799740 0.393519 0.034896 0.085185
1 0.746094 0.321759 0.017188 0.039815
8 0.741146 0.329630 0.031250 0.057407
1 0.727865 0.393056 0.023438 0.050926
8 0.712240 0.406944 0.052604 0.080556
1 0.706771 0.343056 0.017708 0.041667
9 0.702865 0.353241 0.031771 0.056481
0 0.666667 0.330093 0.013542 0.026852
8 0.665365 0.343056 0.043229 0.063889
1 0.677865 0.323611 0.014063 0.030556
0 0.635938 0.311574 0.013542 0.030556
4 0.638542 0.343519 0.023958 0.022222
8 0.634115 0.326389 0.038021 0.062037
0 0.573438 0.418056 0.026042 0.052778
8 0.571094 0.455093 0.068229 0.130556
6 0.426823 0.496759 0.041146 0.043519
0 0.499479 0.421759 0.030208 0.063889
8 0.503125 0.457870 0.071875 0.132407
0 0.435417 0.422685 0.028125 0.056481
8 0.426563 0.459259 0.076042 0.131481
1 0.361719 0.412037 0.029687 0.061111
8 0.365365 0.430093 0.076563 0.100926
0 0.302344 0.418519 0.026562 0.053704
8 0.305469 0.456019 0.071354 0.128704
1 0.271615 0.410648 0.023438 0.067593
8 0.258594 0.428704 0.060937 0.103704
0 0.437240 0.368981 0.022396 0.043519
8 0.440365 0.392130 0.052604 0.089815
1 0.349740 0.357407 0.021354 0.050000
8 0.344271 0.380556 0.053125 0.100000
1 0.397917 0.359259 0.017708 0.044444
9 0.404948 0.366667 0.047396 0.053704
1 0.552865 0.386111 0.024479 0.057407
1 0.502344 0.393519 0.022396 0.035185
8 0.494792 0.406019 0.051042 0.062037
8 0.541667 0.397222 0.046875 0.081481
0 0.577865 0.343519 0.017188 0.044444
8 0.579167 0.359722 0.035417 0.080556
4 0.416146 0.318519 0.014583 0.033333
0 0.486719 0.317130 0.017188 0.034259
8 0.487240 0.330556 0.034896 0.068519
1 0.524740 0.331481 0.013021 0.031481
8 0.527865 0.343519 0.039062 0.055556
0 0.538542 0.288889 0.014583 0.033333
8 0.541406 0.301852 0.029687 0.055556
2 0.517969 0.304167 0.017188 0.037963
8 0.514062 0.316204 0.030208 0.063889
0 0.445312 0.312500 0.019792 0.045370
8 0.443490 0.331019 0.047396 0.080556
0 0.415365 0.293519 0.014063 0.029630
8 0.414323 0.306019 0.040104 0.067593
1 0.392448 0.298148 0.013021 0.031481
8 0.389844 0.304167 0.032813 0.043519
1 0.307552 0.348611 0.019271 0.045370
8 0.306771 0.358796 0.048958 0.069444
1 0.331250 0.320370 0.018750 0.040741
2 0.347656 0.306944 0.018229 0.037963
8 0.354167 0.316204 0.035417 0.054630
1 0.111458 0.426389 0.028125 0.060185
9 0.108073 0.431019 0.080729 0.080556
0 0.168490 0.343519 0.022396 0.042593
8 0.178646 0.372685 0.061458 0.106481
5 0.172396 0.431019 0.025000 0.013889
1 0.070573 0.356481 0.022396 0.046296
8 0.074740 0.360185 0.035937 0.055556
1 0.009115 0.381019 0.017188 0.045370
9 0.021615 0.385185 0.042188 0.068519
1 0.110937 0.353241 0.020833 0.041667
2 0.145833 0.318519 0.021875 0.044444
8 0.141667 0.330556 0.033333 0.062963
1 0.217448 0.311111 0.017188 0.037037
8 0.219271 0.316667 0.035417 0.053704
