8 0.067969 0.235648 0.085938 0.130556
8 0.093490 0.164352 0.052604 0.113889
8 0.134896 0.143056 0.058333 0.080556
8 0.380990 0.140278 0.044271 0.067593
8 0.306771 0.171296 0.038542 0.094444
8 0.249219 0.245370 0.054688 0.125926
8 0.337240 0.251852 0.054688 0.135185
8 0.280990 0.343519 0.104688 0.183333
8 0.165365 0.333333 0.102604 0.181481
8 0.418490 0.155556 0.053646 0.083333
8 0.401042 0.217130 0.058333 0.104630
8 0.450521 0.263426 0.078125 0.136111
8 0.443490 0.351389 0.101562 0.180556
5 0.514844 0.443056 0.040104 0.037963
8 0.518490 0.191204 0.050521 0.093519
8 0.567448 0.203704 0.049479 0.075926
8 0.523438 0.268056 0.066667 0.117593
8 0.540365 0.355556 0.094271 0.174074
8 0.631250 0.228241 0.059375 0.104630
8 0.637240 0.372685 0.098437 0.156481
9 0.710938 0.177778 0.037500 0.053704
9 0.732292 0.193519 0.058333 0.081481
8 0.790365 0.181019 0.043229 0.082407
8 0.763021 0.217593 0.050000 0.090741
8 0.818490 0.218519 0.054688 0.092593
8 0.885938 0.189815 0.043750 0.090741
8 0.839844 0.294907 0.073438 0.130556
8 0.906250 0.337037 0.084375 0.159259
8 0.962240 0.377778 0.075521 0.190741
9 0.551823 0.156944 0.041146 0.065741
8 0.034115 0.157870 0.043229 0.091667
8 0.333594 0.143056 0.046354 0.089815
8 0.477865 0.219444 0.050521 0.124074
8 0.062240 0.169444 0.076563 0.118519
0 0.057813 0.206019 0.033333 0.071296
2 0.040625 0.143056 0.028125 0.056481
1 0.062240 0.148611 0.031771 0.067593
1 0.127865 0.133333 0.025521 0.061111
0 0.329688 0.125463 0.021875 0.049074
0 0.332813 0.213889 0.029167 0.061111
0 0.301042 0.154630 0.026042 0.055556
1 0.275521 0.201389 0.027083 0.063889
0 0.251823 0.221759 0.036979 0.073148
1 0.202865 0.304630 0.039062 0.087037
9 0.213542 0.317130 0.060417 0.117593
0 0.163542 0.292593 0.042708 0.094444
2 0.276562 0.303704 0.046875 0.090741
1 0.377865 0.132407 0.020313 0.051852
1 0.421615 0.144907 0.023438 0.056481
0 0.470313 0.106944 0.020833 0.043519
8 0.454688 0.121296 0.050000 0.074074
0 0.480469 0.143056 0.023438 0.050926
8 0.487240 0.161574 0.036979 0.091667
1 0.522135 0.176389 0.023438 0.060185
0 0.400521 0.194444 0.028125 0.059259
0 0.466667 0.193056 0.027083 0.063889
0 0.444271 0.235648 0.034375 0.080556
0 0.569792 0.193056 0.023958 0.054630
0 0.631771 0.207407 0.029167 0.061111
1 0.556771 0.150463 0.019792 0.049074
1 0.524740 0.252315 0.029687 0.075000
1 0.446615 0.306481 0.044271 0.087037
1 0.541667 0.322685 0.042708 0.104630
1 0.632292 0.345833 0.045833 0.099074
1 0.716667 0.172685 0.019792 0.043519
1 0.745313 0.180556 0.026042 0.055556
0 0.790365 0.162963 0.024479 0.042593
1 0.824219 0.200926 0.024479 0.055556
0 0.763542 0.197222 0.022917 0.050000
0 0.844792 0.262500 0.026042 0.056481
1 0.892969 0.170370 0.026562 0.053704
1 0.863542 0.245370 0.025000 0.059259
0 0.919792 0.295833 0.042708 0.076852
1 0.982292 0.331944 0.034375 0.100926
