1 0.154167 0.652778 0.037500 0.079630
4 0.126042 0.718519 0.045833 0.046296
1 0.219271 0.628704 0.040625 0.090741
4 0.217188 0.720370 0.041667 0.037037
0 0.301563 0.609259 0.037500 0.081481
4 0.304688 0.730556 0.042708 0.035185
1 0.401042 0.618519 0.037500 0.083333
6 0.374740 0.727778 0.073438 0.044444
0 0.572396 0.632407 0.039583 0.068519
3 0.572396 0.722222 0.027083 0.031481
1 0.760938 0.630556 0.047917 0.081481
1 0.850260 0.691667 0.067187 0.125926
3 0.859115 0.857407 0.057813 0.044444
2 0.666146 0.643519 0.058333 0.118519
4 0.617188 0.742593 0.051042 0.062963
9 0.151042 0.678241 0.092708 0.123148
8 0.228125 0.668519 0.096875 0.157407
8 0.314844 0.655556 0.086979 0.157407
8 0.402865 0.661111 0.089063 0.155556
8 0.569271 0.713889 0.083333 0.227778
8 0.671615 0.711574 0.122396 0.256481
8 0.759115 0.655556 0.086979 0.133333
9 0.861719 0.739352 0.142187 0.223148
