1 0.112240 0.516667 0.060937 0.114815
6 0.082292 0.637963 0.106250 0.087037
0 0.267188 0.493519 0.048958 0.107407
4 0.235417 0.663889 0.036458 0.038889
0 0.388542 0.483333 0.052083 0.111111
3 0.316146 0.683333 0.032292 0.033333
1 0.426563 0.497222 0.033333 0.087037
0 0.597917 0.489815 0.038542 0.075926
0 0.688542 0.514815 0.040625 0.066667
0 0.785417 0.532407 0.041667 0.090741
0 0.735938 0.582407 0.056250 0.116667
5 0.732292 0.742593 0.088542 0.062963
8 0.136979 0.567593 0.113542 0.192593
8 0.264583 0.564815 0.113542 0.227778
8 0.389323 0.566667 0.144271 0.261111
8 0.439844 0.537037 0.059896 0.151852
8 0.589844 0.540741 0.098437 0.177778
8 0.683073 0.556019 0.083854 0.143519
8 0.729948 0.634722 0.131771 0.215741
8 0.792188 0.571759 0.060417 0.156481
