1 0.045312 0.636111 0.058333 0.109259
4 0.022917 0.768519 0.044792 0.070370
0 0.149219 0.614815 0.064062 0.103704
5 0.122917 0.781481 0.079167 0.048148
1 0.260417 0.587963 0.045833 0.081481
6 0.257292 0.666667 0.078125 0.044444
1 0.450521 0.555556 0.041667 0.077778
4 0.450521 0.632407 0.033333 0.038889
1 0.366146 0.616667 0.059375 0.125926
6 0.372917 0.749074 0.095833 0.090741
3 0.314063 0.766667 0.027083 0.040741
1 0.614844 0.520370 0.032813 0.051852
1 0.644792 0.537037 0.041667 0.118519
1 0.707812 0.506481 0.041667 0.083333
1 0.784896 0.479630 0.039583 0.062963
1 0.913021 0.529630 0.066667 0.111111
4 0.935417 0.690741 0.070833 0.070370
1 0.772917 0.576852 0.070833 0.118519
6 0.800521 0.712963 0.101042 0.074074
3 0.731771 0.741667 0.037500 0.042593
8 0.059115 0.684722 0.117188 0.219444
8 0.158073 0.667593 0.126562 0.224074
8 0.277865 0.617593 0.108854 0.131481
8 0.382031 0.666667 0.153646 0.229630
8 0.460677 0.589352 0.093229 0.136111
8 0.608594 0.558796 0.043229 0.134259
8 0.641927 0.615278 0.116146 0.254630
8 0.704948 0.543519 0.072396 0.155556
8 0.777344 0.618519 0.154688 0.209259
8 0.798438 0.507870 0.086458 0.125000
8 0.917708 0.593519 0.156250 0.237037
