8 0.074740 0.243056 0.073438 0.126852
8 0.091667 0.159722 0.055208 0.119444
8 0.135417 0.143056 0.058333 0.080556
8 0.377865 0.137500 0.049479 0.075000
8 0.306771 0.174074 0.038542 0.094444
8 0.259896 0.245833 0.073958 0.143519
8 0.340365 0.249537 0.060937 0.130556
9 0.317188 0.312963 0.087500 0.131481
9 0.263542 0.368056 0.127083 0.137963
8 0.160938 0.331481 0.106250 0.181481
8 0.416667 0.152778 0.054167 0.094444
9 0.397917 0.218056 0.060417 0.093519
8 0.440365 0.254167 0.082812 0.145370
8 0.454948 0.355556 0.113021 0.162963
5 0.514844 0.443056 0.040104 0.037963
8 0.521615 0.180556 0.048438 0.105556
8 0.569792 0.206019 0.048958 0.082407
8 0.526563 0.256019 0.067708 0.137963
8 0.541146 0.356019 0.093750 0.178704
8 0.646615 0.230556 0.057813 0.114815
8 0.635938 0.367593 0.103125 0.166667
9 0.709115 0.179167 0.039062 0.058333
9 0.732292 0.193056 0.059375 0.082407
8 0.796094 0.181019 0.045312 0.076852
8 0.763542 0.218519 0.052083 0.092593
8 0.816146 0.218519 0.055208 0.092593
8 0.884896 0.189815 0.043750 0.090741
8 0.863542 0.243981 0.040625 0.097222
8 0.836719 0.293056 0.064062 0.123148
8 0.901042 0.341667 0.077083 0.162963
8 0.949219 0.377315 0.101562 0.213889
8 0.543490 0.152315 0.032813 0.078704
8 0.029948 0.280556 0.058854 0.168519
0 0.014063 0.230556 0.027083 0.072222
1 0.063542 0.218056 0.034375 0.076852
0 0.055990 0.156019 0.030729 0.056481
1 0.080469 0.141204 0.026562 0.063889
1 0.127865 0.130556 0.025521 0.055556
2 0.343750 0.118519 0.021875 0.050000
1 0.379167 0.126852 0.020833 0.051852
1 0.413542 0.132407 0.022917 0.055556
0 0.337240 0.168519 0.029687 0.055556
0 0.301823 0.155556 0.027604 0.055556
0 0.452344 0.130093 0.020313 0.050926
0 0.467448 0.141204 0.022396 0.050926
0 0.522917 0.156019 0.026042 0.052778
0 0.538021 0.134722 0.018750 0.043519
2 0.569792 0.193519 0.025000 0.051852
0 0.651042 0.206019 0.030208 0.067593
1 0.525521 0.228704 0.029167 0.075926
2 0.446094 0.219907 0.036979 0.080556
1 0.387240 0.211574 0.032813 0.069444
1 0.319792 0.310185 0.040625 0.081481
1 0.205990 0.306019 0.036979 0.084259
0 0.263542 0.218056 0.036458 0.080556
0 0.337240 0.218056 0.029687 0.063889
0 0.163542 0.294907 0.044792 0.093519
2 0.485417 0.324074 0.048958 0.094444
1 0.538542 0.318981 0.041667 0.100926
2 0.624740 0.332407 0.047396 0.098148
1 0.717448 0.170833 0.019271 0.043519
1 0.745313 0.179167 0.025000 0.052778
1 0.802865 0.174074 0.026562 0.055556
1 0.824740 0.202315 0.024479 0.054630
1 0.892188 0.168519 0.025000 0.053704
1 0.863542 0.231019 0.027083 0.058333
0 0.911198 0.299537 0.036979 0.080556
0 0.837240 0.265741 0.030729 0.061111
0 0.769792 0.193981 0.023958 0.050926
