0 0.219792 0.573148 0.055208 0.105556
3 0.139063 0.766667 0.033333 0.037037
1 0.276562 0.568519 0.037500 0.081481
4 0.278646 0.641667 0.031250 0.038889
1 0.315625 0.605556 0.062500 0.133333
4 0.293490 0.743519 0.057813 0.066667
1 0.398438 0.557407 0.044792 0.096296
4 0.392188 0.645370 0.042708 0.057407
1 0.566667 0.578704 0.032292 0.061111
1 0.601042 0.620833 0.058333 0.119444
4 0.597917 0.767593 0.067708 0.068519
0 0.734375 0.568519 0.062500 0.109259
2 0.863542 0.618519 0.072917 0.114815
5 0.906771 0.810185 0.145833 0.057407
8 0.211198 0.647222 0.120313 0.229630
8 0.315365 0.663426 0.147396 0.245370
8 0.593490 0.681944 0.139063 0.237963
8 0.733854 0.652778 0.136458 0.272222
8 0.864844 0.680093 0.135937 0.232407
9 0.279948 0.600000 0.046354 0.140741
9 0.406771 0.596296 0.089583 0.164815
9 0.560417 0.609722 0.086458 0.130556
9 0.787240 0.612963 0.055729 0.144444
