1 0.064583 0.606944 0.060417 0.121296
1 0.196094 0.611574 0.057813 0.117593
5 0.144271 0.768519 0.087500 0.070370
1 0.292969 0.546759 0.042188 0.080556
6 0.284115 0.640741 0.058854 0.051852
1 0.479167 0.529630 0.036458 0.088889
2 0.404167 0.564815 0.062500 0.114815
5 0.368490 0.759722 0.079687 0.056481
1 0.667188 0.532407 0.058333 0.137037
1 0.738542 0.468519 0.045833 0.088889
1 0.835417 0.455556 0.045833 0.096296
2 0.800000 0.514815 0.068750 0.140741
1 0.970313 0.505556 0.056250 0.140741
5 0.823438 0.726852 0.072917 0.061111
4 0.476042 0.613426 0.045833 0.043519
8 0.088542 0.655556 0.123958 0.218519
8 0.210417 0.658333 0.122917 0.198148
8 0.304688 0.582407 0.095833 0.140741
8 0.410417 0.626389 0.141667 0.236111
8 0.489323 0.673611 0.083854 0.369444
8 0.669271 0.603704 0.130208 0.277778
8 0.734115 0.525000 0.079687 0.194444
8 0.809896 0.581944 0.159375 0.263889
8 0.844792 0.505093 0.084375 0.171296
8 0.944271 0.579630 0.110417 0.262963
