1 0.082292 0.562037 0.037500 0.055556
3 0.015104 0.666667 0.029167 0.029630
1 0.060417 0.611111 0.058333 0.107407
1 0.159896 0.620833 0.064583 0.106481
6 0.140625 0.761111 0.081250 0.055556
1 0.298438 0.538889 0.043750 0.085185
6 0.277344 0.641667 0.070312 0.053704
1 0.376563 0.593519 0.062500 0.135185
3 0.317188 0.755556 0.033333 0.046296
6 0.376563 0.743519 0.089583 0.083333
1 0.473438 0.520833 0.037500 0.080556
4 0.471875 0.618519 0.040625 0.037037
1 0.672917 0.542593 0.056250 0.140741
1 0.738021 0.480556 0.041667 0.088889
1 0.829688 0.448148 0.042708 0.081481
1 0.804688 0.526852 0.066667 0.150000
4 0.819792 0.704630 0.061458 0.087037
1 0.969792 0.509259 0.060417 0.131481
8 0.072396 0.653241 0.103125 0.217593
8 0.091146 0.576389 0.066667 0.097222
8 0.168490 0.677315 0.142187 0.212037
8 0.298438 0.569907 0.085417 0.154630
8 0.396875 0.648611 0.155208 0.230556
8 0.483333 0.562037 0.097917 0.168519
8 0.669792 0.603241 0.133333 0.280556
8 0.741667 0.503704 0.075000 0.168519
8 0.815885 0.597685 0.159896 0.271296
8 0.852865 0.480556 0.101562 0.144444
8 0.946875 0.571296 0.106250 0.264815
