1 0.082292 0.742593 0.066667 0.122222
3 0.046615 0.847685 0.048438 0.043519
0 0.235417 0.568519 0.037500 0.057407
0 0.240365 0.655556 0.060937 0.127778
5 0.189844 0.834722 0.120313 0.056481
0 0.345313 0.577778 0.041667 0.074074
3 0.325521 0.709722 0.025000 0.030556
0 0.484375 0.568519 0.043750 0.077778
1 0.531771 0.691667 0.055208 0.120370
4 0.538542 0.805556 0.052083 0.055556
0 0.591667 0.572685 0.050000 0.082407
3 0.607292 0.704630 0.025000 0.031481
0 0.705469 0.606481 0.051562 0.111111
3 0.694792 0.819907 0.031250 0.043519
1 0.838021 0.676852 0.063542 0.109259
5 0.884896 0.823611 0.089583 0.069444
8 0.235417 0.717130 0.131250 0.237963
8 0.249740 0.595370 0.073438 0.101852
8 0.343490 0.624074 0.091146 0.172222
8 0.480208 0.619907 0.093750 0.167593
8 0.532292 0.729630 0.139583 0.209259
8 0.599740 0.618056 0.086979 0.182407
8 0.709115 0.689352 0.131771 0.265741
8 0.854167 0.725926 0.129167 0.198148
9 0.104688 0.735185 0.147917 0.218519
