1 0.021875 0.468519 0.042708 0.114815
5 0.028646 0.581481 0.056250 0.070370
1 0.172917 0.492593 0.057292 0.118519
4 0.154688 0.604630 0.051042 0.064815
0 0.309896 0.443519 0.066667 0.118519
4 0.252344 0.605556 0.045312 0.048148
0 0.350521 0.448148 0.033333 0.066667
0 0.529167 0.444444 0.042708 0.081481
0 0.638542 0.488889 0.037500 0.074074
0 0.678646 0.510185 0.047917 0.105556
0 0.714063 0.488889 0.029167 0.088889
5 0.664062 0.678704 0.087500 0.050000
8 0.181510 0.532407 0.122396 0.200000
8 0.317708 0.514815 0.162500 0.248148
8 0.366667 0.495833 0.077083 0.160185
8 0.526042 0.499537 0.095833 0.176852
8 0.618490 0.517130 0.083854 0.136111
8 0.665885 0.569907 0.136979 0.210185
8 0.720573 0.530093 0.053646 0.149074
9 0.059115 0.513889 0.116146 0.203704
