1 0.119792 0.521296 0.061458 0.109259
6 0.092188 0.637963 0.106250 0.075926
1 0.244792 0.530556 0.054167 0.109259
4 0.213542 0.649074 0.038542 0.064815
0 0.385417 0.473148 0.054167 0.105556
3 0.321615 0.680556 0.035937 0.040741
1 0.432292 0.502778 0.038542 0.079630
0 0.605990 0.489815 0.039062 0.075926
1 0.691667 0.538889 0.040625 0.085185
1 0.794792 0.540741 0.043750 0.085185
1 0.738542 0.585185 0.056250 0.118519
5 0.739844 0.739815 0.095312 0.050000
8 0.143229 0.565278 0.113542 0.189815
8 0.256250 0.577315 0.126042 0.191667
8 0.380469 0.568056 0.121354 0.280556
8 0.446615 0.543981 0.069271 0.150926
8 0.588542 0.543056 0.096875 0.169444
9 0.686719 0.567593 0.079687 0.131481
8 0.730990 0.639352 0.133854 0.213889
8 0.793490 0.577778 0.067187 0.144444
