8 0.068490 0.243056 0.085938 0.130556
9 0.135417 0.148611 0.051042 0.071296
8 0.381771 0.132870 0.035417 0.067593
8 0.304167 0.168056 0.039583 0.078704
8 0.340365 0.249537 0.056771 0.143519
8 0.274740 0.343981 0.108854 0.176852
8 0.165365 0.337500 0.100521 0.180556
8 0.423438 0.158333 0.046875 0.079630
8 0.397917 0.215741 0.065625 0.111111
9 0.449219 0.269444 0.074479 0.124074
8 0.447917 0.347222 0.104167 0.187037
5 0.514844 0.443056 0.040104 0.037963
8 0.571615 0.205556 0.051562 0.077778
8 0.542969 0.357407 0.085938 0.168519
8 0.629167 0.225926 0.054167 0.107407
8 0.646615 0.367593 0.126562 0.181481
9 0.710938 0.177778 0.037500 0.053704
9 0.735938 0.189815 0.052083 0.085185
8 0.763542 0.215741 0.047917 0.092593
8 0.812240 0.218519 0.047396 0.090741
8 0.884115 0.189815 0.042188 0.088889
8 0.836719 0.293056 0.066146 0.123148
8 0.899740 0.341667 0.082812 0.153704
8 0.036198 0.156019 0.046354 0.086111
8 0.343490 0.142130 0.064062 0.100926
8 0.477865 0.224537 0.055729 0.119444
8 0.212240 0.303704 0.086979 0.140741
8 0.521615 0.187963 0.049479 0.100000
5 0.255990 0.418519 0.073438 0.033333
9 0.312760 0.318056 0.065104 0.156481
9 0.597396 0.291667 0.063542 0.094444
8 0.553385 0.163889 0.043229 0.098148
8 0.059896 0.180556 0.077083 0.103704
9 0.792969 0.189352 0.031771 0.073148
1 0.062760 0.219444 0.033854 0.075926
0 0.065365 0.159722 0.029687 0.056481
0 0.044271 0.146296 0.030208 0.059259
1 0.129688 0.143519 0.023958 0.057407
0 0.348438 0.118519 0.022917 0.051852
0 0.299740 0.158796 0.026562 0.058333
0 0.336719 0.209722 0.029687 0.062037
7 0.307292 0.308796 0.039583 0.086111
0 0.274740 0.302778 0.043229 0.085185
1 0.196615 0.281944 0.041146 0.093519
0 0.151042 0.294444 0.046875 0.094444
0 0.296094 0.227778 0.035937 0.061111
1 0.274740 0.200926 0.027604 0.066667
0 0.396094 0.193056 0.029687 0.058333
1 0.374219 0.127315 0.020313 0.050926
1 0.422917 0.147222 0.021875 0.055556
0 0.441667 0.117593 0.020833 0.050000
8 0.450521 0.128704 0.040625 0.075926
0 0.477865 0.139815 0.024479 0.048148
8 0.482292 0.162037 0.033333 0.094444
1 0.464062 0.195833 0.027083 0.065741
1 0.444271 0.242130 0.032292 0.065741
0 0.450260 0.295370 0.040104 0.079630
2 0.546615 0.325000 0.048438 0.100000
1 0.529167 0.272685 0.030208 0.062037
0 0.514844 0.165278 0.025521 0.054630
0 0.559635 0.140741 0.021354 0.051852
0 0.575521 0.194444 0.023958 0.051852
0 0.624740 0.206019 0.026562 0.060185
1 0.632292 0.325926 0.047917 0.101852
1 0.717187 0.172685 0.018750 0.039815
1 0.745313 0.174074 0.025000 0.053704
1 0.792969 0.180556 0.023438 0.053704
0 0.769792 0.193519 0.026042 0.046296
2 0.815365 0.199537 0.025521 0.052778
1 0.892448 0.172222 0.024479 0.051852
1 0.850260 0.271759 0.030729 0.065741
1 0.910937 0.304630 0.042708 0.079630
8 0.960417 0.371296 0.079167 0.198148
