8 0.065365 0.243519 0.085938 0.118519
8 0.096615 0.155556 0.050521 0.114815
8 0.139844 0.148611 0.045312 0.069444
8 0.163021 0.353704 0.097917 0.144444
8 0.276042 0.355556 0.114583 0.155556
9 0.202865 0.318056 0.085938 0.123148
9 0.315365 0.309259 0.085938 0.144444
9 0.247917 0.255556 0.069792 0.105556
8 0.343490 0.248611 0.063021 0.143519
8 0.306771 0.180556 0.042708 0.075926
9 0.397917 0.224537 0.060417 0.080556
8 0.335938 0.151389 0.040625 0.076852
8 0.380990 0.142130 0.042188 0.065741
8 0.418490 0.156019 0.058854 0.086111
8 0.474219 0.159722 0.042188 0.106481
9 0.513542 0.193981 0.051042 0.075000
8 0.625521 0.230093 0.065625 0.100926
9 0.572917 0.178704 0.063542 0.064815
8 0.569792 0.205556 0.051042 0.074074
8 0.444792 0.347222 0.090625 0.181481
8 0.535417 0.356019 0.089583 0.171296
8 0.631771 0.355556 0.098958 0.172222
8 0.526563 0.277315 0.070833 0.108333
5 0.259115 0.426852 0.069271 0.035185
5 0.516146 0.442593 0.036458 0.033333
9 0.710938 0.177315 0.033333 0.050926
9 0.732292 0.193056 0.055208 0.075000
8 0.767188 0.215278 0.047917 0.086111
8 0.815365 0.218056 0.053646 0.084259
8 0.875521 0.189815 0.051042 0.074074
8 0.831771 0.304167 0.077083 0.121296
8 0.893490 0.347685 0.091146 0.143519
8 0.960417 0.362500 0.079167 0.206481
9 0.597396 0.286111 0.066667 0.094444
5 0.979688 0.468519 0.040625 0.033333
1 0.717969 0.168056 0.017188 0.039815
8 0.443490 0.130556 0.029687 0.081481
1 0.063021 0.222685 0.033333 0.080556
2 0.087240 0.130556 0.028646 0.062963
1 0.132292 0.143519 0.023958 0.057407
1 0.141667 0.329630 0.046875 0.088889
1 0.180990 0.302778 0.040104 0.079630
1 0.266667 0.318981 0.044792 0.087963
1 0.302344 0.306019 0.042188 0.080556
1 0.264844 0.243056 0.033854 0.078704
0 0.340365 0.212963 0.030729 0.062963
1 0.304688 0.172222 0.025000 0.055556
0 0.331771 0.139815 0.020833 0.051852
1 0.379948 0.131019 0.019271 0.049074
1 0.387240 0.218519 0.033854 0.061111
1 0.424740 0.143519 0.023438 0.057407
0 0.440365 0.110185 0.020313 0.044444
0 0.470313 0.130556 0.022917 0.046296
1 0.465365 0.193519 0.027604 0.064815
8 0.468490 0.221759 0.069271 0.119444
0 0.449740 0.294907 0.038021 0.080556
0 0.534896 0.316667 0.039583 0.085185
1 0.521615 0.256481 0.034896 0.075926
1 0.515365 0.185648 0.024479 0.056481
1 0.546094 0.150463 0.022396 0.049074
9 0.543490 0.156019 0.042188 0.062037
1 0.577865 0.168056 0.025521 0.047222
1 0.573438 0.195370 0.022917 0.053704
1 0.626042 0.206019 0.027083 0.060185
0 0.627344 0.318056 0.046354 0.093519
1 0.742188 0.181019 0.025000 0.050926
1 0.794792 0.189352 0.025000 0.052778
0 0.769792 0.193056 0.021875 0.049074
1 0.823438 0.204630 0.022917 0.051852
1 0.887240 0.178704 0.026562 0.051852
1 0.852865 0.278704 0.031771 0.068519
6 0.843490 0.336574 0.042188 0.030556
1 0.917969 0.319907 0.040104 0.080556
0 0.981771 0.310185 0.036458 0.094444
