0 0.181250 0.593519 0.065625 0.118519
3 0.140365 0.764815 0.032813 0.033333
1 0.275521 0.575000 0.033333 0.094444
4 0.272396 0.640741 0.031250 0.029630
0 0.323958 0.580556 0.063542 0.116667
4 0.288542 0.755556 0.052083 0.072222
1 0.404167 0.559259 0.043750 0.094444
4 0.391146 0.652778 0.035417 0.046296
1 0.573438 0.574074 0.029167 0.081481
0 0.601042 0.589815 0.054167 0.109259
4 0.595313 0.781481 0.056250 0.062963
2 0.769792 0.577778 0.068750 0.133333
4 0.766146 0.766667 0.052083 0.051852
2 0.870313 0.617593 0.065625 0.124074
5 0.919792 0.802778 0.139583 0.057407
8 0.178906 0.650926 0.139063 0.227778
8 0.318229 0.653241 0.134375 0.263889
8 0.270313 0.595370 0.065625 0.129630
8 0.593490 0.670833 0.144271 0.263889
8 0.750781 0.652778 0.126562 0.281481
8 0.871094 0.669444 0.122396 0.235185
9 0.408073 0.596296 0.086979 0.166667
9 0.555469 0.604167 0.073438 0.143519
