6 0.236458 0.136574 0.028125 0.015741
1 0.239063 0.103241 0.014583 0.026852
8 0.242969 0.116667 0.042188 0.053704
6 0.385937 0.079630 0.023958 0.018519
1 0.390625 0.042593 0.016667 0.031481
8 0.393750 0.056481 0.041667 0.059259
5 0.426042 0.077315 0.022917 0.012037
4 0.576042 0.031944 0.013542 0.013889
5 0.674219 0.311574 0.032813 0.039815
6 0.704167 0.306481 0.039583 0.033333
1 0.709375 0.245370 0.021875 0.042593
8 0.695573 0.260185 0.060937 0.101852
5 0.899740 0.392130 0.020313 0.026852
