0 0.307292 0.418056 0.030208 0.050926
1 0.367448 0.408333 0.029687 0.061111
1 0.115365 0.428704 0.025521 0.046296
1 0.274219 0.411111 0.030729 0.066667
0 0.907292 0.481019 0.036458 0.073148
6 0.814323 0.522222 0.033854 0.031481
0 0.971875 0.456019 0.034375 0.073148
0 0.810417 0.399074 0.023958 0.053704
0 0.777865 0.406019 0.023438 0.047222
0 0.841146 0.375926 0.016667 0.037037
8 0.816146 0.461574 0.073958 0.130556
8 0.959115 0.502315 0.080729 0.163889
8 0.668490 0.346759 0.045312 0.069444
8 0.634115 0.328704 0.034896 0.061111
8 0.719792 0.406019 0.060417 0.075000
8 0.746615 0.330093 0.033854 0.060185
9 0.707292 0.350000 0.036458 0.055556
1 0.876042 0.450000 0.032292 0.068519
8 0.765365 0.433796 0.056771 0.110185
0 0.574740 0.415278 0.028646 0.050926
9 0.574740 0.455093 0.067187 0.126852
6 0.433594 0.494907 0.023438 0.037963
0 0.504948 0.418981 0.030729 0.063889
8 0.504167 0.455556 0.063542 0.131481
0 0.350521 0.355556 0.022917 0.040741
1 0.442188 0.375000 0.023958 0.050000
0 0.492708 0.316204 0.018750 0.045370
8 0.493490 0.331019 0.039062 0.075000
8 0.312240 0.356019 0.047396 0.063889
8 0.406771 0.355093 0.040625 0.075000
8 0.449740 0.328241 0.047396 0.091667
1 0.530469 0.334259 0.015104 0.035185
8 0.530990 0.343981 0.035937 0.058333
0 0.580990 0.343981 0.017188 0.039815
8 0.582292 0.359722 0.035417 0.075000
0 0.418490 0.292130 0.017188 0.037963
8 0.309115 0.452778 0.068229 0.114815
8 0.372917 0.430556 0.070833 0.094444
0 0.441146 0.423148 0.032292 0.064815
8 0.431250 0.456019 0.075000 0.121296
1 0.011198 0.377778 0.021354 0.046296
9 0.023698 0.386111 0.046354 0.068519
1 0.073438 0.352778 0.020833 0.038889
8 0.077865 0.355556 0.038021 0.055556
0 0.166667 0.343519 0.019792 0.035185
8 0.176563 0.377315 0.055208 0.100926
9 0.113542 0.434722 0.081250 0.080556
1 0.113542 0.356019 0.018750 0.034259
1 0.147396 0.318519 0.020833 0.040741
1 0.184896 0.318519 0.020833 0.037037
1 0.216667 0.306944 0.016667 0.037963
8 0.223698 0.315278 0.034896 0.049074
1 0.311979 0.348611 0.020833 0.045370
0 0.334635 0.315741 0.019271 0.040741
5 0.175521 0.429630 0.026042 0.018519
8 0.888542 0.516667 0.086458 0.142593
0 0.669792 0.330093 0.013542 0.028704
6 0.709115 0.442130 0.020313 0.017593
1 0.749740 0.318056 0.016146 0.034259
1 0.710938 0.343056 0.013542 0.034259
1 0.555990 0.385648 0.023438 0.056481
0 0.542969 0.289352 0.011979 0.028704
8 0.543490 0.300000 0.028646 0.055556
1 0.522396 0.305556 0.015625 0.038889
8 0.517188 0.317130 0.029167 0.058333
0 0.348438 0.299537 0.016667 0.036111
8 0.354167 0.309722 0.042708 0.056481
1 0.396615 0.301852 0.011979 0.025926
2 0.450260 0.306481 0.022396 0.050000
5 0.324740 0.518056 0.009896 0.010185
8 0.260417 0.427778 0.055208 0.090741
1 0.735938 0.395833 0.023958 0.049074
8 0.393490 0.305093 0.029687 0.036111
1 0.833594 0.427315 0.032813 0.063889
8 0.341667 0.380556 0.043750 0.101852
0 0.403646 0.336574 0.020833 0.045370
4 0.404167 0.346759 0.021875 0.030556
8 0.544792 0.398148 0.046875 0.081481
