1 0.151042 0.655556 0.041667 0.081481
4 0.126042 0.719444 0.050000 0.037037
7 0.225000 0.693519 0.050000 0.081481
7 0.306771 0.688889 0.054167 0.088889
1 0.392188 0.617593 0.041667 0.094444
6 0.376563 0.727778 0.070833 0.062963
1 0.568750 0.655556 0.043750 0.075926
4 0.563021 0.722685 0.041667 0.043519
1 0.757292 0.614815 0.045833 0.088889
4 0.766146 0.704630 0.051042 0.046296
7 0.876042 0.779630 0.076042 0.118519
1 0.688542 0.690741 0.060417 0.137037
4 0.697396 0.830556 0.081250 0.066667
9 0.149740 0.681944 0.102604 0.132407
8 0.399219 0.657870 0.089063 0.158333
8 0.688542 0.747222 0.161458 0.255556
8 0.760938 0.650000 0.094792 0.168519
9 0.232813 0.683796 0.096875 0.123148
9 0.312240 0.691204 0.091146 0.102778
9 0.559375 0.680556 0.100000 0.116667
9 0.866146 0.779167 0.153125 0.197222
