8 0.065365 0.243056 0.083854 0.117593
8 0.097917 0.156019 0.052083 0.112037
8 0.139063 0.151852 0.042708 0.072222
8 0.163021 0.350000 0.097917 0.144444
8 0.277344 0.355556 0.113021 0.153704
9 0.204167 0.318056 0.086458 0.121296
9 0.315625 0.306481 0.084375 0.140741
9 0.248438 0.256019 0.068750 0.102778
8 0.346094 0.244444 0.058854 0.138889
8 0.304688 0.180556 0.039583 0.077778
8 0.399740 0.212963 0.061979 0.105556
8 0.336198 0.150926 0.041146 0.075926
8 0.380990 0.141204 0.042188 0.065741
8 0.423438 0.156019 0.047917 0.084259
8 0.474219 0.160648 0.042188 0.106481
9 0.513542 0.196759 0.051042 0.080556
8 0.624740 0.228704 0.066146 0.103704
9 0.572917 0.178241 0.061458 0.065741
8 0.570573 0.210185 0.050521 0.070370
8 0.444792 0.344907 0.090625 0.186111
8 0.535417 0.356019 0.090625 0.169444
8 0.646615 0.360648 0.108854 0.180556
8 0.606771 0.334259 0.072917 0.131481
9 0.525521 0.279630 0.068750 0.101852
5 0.259115 0.426852 0.069271 0.035185
5 0.513542 0.443056 0.037500 0.032407
9 0.711719 0.177315 0.033854 0.052778
9 0.733594 0.193056 0.055729 0.073148
8 0.767448 0.215278 0.046354 0.087963
8 0.816667 0.218056 0.052083 0.084259
8 0.876823 0.190278 0.049479 0.075000
8 0.830990 0.304167 0.076563 0.123148
8 0.896094 0.355556 0.092188 0.129630
8 0.960417 0.366204 0.079167 0.200926
9 0.597396 0.290278 0.064583 0.091667
5 0.979688 0.468519 0.040625 0.033333
1 0.719271 0.168519 0.018750 0.040741
8 0.444792 0.131019 0.030208 0.086111
1 0.063542 0.222685 0.032292 0.069444
1 0.089844 0.130556 0.028646 0.061111
1 0.129688 0.143056 0.023958 0.054630
0 0.332292 0.138426 0.019792 0.049074
1 0.304688 0.173611 0.026042 0.056481
1 0.379688 0.130556 0.019792 0.051852
0 0.441146 0.111111 0.020833 0.044444
1 0.424740 0.143981 0.022396 0.058333
1 0.388542 0.193056 0.030208 0.065741
0 0.340365 0.210185 0.031771 0.068519
1 0.265365 0.243056 0.031771 0.075000
1 0.301563 0.304167 0.041667 0.082407
1 0.267969 0.327315 0.045312 0.087963
1 0.183073 0.297685 0.041146 0.080556
1 0.141146 0.328241 0.045833 0.093519
0 0.471094 0.131481 0.023438 0.048148
1 0.465365 0.197222 0.026562 0.068519
8 0.466667 0.224074 0.069792 0.118519
1 0.515365 0.184259 0.024479 0.055556
0 0.451042 0.293056 0.039583 0.080556
0 0.534115 0.316204 0.042188 0.087963
1 0.526563 0.264352 0.030208 0.071296
1 0.544792 0.151389 0.021875 0.047222
9 0.543490 0.155556 0.039062 0.059259
1 0.578646 0.168519 0.025000 0.046296
0 0.576042 0.198148 0.022917 0.055556
1 0.624219 0.205556 0.026562 0.061111
1 0.622917 0.309259 0.034375 0.081481
0 0.659896 0.319907 0.048958 0.093519
1 0.742188 0.180556 0.025000 0.050000
0 0.771615 0.193519 0.021354 0.048148
1 0.823438 0.204167 0.021875 0.050926
1 0.793490 0.185648 0.023438 0.054630
1 0.888021 0.178241 0.025000 0.050926
8 0.849740 0.246759 0.078646 0.093519
0 0.861198 0.223148 0.024479 0.044444
1 0.853125 0.275926 0.028125 0.068519
6 0.842969 0.336111 0.043229 0.031481
1 0.913542 0.271759 0.033333 0.069444
0 0.951823 0.261574 0.028646 0.056481
8 0.952344 0.290278 0.048438 0.110185
1 0.918490 0.330556 0.040104 0.081481
0 0.986198 0.309259 0.027604 0.094444
