8 0.064583 0.244444 0.081250 0.116667
8 0.059115 0.183333 0.069271 0.109259
8 0.105990 0.165278 0.058854 0.099074
8 0.141667 0.147222 0.051042 0.077778
8 0.341146 0.134259 0.033333 0.077778
8 0.306771 0.175926 0.033333 0.087037
8 0.375521 0.137963 0.043750 0.066667
8 0.417969 0.158333 0.054688 0.088889
8 0.397396 0.220833 0.066667 0.099074
8 0.467969 0.229167 0.070312 0.112037
8 0.517188 0.188426 0.046875 0.095370
8 0.342448 0.252315 0.053646 0.137963
9 0.565365 0.209259 0.047396 0.066667
8 0.626563 0.225926 0.072917 0.107407
9 0.596615 0.287500 0.066146 0.093519
8 0.638542 0.371296 0.133333 0.162963
8 0.533594 0.347222 0.092188 0.194444
8 0.446094 0.349074 0.088021 0.181481
8 0.260417 0.243981 0.070833 0.126852
9 0.207813 0.316204 0.072917 0.123148
8 0.277865 0.356019 0.114062 0.158333
8 0.324740 0.295370 0.095312 0.175926
8 0.155990 0.336574 0.102604 0.180556
5 0.259115 0.427315 0.070312 0.037963
9 0.447917 0.282407 0.071875 0.100000
5 0.516146 0.443056 0.037500 0.032407
8 0.701562 0.172685 0.041667 0.093519
9 0.733073 0.192130 0.058854 0.078704
8 0.767969 0.219444 0.056771 0.085185
8 0.813021 0.215741 0.046875 0.096296
8 0.885938 0.200926 0.048958 0.074074
8 0.831771 0.293056 0.070833 0.125000
8 0.901563 0.338889 0.090625 0.162963
1 0.067969 0.226389 0.032813 0.073148
0 0.055469 0.155556 0.029687 0.051852
1 0.094010 0.145833 0.027604 0.060185
1 0.131771 0.137037 0.023958 0.055556
0 0.146615 0.295833 0.043229 0.091667
1 0.194792 0.302778 0.037500 0.087037
1 0.269271 0.321759 0.043750 0.089815
2 0.279687 0.213889 0.032292 0.061111
1 0.297917 0.255093 0.038542 0.086111
0 0.335938 0.215741 0.030208 0.062963
0 0.303646 0.161111 0.023958 0.055556
1 0.317969 0.142130 0.021354 0.054630
1 0.336719 0.122222 0.020313 0.050000
1 0.364583 0.131019 0.018750 0.049074
2 0.410938 0.206019 0.031250 0.062037
1 0.419010 0.142130 0.023438 0.054630
8 0.443490 0.135185 0.029687 0.081481
0 0.443490 0.117593 0.019271 0.046296
1 0.472917 0.151852 0.023958 0.051852
1 0.463021 0.205556 0.026042 0.062963
0 0.512240 0.167593 0.024479 0.051852
0 0.451562 0.301852 0.039583 0.085185
1 0.533073 0.298148 0.038021 0.100000
0 0.624219 0.200463 0.026562 0.058333
1 0.613542 0.280556 0.032292 0.074074
1 0.646615 0.343056 0.045312 0.100926
4 0.644010 0.431944 0.051562 0.039815
1 0.569792 0.201852 0.023958 0.051852
9 0.547917 0.157870 0.044792 0.062037
1 0.556771 0.152315 0.020833 0.045370
1 0.712500 0.148611 0.018750 0.043519
1 0.746615 0.180556 0.024479 0.051852
1 0.776042 0.203241 0.022917 0.050926
1 0.813542 0.195833 0.023958 0.054630
1 0.896094 0.190741 0.026562 0.050000
1 0.841667 0.268519 0.030208 0.068519
4 0.850521 0.332870 0.034375 0.036111
0 0.911719 0.296296 0.038021 0.074074
1 0.975260 0.285185 0.030729 0.064815
9 0.963542 0.293981 0.057292 0.084259
