0 0.501563 0.419907 0.031250 0.063889
1 0.113021 0.425000 0.028125 0.055556
9 0.110417 0.430556 0.079167 0.092593
1 0.009115 0.380093 0.017188 0.047222
9 0.021094 0.391204 0.041146 0.075000
1 0.073438 0.354167 0.022917 0.049074
8 0.076563 0.356481 0.044792 0.057407
0 0.166667 0.347222 0.023958 0.044444
8 0.174740 0.381019 0.055729 0.106481
5 0.176042 0.430556 0.028125 0.018519
1 0.183073 0.322222 0.021354 0.044444
8 0.192969 0.333333 0.039062 0.062963
1 0.215625 0.310185 0.018750 0.040741
8 0.220573 0.315278 0.033854 0.052778
2 0.145052 0.321296 0.020313 0.042593
8 0.144792 0.328241 0.036458 0.065741
0 0.304688 0.422222 0.032292 0.055556
8 0.309115 0.456019 0.075521 0.128704
1 0.273177 0.412963 0.026562 0.062963
8 0.259115 0.430556 0.061979 0.101852
1 0.310156 0.348611 0.023438 0.049074
8 0.307292 0.356019 0.053125 0.067593
0 0.343490 0.352778 0.020313 0.044444
8 0.343490 0.380093 0.060937 0.100926
1 0.362240 0.412037 0.026562 0.055556
8 0.368490 0.431481 0.074479 0.107407
8 0.502865 0.459259 0.073438 0.146296
0 0.439063 0.426852 0.028125 0.059259
8 0.431771 0.459722 0.087500 0.130556
6 0.429688 0.500926 0.037500 0.038889
1 0.572917 0.425926 0.027083 0.061111
8 0.572656 0.458796 0.071354 0.130556
0 0.333854 0.315741 0.018750 0.040741
2 0.350781 0.305093 0.020313 0.039815
8 0.354167 0.314352 0.033333 0.060185
1 0.394792 0.303704 0.012500 0.027778
8 0.392969 0.305556 0.029687 0.042593
0 0.416667 0.292593 0.015625 0.031481
4 0.419271 0.322222 0.017708 0.031481
8 0.416667 0.307870 0.040625 0.071296
0 0.438021 0.284722 0.014583 0.030556
0 0.446615 0.312963 0.016146 0.031481
8 0.450260 0.335648 0.042188 0.086111
0 0.492188 0.313889 0.018750 0.040741
8 0.493490 0.331944 0.041146 0.076852
0 0.580469 0.347222 0.020313 0.044444
8 0.581771 0.361574 0.038542 0.080556
1 0.555469 0.387037 0.023438 0.055556
1 0.526563 0.332407 0.014583 0.035185
8 0.530990 0.343519 0.036979 0.057407
0 0.540365 0.293981 0.016146 0.036111
8 0.542188 0.303241 0.027083 0.056481
0 0.669010 0.329630 0.016146 0.031481
8 0.667188 0.347685 0.046875 0.069444
1 0.707292 0.343981 0.017708 0.039815
9 0.704688 0.353241 0.033333 0.056481
8 0.632292 0.329167 0.034375 0.062037
1 0.748437 0.320833 0.015625 0.034259
8 0.742969 0.330556 0.032813 0.053704
1 0.733594 0.397685 0.022396 0.043519
8 0.716146 0.413889 0.060417 0.081481
0 0.776042 0.406019 0.023958 0.045370
8 0.763542 0.437963 0.057292 0.107407
6 0.709115 0.443519 0.022396 0.020370
6 0.820573 0.522685 0.053646 0.043519
1 0.832292 0.428241 0.030208 0.071296
8 0.815365 0.463426 0.073438 0.143519
0 0.833854 0.378241 0.021875 0.041667
0 0.803125 0.402778 0.027083 0.050000
1 0.871615 0.452315 0.026562 0.062037
1 0.871615 0.452778 0.026562 0.064815
0 0.896875 0.474074 0.033333 0.072222
8 0.886198 0.510185 0.083854 0.144444
2 0.952344 0.455556 0.038021 0.072222
8 0.955990 0.503704 0.084896 0.174074
1 0.359115 0.348611 0.022396 0.047222
1 0.401042 0.352315 0.023958 0.050926
8 0.405990 0.362037 0.039062 0.072222
0 0.439063 0.371759 0.027083 0.050926
8 0.542188 0.399074 0.044792 0.083333
