1 0.186719 0.606481 0.073438 0.122222
3 0.139063 0.768519 0.037500 0.037037
1 0.315365 0.598611 0.064062 0.130556
4 0.285938 0.745370 0.056250 0.074074
2 0.377344 0.549537 0.048438 0.091667
4 0.385417 0.643519 0.036458 0.055556
1 0.597917 0.615741 0.065625 0.120370
4 0.591667 0.768519 0.066667 0.074074
0 0.742969 0.555556 0.060937 0.107407
3 0.747917 0.782407 0.044792 0.040741
0 0.860938 0.574537 0.059375 0.119444
5 0.910417 0.803704 0.137500 0.066667
9 0.560417 0.607407 0.085417 0.122222
8 0.185417 0.653241 0.132292 0.217593
8 0.319271 0.657407 0.133333 0.246296
8 0.397396 0.587963 0.082292 0.168519
8 0.593490 0.674537 0.139063 0.243519
8 0.745833 0.646296 0.130208 0.290741
8 0.875260 0.654167 0.152604 0.273148
