8 0.066667 0.237963 0.086458 0.131481
8 0.091667 0.158796 0.055208 0.102778
8 0.135417 0.142593 0.057292 0.079630
8 0.379688 0.140741 0.043750 0.066667
8 0.306771 0.171296 0.038542 0.094444
8 0.255990 0.245833 0.068229 0.136111
8 0.341667 0.251389 0.046875 0.137963
8 0.286198 0.345370 0.102604 0.175926
8 0.163021 0.332407 0.098958 0.183333
8 0.420573 0.155556 0.053646 0.083333
9 0.396615 0.225000 0.060937 0.094444
8 0.450000 0.265278 0.078125 0.136111
8 0.444271 0.351389 0.102083 0.189815
5 0.514844 0.443056 0.040104 0.037963
8 0.516667 0.186111 0.048958 0.105556
8 0.566667 0.205093 0.047917 0.082407
8 0.524219 0.260648 0.069271 0.143519
8 0.539323 0.356481 0.096354 0.179630
8 0.630990 0.229167 0.056771 0.108333
8 0.634896 0.370833 0.100000 0.156481
9 0.710938 0.177778 0.037500 0.053704
9 0.733073 0.191667 0.058854 0.085185
9 0.790365 0.192130 0.044271 0.067593
8 0.762240 0.216667 0.049479 0.090741
8 0.818490 0.218519 0.054688 0.092593
8 0.885938 0.189815 0.043750 0.090741
8 0.838021 0.301852 0.078125 0.131481
8 0.903385 0.339352 0.083854 0.162037
8 0.961198 0.369907 0.077604 0.197222
9 0.551042 0.156944 0.043750 0.063889
8 0.334115 0.143056 0.046354 0.091667
8 0.477865 0.222222 0.047396 0.124074
0 0.058073 0.206019 0.033854 0.065741
1 0.077865 0.142593 0.027604 0.061111
1 0.126562 0.131944 0.025000 0.058333
0 0.329948 0.123611 0.021354 0.045370
1 0.377865 0.133333 0.020313 0.050000
1 0.422917 0.144444 0.023958 0.057407
0 0.301563 0.159259 0.026042 0.055556
0 0.334115 0.212963 0.029687 0.055556
1 0.388021 0.218519 0.028125 0.066667
0 0.252865 0.218519 0.035937 0.072222
1 0.274740 0.198611 0.027604 0.067593
1 0.200521 0.302778 0.037500 0.085185
9 0.214062 0.316667 0.066667 0.118519
0 0.305990 0.253704 0.036979 0.077778
2 0.294792 0.306019 0.044792 0.093519
0 0.159115 0.293056 0.043229 0.093519
0 0.459115 0.106019 0.020313 0.043519
8 0.454167 0.128704 0.033333 0.083333
0 0.513542 0.161111 0.025000 0.055556
0 0.466667 0.195833 0.026042 0.063889
0 0.444271 0.233333 0.033333 0.074074
1 0.524740 0.229167 0.031771 0.076852
1 0.557813 0.151389 0.019792 0.047222
0 0.569792 0.189815 0.022917 0.050000
1 0.454948 0.306019 0.043229 0.087963
1 0.538542 0.321296 0.041667 0.101852
1 0.630990 0.343519 0.048438 0.092593
0 0.632292 0.205556 0.028125 0.062963
1 0.716667 0.173611 0.020833 0.043519
1 0.745313 0.178241 0.026042 0.054630
1 0.794792 0.187037 0.023958 0.055556
0 0.761719 0.195833 0.023438 0.050926
1 0.892969 0.170833 0.026562 0.052778
1 0.824219 0.201852 0.023438 0.053704
1 0.857292 0.274074 0.030208 0.068519
0 0.918490 0.295370 0.042188 0.075926
1 0.979688 0.328704 0.039583 0.103704
