1 0.188021 0.605556 0.062500 0.114815
3 0.141667 0.762037 0.041667 0.044444
1 0.317188 0.593519 0.059375 0.135185
4 0.291667 0.744444 0.058333 0.066667
2 0.377865 0.551852 0.048438 0.096296
4 0.389844 0.642593 0.039062 0.048148
1 0.597917 0.618519 0.062500 0.127778
4 0.594792 0.777778 0.069792 0.066667
0 0.743490 0.555556 0.057813 0.111111
3 0.745313 0.784259 0.041667 0.044444
0 0.866146 0.572222 0.061458 0.111111
5 0.910417 0.807407 0.146875 0.062963
9 0.558594 0.610648 0.080729 0.132407
8 0.186719 0.651389 0.138021 0.221296
8 0.317708 0.659259 0.133333 0.248148
8 0.396094 0.587963 0.091146 0.168519
8 0.593750 0.676852 0.139583 0.238889
8 0.745313 0.650463 0.127083 0.291667
8 0.877865 0.651852 0.154688 0.270370
