0 0.117188 0.501852 0.059375 0.100000
5 0.100000 0.650000 0.128125 0.055556
1 0.248438 0.529630 0.060417 0.118519
4 0.209896 0.652778 0.039583 0.061111
1 0.382812 0.512037 0.047917 0.118519
4 0.369792 0.611111 0.055208 0.055556
5 0.335938 0.692593 0.096875 0.051852
0 0.440365 0.493519 0.035937 0.070370
0 0.610417 0.500000 0.039583 0.081481
4 0.606771 0.604630 0.037500 0.050000
1 0.689063 0.537963 0.037500 0.079630
0 0.793490 0.518519 0.038021 0.088889
1 0.754167 0.597222 0.057292 0.124074
5 0.745313 0.743519 0.091667 0.051852
9 0.690365 0.567593 0.095312 0.131481
9 0.740104 0.637963 0.139583 0.218519
8 0.132812 0.556944 0.148958 0.210185
8 0.252083 0.574074 0.118750 0.190741
8 0.387240 0.574074 0.124479 0.233333
8 0.450521 0.629167 0.064583 0.341667
8 0.599740 0.547222 0.100521 0.177778
8 0.798438 0.562500 0.070833 0.175000
