1 0.148438 0.480556 0.062500 0.103704
5 0.106771 0.604630 0.105208 0.079630
1 0.259896 0.512963 0.059375 0.105556
4 0.239063 0.623148 0.051042 0.055556
0 0.386719 0.465741 0.054688 0.109259
4 0.427865 0.468519 0.036979 0.070370
0 0.336719 0.630556 0.045312 0.075926
0 0.618490 0.470370 0.039062 0.077778
0 0.707292 0.497222 0.036458 0.068519
0 0.759375 0.532407 0.050000 0.101852
1 0.794271 0.510185 0.037500 0.081481
5 0.747917 0.706481 0.087500 0.061111
8 0.150521 0.527315 0.128125 0.197222
8 0.268229 0.558333 0.113542 0.187037
8 0.392969 0.543981 0.146354 0.249074
8 0.446615 0.513426 0.069271 0.158333
8 0.601562 0.523611 0.105208 0.165741
8 0.697396 0.536111 0.087500 0.142593
8 0.742969 0.603241 0.136979 0.217593
8 0.805469 0.550463 0.064062 0.156481
