7 0.113542 0.765741 0.066667 0.124074
3 0.060417 0.832407 0.037500 0.040741
1 0.232813 0.606481 0.039583 0.088889
4 0.210938 0.682407 0.036458 0.037037
7 0.243490 0.742593 0.067187 0.118519
1 0.348438 0.604630 0.046875 0.098148
4 0.338542 0.688889 0.037500 0.062963
1 0.522917 0.621759 0.043750 0.080556
3 0.529167 0.703704 0.034375 0.029630
1 0.629167 0.615741 0.042708 0.087037
6 0.621615 0.693519 0.058854 0.050000
0 0.752865 0.605556 0.060937 0.120370
3 0.753646 0.821759 0.039583 0.043519
0 0.872917 0.618519 0.063542 0.100000
5 0.939063 0.843519 0.115625 0.061111
3 0.226042 0.840741 0.029167 0.037037
9 0.109115 0.733333 0.160938 0.188889
9 0.256771 0.746759 0.152083 0.200926
8 0.238542 0.630556 0.107292 0.133333
8 0.351823 0.633333 0.094271 0.170370
8 0.519792 0.640278 0.105208 0.136111
8 0.627865 0.639815 0.105729 0.125926
8 0.737500 0.684722 0.175000 0.275000
8 0.876042 0.695833 0.113542 0.260185
