1 0.154688 0.653704 0.041667 0.074074
4 0.126042 0.716667 0.045833 0.037037
7 0.229167 0.693519 0.048958 0.083333
7 0.306771 0.694444 0.045833 0.075926
1 0.397917 0.618519 0.042708 0.085185
6 0.372917 0.727778 0.070833 0.048148
1 0.571094 0.655556 0.042188 0.068519
5 0.569792 0.713426 0.041667 0.043519
7 0.769271 0.679630 0.059375 0.096296
7 0.876563 0.748611 0.072917 0.117593
3 0.859115 0.855556 0.057813 0.040741
1 0.690365 0.684722 0.060937 0.130556
4 0.692969 0.827778 0.060937 0.070370
9 0.152865 0.679167 0.096354 0.123148
8 0.396615 0.657870 0.086979 0.162037
8 0.686719 0.745833 0.151562 0.243519
9 0.232813 0.681481 0.100000 0.111111
9 0.309896 0.694444 0.082292 0.077778
9 0.558854 0.686574 0.107292 0.112037
9 0.763021 0.664352 0.095833 0.128704
9 0.863542 0.770833 0.152083 0.184259
