7 0.088542 0.768519 0.076042 0.118519
3 0.046615 0.900000 0.051562 0.033333
0 0.256771 0.697222 0.054167 0.105556
0 0.242969 0.631481 0.039062 0.066667
5 0.188542 0.887037 0.120833 0.066667
0 0.348438 0.619444 0.043750 0.072222
3 0.326042 0.755556 0.021875 0.029630
5 0.357292 0.755556 0.035417 0.027778
0 0.480208 0.623148 0.044792 0.079630
0 0.599740 0.614815 0.042188 0.088889
3 0.613542 0.745370 0.022917 0.024074
1 0.526563 0.727778 0.059375 0.129630
4 0.530990 0.857407 0.054688 0.059259
0 0.703646 0.653704 0.053125 0.114815
3 0.697396 0.863889 0.033333 0.038889
1 0.839063 0.721296 0.068750 0.112963
5 0.888021 0.861111 0.100000 0.059259
8 0.857292 0.763426 0.126042 0.180556
8 0.710417 0.728241 0.123958 0.260185
8 0.599740 0.662963 0.081771 0.166667
8 0.530990 0.779167 0.135937 0.210185
8 0.490104 0.669907 0.073958 0.156481
8 0.346354 0.673611 0.081250 0.165741
8 0.254948 0.760185 0.127604 0.225926
8 0.238021 0.677315 0.055208 0.152778
9 0.113021 0.790741 0.148958 0.203704
