8 0.067448 0.237037 0.086979 0.131481
8 0.094792 0.161111 0.051042 0.116667
8 0.133594 0.143056 0.060937 0.084259
8 0.379688 0.139815 0.043750 0.064815
8 0.305990 0.171759 0.039062 0.089815
8 0.341146 0.247222 0.051042 0.144444
8 0.290365 0.345833 0.120313 0.187963
8 0.163542 0.333333 0.095833 0.175926
8 0.420573 0.155556 0.053646 0.083333
9 0.395573 0.229167 0.059896 0.082407
8 0.454167 0.266667 0.066667 0.125926
8 0.441667 0.346759 0.105208 0.189815
5 0.514844 0.443056 0.040104 0.037963
8 0.568490 0.204630 0.045312 0.081481
8 0.524740 0.268056 0.068229 0.125000
8 0.534115 0.351852 0.088021 0.196296
8 0.630990 0.228704 0.057813 0.109259
8 0.634896 0.373611 0.097917 0.156481
9 0.710938 0.177778 0.037500 0.053704
9 0.730469 0.194907 0.057813 0.075000
9 0.793490 0.187500 0.045312 0.075000
8 0.763542 0.213426 0.048958 0.093519
8 0.816146 0.218519 0.055208 0.092593
8 0.885417 0.190278 0.042708 0.089815
8 0.839063 0.294907 0.069792 0.126852
8 0.903646 0.337963 0.083333 0.162963
8 0.960938 0.369907 0.078125 0.213889
8 0.548438 0.160648 0.040625 0.095370
8 0.027865 0.155556 0.047396 0.085185
8 0.329688 0.144444 0.042708 0.083333
8 0.476823 0.220833 0.050521 0.125000
9 0.212240 0.318981 0.070312 0.119444
8 0.515365 0.183333 0.048438 0.103704
0 0.059115 0.205556 0.032813 0.066667
0 0.035417 0.140278 0.029167 0.054630
2 0.085417 0.137037 0.029167 0.059259
1 0.127865 0.132407 0.023438 0.055556
1 0.294271 0.267593 0.043750 0.088889
6 0.280469 0.379167 0.060937 0.097222
0 0.329688 0.130556 0.023958 0.050000
0 0.299740 0.156019 0.023438 0.054630
0 0.335938 0.206481 0.029167 0.062963
0 0.311719 0.298611 0.045312 0.093519
0 0.155990 0.293056 0.045312 0.087963
1 0.200521 0.305556 0.037500 0.081481
1 0.385417 0.224537 0.030208 0.065741
1 0.423438 0.145833 0.021875 0.058333
1 0.377865 0.133333 0.019271 0.050000
1 0.463021 0.129630 0.021875 0.051852
0 0.483594 0.139815 0.022396 0.050000
8 0.488542 0.160185 0.033333 0.094444
0 0.466667 0.195370 0.027083 0.066667
0 0.444792 0.243519 0.032292 0.081481
0 0.511719 0.163426 0.025521 0.056481
0 0.430990 0.301852 0.043229 0.090741
0 0.532813 0.300000 0.042708 0.094444
1 0.529167 0.243519 0.033333 0.070370
0 0.554948 0.138426 0.025521 0.049074
0 0.570573 0.187500 0.022396 0.045370
0 0.633594 0.206019 0.028646 0.063889
1 0.609115 0.277778 0.032813 0.070370
1 0.637240 0.343056 0.043229 0.093519
9 0.591667 0.293519 0.067708 0.105556
1 0.716667 0.172222 0.018750 0.044444
1 0.744792 0.186574 0.023958 0.054630
1 0.768490 0.194444 0.023438 0.051852
1 0.797396 0.181019 0.026042 0.056481
1 0.892188 0.169907 0.026042 0.054630
0 0.851042 0.265741 0.027083 0.061111
0 0.910417 0.293056 0.038542 0.075000
0 0.980990 0.311574 0.038021 0.093519
0 0.823698 0.198611 0.024479 0.050926
