1 0.137500 0.505556 0.062500 0.107407
6 0.094792 0.616667 0.100000 0.085185
0 0.270313 0.498611 0.050000 0.108333
4 0.242188 0.642593 0.048958 0.055556
2 0.369792 0.488889 0.062500 0.122222
3 0.329688 0.669444 0.030208 0.033333
0 0.439063 0.478704 0.037500 0.083333
0 0.617188 0.489815 0.034375 0.090741
0 0.705469 0.505556 0.039062 0.072222
2 0.788021 0.518519 0.033333 0.074074
0 0.759896 0.558333 0.055208 0.118519
5 0.746615 0.733333 0.098437 0.055556
8 0.140885 0.552315 0.141146 0.191667
8 0.269271 0.553704 0.117708 0.212963
8 0.385937 0.557407 0.162500 0.244444
8 0.444271 0.525926 0.062500 0.161111
8 0.601042 0.531019 0.102083 0.162037
8 0.699740 0.547685 0.076563 0.143519
8 0.741667 0.618981 0.139583 0.232407
8 0.804948 0.558796 0.066146 0.163889
