0 0.191146 0.592593 0.068750 0.111111
3 0.139063 0.766667 0.035417 0.037037
1 0.290365 0.577778 0.045312 0.074074
4 0.285938 0.643519 0.031250 0.035185
0 0.341667 0.570370 0.058333 0.111111
0 0.404687 0.537963 0.046875 0.081481
1 0.567969 0.581481 0.035937 0.077778
1 0.599740 0.605556 0.051562 0.118519
3 0.584896 0.774074 0.043750 0.068519
1 0.763542 0.579630 0.035417 0.077778
0 0.808594 0.575000 0.057813 0.118519
1 0.966146 0.636111 0.060417 0.131481
8 0.189323 0.651852 0.129688 0.224074
8 0.339844 0.643056 0.125521 0.252778
8 0.290365 0.600926 0.060937 0.118519
8 0.411979 0.586574 0.082292 0.191667
8 0.594531 0.670833 0.146354 0.256481
8 0.798438 0.651852 0.144792 0.275926
8 0.942969 0.691204 0.114062 0.221296
9 0.557292 0.607407 0.079167 0.138889
9 0.747396 0.608333 0.089583 0.140741
