8 0.062760 0.244444 0.082812 0.116667
8 0.066667 0.179167 0.072917 0.115741
8 0.109115 0.168056 0.052604 0.091667
8 0.141667 0.146759 0.048958 0.078704
8 0.341667 0.135185 0.033333 0.079630
8 0.305469 0.174537 0.031771 0.091667
8 0.376042 0.139352 0.044792 0.069444
8 0.421615 0.156481 0.051562 0.087037
8 0.400000 0.216204 0.065625 0.100926
8 0.468490 0.219444 0.072396 0.122222
8 0.517188 0.186574 0.046875 0.095370
8 0.348438 0.244907 0.071875 0.143519
9 0.564323 0.208796 0.050521 0.067593
8 0.626563 0.225926 0.072917 0.105556
9 0.597917 0.288426 0.067708 0.093519
8 0.638542 0.372222 0.133333 0.162963
8 0.534115 0.349074 0.092188 0.194444
8 0.445312 0.353241 0.089583 0.187963
8 0.260937 0.243981 0.073958 0.125000
9 0.207813 0.315741 0.072917 0.122222
8 0.275260 0.355556 0.119271 0.155556
8 0.323437 0.296296 0.094792 0.175926
8 0.150260 0.337500 0.108854 0.178704
5 0.259115 0.427315 0.070312 0.037963
9 0.448958 0.282407 0.071875 0.100000
5 0.516146 0.443056 0.037500 0.032407
8 0.702344 0.174537 0.042188 0.093519
9 0.732292 0.193056 0.058333 0.078704
8 0.767448 0.219444 0.056771 0.085185
8 0.810417 0.217593 0.042708 0.096296
8 0.886458 0.200926 0.048958 0.074074
8 0.832292 0.293056 0.072917 0.126852
8 0.901563 0.340278 0.091667 0.162037
1 0.067187 0.225926 0.033333 0.074074
0 0.071094 0.146296 0.029687 0.048148
1 0.044792 0.137500 0.028125 0.058333
1 0.097917 0.154167 0.026042 0.058333
1 0.131250 0.136574 0.021875 0.054630
0 0.134635 0.295370 0.045312 0.087037
1 0.194271 0.301389 0.040625 0.087963
1 0.268490 0.321759 0.044271 0.087963
0 0.280990 0.213889 0.033854 0.062963
1 0.297917 0.255093 0.039583 0.091667
0 0.329167 0.205556 0.029167 0.061111
0 0.305990 0.159259 0.024479 0.053704
1 0.336719 0.121296 0.020313 0.051852
2 0.364063 0.131019 0.018750 0.049074
0 0.405990 0.202315 0.029687 0.063889
1 0.421875 0.142593 0.021875 0.055556
0 0.442969 0.117130 0.020313 0.045370
8 0.444792 0.135648 0.028125 0.080556
0 0.461719 0.190278 0.028646 0.058333
1 0.473698 0.149537 0.022396 0.052778
0 0.512240 0.165741 0.023438 0.053704
0 0.452865 0.301852 0.039062 0.087037
1 0.537760 0.302315 0.040104 0.097222
9 0.547396 0.158333 0.044792 0.064815
1 0.555990 0.151852 0.021354 0.048148
0 0.619271 0.202315 0.026042 0.058333
1 0.613542 0.281019 0.032292 0.073148
1 0.646094 0.341204 0.047396 0.100926
4 0.643490 0.430556 0.054688 0.038889
1 0.712240 0.149074 0.018229 0.042593
1 0.746615 0.180556 0.023438 0.053704
1 0.777344 0.203704 0.024479 0.050000
1 0.812240 0.197222 0.021354 0.055556
1 0.798698 0.174537 0.024479 0.054630
1 0.897396 0.190741 0.026042 0.051852
1 0.844010 0.267593 0.028646 0.068519
4 0.850260 0.337963 0.034896 0.031481
0 0.909115 0.297685 0.039062 0.073148
1 0.974740 0.283333 0.030729 0.066667
9 0.962500 0.293981 0.056250 0.089815
