8 0.069271 0.248611 0.088542 0.130556
8 0.135417 0.143056 0.057292 0.084259
8 0.092188 0.158333 0.055208 0.111111
8 0.332292 0.153704 0.044792 0.077778
8 0.304167 0.177315 0.044792 0.099074
8 0.343490 0.249074 0.060937 0.133333
9 0.392969 0.227778 0.054688 0.088889
8 0.418490 0.155556 0.055729 0.085185
8 0.472396 0.218519 0.046875 0.114815
8 0.441667 0.265278 0.068750 0.121296
8 0.526563 0.256019 0.066667 0.139815
8 0.571615 0.206019 0.050521 0.082407
8 0.644792 0.229167 0.060417 0.112037
8 0.599740 0.281019 0.053646 0.095370
8 0.635417 0.368056 0.098958 0.163889
8 0.543490 0.362037 0.094271 0.168519
8 0.446615 0.345833 0.092188 0.187963
9 0.260417 0.363426 0.130208 0.143519
8 0.324219 0.305556 0.111979 0.146296
8 0.143490 0.343519 0.134896 0.177778
8 0.213542 0.302778 0.068750 0.138889
8 0.279167 0.201389 0.048958 0.087963
8 0.257292 0.255556 0.059375 0.105556
9 0.709115 0.180093 0.039062 0.056481
8 0.729948 0.189352 0.052604 0.097222
8 0.791146 0.182407 0.044792 0.079630
8 0.765365 0.217593 0.057813 0.100000
8 0.816667 0.218519 0.053125 0.092593
8 0.884896 0.192130 0.041667 0.091667
8 0.832292 0.293981 0.073958 0.132407
8 0.904167 0.336111 0.085417 0.159259
8 0.963021 0.387500 0.073958 0.193519
8 0.033594 0.156019 0.053646 0.075000
9 0.547917 0.156019 0.042708 0.069444
1 0.063542 0.225000 0.032292 0.068519
2 0.035417 0.146759 0.033333 0.056481
2 0.080990 0.140741 0.029687 0.064815
1 0.126042 0.131019 0.025000 0.056481
1 0.368490 0.118056 0.020313 0.052778
8 0.377865 0.131944 0.050521 0.082407
2 0.332813 0.143519 0.026042 0.051852
0 0.301563 0.156019 0.025000 0.052778
0 0.271094 0.189815 0.026562 0.059259
0 0.339323 0.209722 0.030729 0.056481
1 0.423438 0.146759 0.022917 0.056481
1 0.388542 0.218519 0.030208 0.066667
1 0.298438 0.279167 0.041667 0.087963
1 0.262240 0.243519 0.033854 0.077778
1 0.215365 0.280093 0.039062 0.087963
0 0.148698 0.307407 0.047396 0.101852
1 0.254167 0.343519 0.047917 0.098148
0 0.442188 0.298148 0.038542 0.081481
1 0.429688 0.243056 0.031250 0.071296
0 0.455990 0.118519 0.020313 0.046296
8 0.463542 0.140741 0.043750 0.083333
0 0.470313 0.192130 0.026042 0.058333
8 0.516667 0.162963 0.023958 0.055556
8 0.519792 0.186111 0.048958 0.096296
1 0.523438 0.229167 0.032292 0.076852
0 0.569792 0.189815 0.020833 0.048148
1 0.555990 0.144907 0.020313 0.047222
0 0.647396 0.206019 0.029167 0.065741
1 0.607292 0.270833 0.034375 0.075000
5 0.398438 0.431944 0.060417 0.032407
5 0.514844 0.443519 0.038021 0.035185
2 0.564063 0.330556 0.044792 0.101852
1 0.622917 0.337500 0.047917 0.093519
1 0.716667 0.172685 0.018750 0.043519
1 0.738542 0.168519 0.022917 0.053704
1 0.763542 0.193056 0.022917 0.052778
1 0.786198 0.169444 0.025521 0.053704
1 0.825521 0.200000 0.025000 0.055556
0 0.840365 0.262037 0.028646 0.057407
0 0.866146 0.229167 0.026042 0.052778
1 0.892188 0.169907 0.026042 0.050926
0 0.913542 0.299537 0.038542 0.069444
1 0.986719 0.282870 0.026562 0.069444
9 0.968490 0.300926 0.061979 0.105556
