8 0.069792 0.240278 0.088542 0.137963
8 0.065625 0.172222 0.075000 0.124074
8 0.141146 0.143519 0.048958 0.075926
8 0.336719 0.143519 0.051562 0.090741
8 0.305990 0.174074 0.041146 0.094444
8 0.379167 0.143056 0.041667 0.063889
8 0.419792 0.156019 0.054167 0.082407
8 0.477865 0.162037 0.039062 0.105556
8 0.476562 0.221296 0.055208 0.125926
8 0.523698 0.193056 0.049479 0.102778
8 0.551042 0.143056 0.037500 0.080556
8 0.571094 0.206019 0.048438 0.071296
8 0.632292 0.229630 0.055208 0.105556
8 0.644792 0.368519 0.135417 0.179630
8 0.604167 0.333333 0.064583 0.131481
9 0.600521 0.288889 0.067708 0.100000
8 0.538542 0.355556 0.094792 0.175926
8 0.444792 0.350926 0.101042 0.187037
8 0.447917 0.262037 0.076042 0.142593
9 0.398438 0.225463 0.060417 0.093519
8 0.327865 0.306481 0.073438 0.153704
8 0.341667 0.248148 0.043750 0.131481
8 0.270573 0.244444 0.071354 0.127778
8 0.274740 0.343519 0.113021 0.179630
8 0.213021 0.304167 0.082292 0.145370
8 0.162240 0.337500 0.098437 0.180556
9 0.710417 0.179630 0.037500 0.057407
9 0.732292 0.193056 0.058333 0.082407
8 0.764844 0.218519 0.048438 0.096296
8 0.810417 0.218056 0.044792 0.087963
8 0.885938 0.193056 0.048958 0.089815
8 0.839844 0.303241 0.075521 0.117593
8 0.899219 0.334722 0.079687 0.156481
8 0.959896 0.368519 0.079167 0.205556
0 0.063542 0.212037 0.033333 0.070370
0 0.073438 0.140741 0.033333 0.057407
1 0.044792 0.148148 0.028125 0.066667
8 0.035417 0.158333 0.048958 0.085185
1 0.134896 0.136574 0.025000 0.056481
0 0.340365 0.129167 0.021354 0.050926
1 0.300521 0.159722 0.023958 0.056481
0 0.273438 0.183796 0.025000 0.060185
0 0.335938 0.212963 0.028125 0.055556
0 0.288021 0.218519 0.034375 0.068519
1 0.322917 0.280556 0.038542 0.085185
1 0.194271 0.279167 0.038542 0.093519
0 0.271615 0.305556 0.036979 0.098148
5 0.258594 0.421759 0.075521 0.030556
0 0.154688 0.295833 0.042708 0.093519
1 0.389844 0.215278 0.029687 0.063889
1 0.374740 0.135185 0.020313 0.050000
1 0.419271 0.143519 0.025000 0.059259
0 0.444792 0.112037 0.020833 0.044444
8 0.444792 0.131019 0.031250 0.087963
0 0.471615 0.132870 0.023438 0.047222
1 0.465365 0.194444 0.026562 0.066667
0 0.447917 0.230556 0.032292 0.075926
0 0.454948 0.297685 0.041146 0.080556
0 0.544792 0.316204 0.040625 0.091667
5 0.515365 0.443056 0.040104 0.036111
1 0.523958 0.173148 0.023958 0.057407
2 0.552083 0.130093 0.023958 0.049074
4 0.555990 0.141667 0.023438 0.029630
1 0.574740 0.200463 0.021354 0.050926
1 0.615365 0.275000 0.034896 0.068519
0 0.627344 0.205556 0.026562 0.059259
1 0.620313 0.311111 0.030208 0.077778
1 0.651042 0.333796 0.046875 0.102778
4 0.654167 0.431481 0.051042 0.040741
1 0.716667 0.174074 0.019792 0.044444
1 0.744792 0.178704 0.022917 0.053704
1 0.793490 0.193519 0.024479 0.053704
1 0.771615 0.194907 0.023438 0.050926
2 0.808073 0.203704 0.025521 0.051852
1 0.895573 0.174074 0.025521 0.055556
1 0.860938 0.280556 0.031250 0.070370
6 0.847396 0.341667 0.042708 0.025926
0 0.906771 0.293056 0.037500 0.073148
0 0.980990 0.312037 0.038021 0.092593
5 0.895052 0.416667 0.031771 0.025926
5 0.979167 0.469444 0.040625 0.031481
