0 0.092188 0.640741 0.077083 0.140741
3 0.044792 0.849074 0.052083 0.044444
0 0.243490 0.591667 0.045312 0.090741
7 0.194792 0.764815 0.072917 0.114815
0 0.351042 0.572222 0.037500 0.081481
3 0.326042 0.705556 0.030208 0.037037
0 0.484896 0.568519 0.036458 0.085185
1 0.508594 0.704630 0.057813 0.109259
4 0.538542 0.812037 0.035417 0.055556
0 0.605990 0.568519 0.042188 0.079630
0 0.701042 0.605556 0.054167 0.103704
3 0.694792 0.818519 0.028125 0.037037
1 0.843490 0.655556 0.054688 0.114815
5 0.885938 0.820370 0.095833 0.062963
3 0.610938 0.704630 0.029167 0.027778
9 0.217969 0.751852 0.151562 0.209259
8 0.104167 0.698148 0.132292 0.255556
8 0.246615 0.630556 0.096354 0.170370
8 0.346094 0.619444 0.094271 0.175926
8 0.490625 0.618056 0.097917 0.167593
9 0.532292 0.739815 0.139583 0.200000
8 0.604688 0.616667 0.098958 0.183333
8 0.707292 0.688889 0.127083 0.274074
8 0.854948 0.712037 0.131771 0.218519
