1 0.038542 0.611574 0.066667 0.106481
2 0.121354 0.583333 0.062500 0.111111
1 0.039844 0.551852 0.045312 0.037037
6 0.113542 0.743519 0.114583 0.085185
1 0.257292 0.540741 0.043750 0.088889
6 0.250521 0.630556 0.075000 0.057407
1 0.364063 0.589815 0.054167 0.124074
4 0.355469 0.714815 0.051562 0.037037
5 0.367969 0.753704 0.089063 0.025926
1 0.452344 0.528241 0.035937 0.080556
4 0.454688 0.605556 0.043750 0.042593
1 0.622917 0.492593 0.037500 0.066667
1 0.704688 0.468519 0.038542 0.081481
1 0.795312 0.446759 0.042708 0.080556
1 0.667188 0.529630 0.050000 0.111111
2 0.761719 0.527778 0.064062 0.129630
1 0.924219 0.499537 0.064062 0.119444
4 0.953646 0.663889 0.060417 0.064815
6 0.802344 0.680556 0.095312 0.074074
8 0.051042 0.657407 0.101042 0.220370
8 0.151042 0.645370 0.138542 0.229630
8 0.268490 0.573148 0.105729 0.131481
8 0.373958 0.638889 0.153125 0.211111
8 0.460417 0.557407 0.094792 0.135185
8 0.616667 0.530556 0.045833 0.131481
8 0.654948 0.587037 0.109896 0.238889
8 0.711719 0.513889 0.053646 0.155556
8 0.809115 0.493519 0.071354 0.164815
8 0.776042 0.584259 0.148958 0.238889
8 0.925260 0.569907 0.146354 0.254630
