0 0.180469 0.593519 0.064062 0.120370
3 0.140365 0.766667 0.035937 0.037037
1 0.276042 0.571296 0.039583 0.088889
4 0.271615 0.642593 0.026562 0.037037
0 0.319792 0.577778 0.063542 0.125926
4 0.288542 0.758333 0.054167 0.068519
1 0.402865 0.555556 0.042188 0.090741
4 0.392188 0.655556 0.031250 0.051852
1 0.573438 0.572685 0.029167 0.080556
0 0.601042 0.592593 0.054167 0.107407
4 0.595313 0.780556 0.060417 0.051852
2 0.768750 0.580556 0.065625 0.133333
4 0.763542 0.767593 0.050000 0.053704
5 0.919792 0.805556 0.137500 0.057407
8 0.178385 0.650000 0.134896 0.227778
8 0.319010 0.653241 0.136979 0.260185
8 0.267969 0.599537 0.064062 0.130556
8 0.594792 0.673611 0.139583 0.269444
8 0.752865 0.656944 0.125521 0.289815
8 0.872396 0.673611 0.125000 0.241667
9 0.408073 0.596296 0.088021 0.166667
9 0.555469 0.604630 0.074479 0.138889
0 0.872917 0.618056 0.061458 0.119444
