1 0.151042 0.652778 0.041667 0.079630
4 0.126042 0.718519 0.045833 0.044444
1 0.221094 0.627778 0.045312 0.092593
4 0.221615 0.718519 0.039062 0.044444
2 0.314063 0.616667 0.039583 0.074074
4 0.305469 0.722685 0.042188 0.043519
1 0.392188 0.623611 0.040625 0.084259
6 0.372917 0.729630 0.075000 0.055556
0 0.572917 0.623611 0.041667 0.078704
3 0.574219 0.721296 0.035937 0.037037
1 0.763542 0.607407 0.043750 0.087037
4 0.771615 0.705556 0.042188 0.048148
0 0.851042 0.668519 0.062500 0.125926
3 0.860938 0.856481 0.053125 0.044444
2 0.648438 0.628704 0.055208 0.112963
9 0.154167 0.681019 0.096875 0.119444
8 0.227865 0.658796 0.100521 0.152778
8 0.309896 0.658333 0.081250 0.151852
8 0.394792 0.661111 0.097917 0.151852
8 0.569792 0.706019 0.082292 0.237963
8 0.679688 0.703704 0.111458 0.257407
8 0.763542 0.650000 0.093750 0.157407
8 0.859896 0.730556 0.142708 0.235185
