1 0.030990 0.468519 0.060937 0.118519
5 0.043229 0.580556 0.085417 0.083333
1 0.197917 0.480556 0.054167 0.118519
4 0.185417 0.604630 0.054167 0.053704
1 0.325521 0.454630 0.057292 0.124074
4 0.284115 0.577778 0.042188 0.051852
5 0.282292 0.635648 0.119792 0.043519
0 0.372917 0.443519 0.038542 0.059259
0 0.557292 0.449537 0.033333 0.073148
0 0.637760 0.475463 0.031771 0.065741
0 0.728125 0.480556 0.037500 0.077778
0 0.689063 0.499537 0.045833 0.104630
5 0.689063 0.680556 0.085417 0.044444
9 0.074219 0.511111 0.142187 0.194444
8 0.206510 0.530556 0.121354 0.185185
8 0.339844 0.519444 0.154688 0.240741
8 0.389844 0.493056 0.071354 0.160185
8 0.545312 0.494444 0.093750 0.168519
8 0.632812 0.513889 0.075000 0.131481
8 0.680469 0.567130 0.126562 0.223148
8 0.738542 0.527315 0.061458 0.162037
