8 0.065365 0.243519 0.079687 0.120370
8 0.095573 0.162963 0.053646 0.105556
8 0.137240 0.148611 0.050521 0.069444
8 0.146094 0.340741 0.126562 0.175926
8 0.277865 0.357407 0.114062 0.155556
9 0.251042 0.255093 0.072917 0.100926
8 0.318490 0.293519 0.079687 0.172222
8 0.305990 0.180093 0.039062 0.078704
8 0.376563 0.135185 0.046875 0.068519
9 0.396615 0.224074 0.067187 0.094444
8 0.421094 0.157870 0.055729 0.086111
8 0.444792 0.130556 0.029167 0.079630
8 0.466146 0.218056 0.066667 0.134259
9 0.447917 0.281019 0.072917 0.102778
8 0.446615 0.343981 0.090104 0.180556
8 0.535417 0.345833 0.091667 0.187963
8 0.518490 0.200463 0.048438 0.075000
8 0.565625 0.175926 0.056250 0.075926
8 0.564063 0.206019 0.045833 0.078704
8 0.636719 0.230093 0.057813 0.106481
9 0.596615 0.288889 0.067187 0.088889
8 0.638542 0.369444 0.131250 0.166667
4 0.643490 0.430556 0.051562 0.040741
9 0.736719 0.193056 0.048438 0.073148
8 0.765625 0.216667 0.053125 0.094444
8 0.816146 0.210648 0.056250 0.106481
8 0.885938 0.200463 0.048958 0.075000
9 0.834896 0.306481 0.075000 0.103704
8 0.896094 0.336111 0.081771 0.157407
8 0.949740 0.288889 0.046354 0.111111
5 0.259896 0.426852 0.069792 0.035185
5 0.515365 0.443056 0.038021 0.032407
5 0.978646 0.468519 0.042708 0.031481
8 0.338542 0.247222 0.048958 0.144444
8 0.948438 0.367130 0.102083 0.197222
8 0.702865 0.178704 0.044271 0.103704
1 0.063542 0.220833 0.033333 0.075000
2 0.084115 0.143519 0.029687 0.061111
1 0.126042 0.143056 0.025000 0.056481
0 0.149740 0.298611 0.043229 0.093519
1 0.267969 0.326852 0.045312 0.088889
1 0.301563 0.255556 0.039583 0.088889
1 0.266667 0.243519 0.033333 0.075926
0 0.332813 0.206019 0.030208 0.058333
0 0.319792 0.131019 0.020833 0.050926
1 0.309115 0.168056 0.025521 0.054630
1 0.336719 0.119907 0.017188 0.050926
8 0.342969 0.136574 0.032813 0.080556
2 0.364063 0.126852 0.019792 0.050000
1 0.396615 0.217130 0.030729 0.067593
1 0.422917 0.143519 0.021875 0.055556
0 0.440365 0.116667 0.020313 0.046296
0 0.464844 0.180093 0.027604 0.056481
0 0.455469 0.297222 0.039062 0.081481
0 0.537240 0.294907 0.039062 0.087963
1 0.519271 0.193519 0.023958 0.057407
0 0.568490 0.193519 0.023438 0.051852
1 0.572917 0.156944 0.025000 0.047222
0 0.635938 0.206019 0.027083 0.060185
1 0.644271 0.341204 0.045833 0.100926
1 0.710938 0.147685 0.019792 0.043519
1 0.746615 0.182407 0.024479 0.050000
1 0.769792 0.193519 0.021875 0.050000
2 0.804688 0.185648 0.023958 0.054630
1 0.894792 0.186111 0.027083 0.044444
1 0.854948 0.291204 0.030729 0.067593
4 0.847917 0.339352 0.033333 0.026852
0 0.905990 0.295833 0.038021 0.076852
0 0.956771 0.265278 0.031250 0.063889
0 0.984115 0.311574 0.031771 0.093519
9 0.212240 0.319444 0.082812 0.114815
1 0.191667 0.310185 0.037500 0.079630
