0 0.094792 0.632407 0.072917 0.131481
3 0.044792 0.850926 0.055208 0.031481
0 0.242188 0.580556 0.043750 0.077778
0 0.347396 0.570370 0.043750 0.074074
1 0.194792 0.768519 0.075000 0.116667
3 0.326042 0.710185 0.023958 0.031481
0 0.488021 0.574074 0.041667 0.081481
1 0.510938 0.701852 0.066667 0.122222
4 0.537240 0.813889 0.035937 0.050000
0 0.607292 0.572222 0.047917 0.081481
3 0.612240 0.704630 0.026562 0.042593
0 0.701042 0.605556 0.055208 0.103704
3 0.697396 0.818519 0.031250 0.033333
1 0.839844 0.656481 0.054688 0.116667
5 0.883594 0.818519 0.095312 0.059259
9 0.217448 0.750463 0.146354 0.206481
8 0.105990 0.704167 0.133854 0.267593
8 0.246615 0.630093 0.090104 0.169444
8 0.346875 0.622685 0.091667 0.171296
8 0.486198 0.617593 0.092188 0.168519
9 0.530990 0.742593 0.135937 0.203704
8 0.604688 0.618056 0.103125 0.176852
8 0.708333 0.693056 0.130208 0.271296
8 0.851042 0.710185 0.135417 0.218519
