1 0.123438 0.518519 0.062500 0.114815
6 0.091146 0.643519 0.110417 0.074074
2 0.252344 0.518519 0.057813 0.118519
1 0.215365 0.648148 0.045312 0.066667
2 0.379688 0.483333 0.064583 0.111111
3 0.322396 0.680556 0.034375 0.044444
2 0.429688 0.488889 0.041667 0.074074
2 0.603646 0.488889 0.039583 0.074074
1 0.691667 0.533333 0.041667 0.085185
2 0.798438 0.537037 0.045833 0.081481
1 0.741146 0.576852 0.064583 0.118519
5 0.735938 0.741667 0.088542 0.057407
8 0.126042 0.566667 0.154167 0.194444
8 0.257292 0.575000 0.120833 0.203704
8 0.387760 0.562963 0.146354 0.253704
8 0.446615 0.532407 0.069271 0.161111
8 0.586719 0.546759 0.104688 0.176852
8 0.684115 0.564815 0.086979 0.133333
8 0.730469 0.630556 0.138021 0.218519
8 0.796615 0.579167 0.065104 0.154630
