8 0.063542 0.243056 0.081250 0.119444
8 0.063542 0.173148 0.080208 0.129630
8 0.110417 0.167130 0.055208 0.089815
8 0.141667 0.148611 0.051042 0.078704
8 0.341146 0.132870 0.032292 0.078704
8 0.305990 0.177315 0.035937 0.087963
8 0.372135 0.136111 0.044271 0.068519
8 0.424740 0.158333 0.044271 0.090741
8 0.396615 0.212037 0.065104 0.118519
8 0.471615 0.218519 0.072396 0.133333
8 0.517969 0.186574 0.044271 0.093519
8 0.348438 0.250926 0.055208 0.137037
8 0.564063 0.202778 0.047917 0.083333
8 0.626042 0.229630 0.070833 0.105556
9 0.596615 0.285185 0.068229 0.094444
8 0.638542 0.371296 0.133333 0.162963
8 0.534115 0.349537 0.092188 0.193519
8 0.446094 0.350000 0.088021 0.183333
8 0.212240 0.298148 0.076563 0.157407
8 0.276042 0.355556 0.115625 0.153704
8 0.324740 0.297222 0.093229 0.175926
8 0.151042 0.334722 0.110417 0.180556
5 0.259115 0.427315 0.070312 0.037963
9 0.450521 0.275000 0.073958 0.118519
5 0.536719 0.426852 0.079687 0.037037
8 0.702865 0.174074 0.042188 0.094444
9 0.732292 0.192130 0.059375 0.082407
9 0.769271 0.220833 0.057292 0.080556
8 0.814063 0.217593 0.045833 0.094444
8 0.883073 0.196296 0.053646 0.077778
9 0.832292 0.305556 0.072917 0.105556
8 0.896615 0.338889 0.079687 0.155556
8 0.961198 0.362037 0.077604 0.209259
5 0.979167 0.468056 0.041667 0.032407
1 0.068490 0.222222 0.029687 0.068519
1 0.051042 0.143056 0.032292 0.063889
1 0.098437 0.153704 0.025000 0.059259
1 0.130469 0.136574 0.024479 0.054630
0 0.139844 0.294444 0.042188 0.096296
1 0.227865 0.262037 0.041146 0.081481
1 0.268490 0.323148 0.045312 0.092593
1 0.298438 0.256019 0.040625 0.087963
0 0.279167 0.213426 0.035417 0.062037
0 0.343490 0.211574 0.028646 0.060185
1 0.304948 0.162037 0.024479 0.055556
1 0.336719 0.120833 0.021354 0.050926
1 0.362240 0.130556 0.021354 0.050000
0 0.400521 0.184259 0.029167 0.055556
1 0.464583 0.184722 0.026042 0.063889
1 0.415365 0.143056 0.022396 0.056481
8 0.442188 0.135648 0.035417 0.082407
1 0.444792 0.118981 0.020833 0.049074
0 0.441667 0.255093 0.030208 0.071296
0 0.452865 0.302778 0.036979 0.087037
1 0.538021 0.302315 0.041667 0.104630
1 0.517969 0.168519 0.023438 0.057407
0 0.564063 0.180556 0.022917 0.040741
1 0.556771 0.149074 0.019792 0.044444
9 0.548438 0.157870 0.042708 0.063889
0 0.622917 0.206944 0.026042 0.062037
1 0.613542 0.280556 0.033333 0.070370
1 0.646615 0.343056 0.046354 0.099074
4 0.644271 0.430093 0.054167 0.041667
1 0.712240 0.148611 0.017188 0.043519
1 0.746615 0.180093 0.023438 0.050926
2 0.785417 0.206944 0.023958 0.050926
1 0.810417 0.195833 0.022917 0.052778
1 0.894792 0.184722 0.026042 0.049074
1 0.851042 0.287963 0.027083 0.068519
4 0.849740 0.332407 0.032813 0.029630
0 0.909115 0.299537 0.035937 0.071296
0 0.982292 0.306019 0.035417 0.093519
