0 0.097396 0.635185 0.072917 0.131481
3 0.048438 0.843519 0.062500 0.040741
1 0.248438 0.581481 0.053125 0.088889
7 0.192188 0.755556 0.063542 0.124074
0 0.340625 0.578704 0.043750 0.083333
3 0.322917 0.705556 0.028125 0.033333
0 0.491146 0.562963 0.039583 0.074074
1 0.513542 0.689815 0.060417 0.120370
4 0.538542 0.810185 0.037500 0.068519
0 0.620313 0.568519 0.050000 0.081481
0 0.698438 0.605556 0.053125 0.105556
3 0.609896 0.703704 0.027083 0.029630
3 0.694792 0.823148 0.029167 0.042593
1 0.834896 0.672222 0.052083 0.105556
5 0.884896 0.822222 0.093750 0.055556
8 0.107292 0.703704 0.133333 0.264815
8 0.253646 0.626852 0.094792 0.175926
8 0.342187 0.625926 0.090625 0.164815
8 0.489844 0.612963 0.104688 0.175926
9 0.534375 0.727778 0.134375 0.216667
8 0.613542 0.618519 0.108333 0.181481
8 0.710417 0.688889 0.132292 0.272222
8 0.852865 0.718519 0.131771 0.205556
9 0.218490 0.743056 0.148438 0.221296
