8 0.067969 0.230556 0.086979 0.131481
8 0.093490 0.166667 0.051562 0.114815
8 0.135417 0.143519 0.055208 0.079630
8 0.380990 0.140278 0.042188 0.063889
8 0.304688 0.174074 0.038542 0.094444
8 0.258073 0.249537 0.052604 0.113889
8 0.342187 0.250463 0.051042 0.137963
8 0.283073 0.343519 0.105729 0.179630
8 0.165365 0.330556 0.101562 0.185185
8 0.422917 0.155556 0.048958 0.083333
8 0.400521 0.216204 0.055208 0.104630
8 0.451042 0.265741 0.076042 0.125926
8 0.442969 0.348148 0.101562 0.187037
5 0.514844 0.443056 0.040104 0.037963
8 0.568490 0.204167 0.044271 0.076852
8 0.524740 0.262500 0.068229 0.130556
8 0.538542 0.360185 0.094792 0.174074
8 0.630990 0.228704 0.057813 0.109259
8 0.635417 0.373611 0.097917 0.156481
9 0.710938 0.177778 0.037500 0.053704
9 0.730208 0.194907 0.056250 0.075000
9 0.793490 0.187500 0.045312 0.075000
8 0.762240 0.216204 0.051562 0.091667
8 0.816146 0.218519 0.055208 0.092593
8 0.884896 0.186574 0.043750 0.093519
8 0.838021 0.293056 0.070833 0.130556
8 0.904167 0.338889 0.083333 0.162963
8 0.957812 0.374074 0.083333 0.216667
9 0.551562 0.163426 0.041667 0.091667
8 0.035417 0.155556 0.042708 0.094444
8 0.330469 0.143981 0.043229 0.089815
8 0.476042 0.220370 0.048958 0.120370
8 0.217708 0.293056 0.078125 0.160185
8 0.519271 0.185648 0.048958 0.106481
8 0.326042 0.306019 0.084375 0.162037
0 0.015365 0.239352 0.029687 0.076852
8 0.029948 0.281019 0.058854 0.165741
0 0.059115 0.206019 0.035937 0.071296
2 0.042969 0.143519 0.028646 0.059259
2 0.082292 0.142130 0.030208 0.065741
1 0.127865 0.132407 0.027604 0.057407
0 0.330469 0.128704 0.021354 0.050000
0 0.298438 0.155556 0.026042 0.055556
1 0.379167 0.131944 0.018750 0.049074
1 0.423438 0.144444 0.021875 0.059259
0 0.460417 0.116204 0.019792 0.043519
8 0.457292 0.130556 0.035417 0.074074
1 0.272396 0.192130 0.026042 0.062037
1 0.261719 0.235185 0.035937 0.079630
1 0.216667 0.259722 0.045833 0.087963
1 0.303646 0.270370 0.038542 0.090741
0 0.334115 0.213426 0.029687 0.063889
0 0.278906 0.303704 0.046354 0.092593
0 0.155469 0.292593 0.045312 0.098148
0 0.398438 0.193519 0.029167 0.062963
0 0.442188 0.243519 0.035417 0.079630
0 0.482812 0.143056 0.025000 0.054630
8 0.488542 0.160648 0.036458 0.093519
1 0.466667 0.193519 0.026042 0.064815
1 0.527865 0.237037 0.032813 0.081481
1 0.553385 0.143981 0.024479 0.054630
1 0.540365 0.322685 0.040104 0.100926
1 0.634115 0.346296 0.048438 0.096296
0 0.519271 0.165741 0.025000 0.057407
0 0.568490 0.192130 0.023438 0.049074
0 0.632812 0.207407 0.029167 0.062963
1 0.717969 0.173611 0.018229 0.043519
1 0.745313 0.187500 0.023958 0.056481
1 0.796615 0.181019 0.026562 0.054630
1 0.766146 0.195833 0.023958 0.050926
1 0.892188 0.170833 0.025000 0.054630
0 0.824219 0.198611 0.023438 0.050926
0 0.845313 0.262500 0.030208 0.058333
0 0.919271 0.296296 0.038542 0.077778
2 0.431510 0.300463 0.046354 0.097222
2 0.978125 0.330093 0.043750 0.121296
