8 0.066667 0.242593 0.089583 0.120370
9 0.092188 0.168519 0.065625 0.094444
8 0.137500 0.153241 0.050000 0.073148
8 0.159115 0.343056 0.097396 0.149074
8 0.276823 0.355556 0.116146 0.159259
9 0.208594 0.315278 0.089063 0.126852
9 0.316667 0.307407 0.082292 0.144444
9 0.247917 0.255556 0.069792 0.105556
8 0.343490 0.252778 0.060937 0.138889
8 0.307292 0.180556 0.043750 0.079630
8 0.398438 0.205556 0.062500 0.118519
8 0.330990 0.151852 0.031771 0.087037
8 0.380469 0.136111 0.042188 0.068519
8 0.424219 0.156019 0.048438 0.084259
8 0.474219 0.164815 0.042188 0.103704
9 0.513542 0.193981 0.048958 0.075000
8 0.630990 0.228704 0.065104 0.105556
8 0.572917 0.168056 0.063542 0.084259
8 0.568490 0.206481 0.050521 0.074074
8 0.447396 0.354167 0.090625 0.186111
8 0.535417 0.355556 0.089583 0.168519
8 0.646615 0.368519 0.138021 0.172222
8 0.605990 0.331481 0.070312 0.131481
8 0.525521 0.276852 0.068750 0.096296
5 0.259115 0.426852 0.069271 0.035185
5 0.514844 0.442130 0.034896 0.034259
9 0.710417 0.177315 0.036458 0.052778
9 0.730469 0.193519 0.057813 0.074074
8 0.767969 0.214815 0.048438 0.088889
8 0.816667 0.218519 0.051042 0.085185
8 0.876823 0.190278 0.052604 0.080556
8 0.832292 0.303241 0.076042 0.123148
8 0.893490 0.356019 0.092188 0.130556
8 0.958594 0.368519 0.082812 0.196296
9 0.597917 0.290278 0.065625 0.091667
5 0.979688 0.468519 0.040625 0.033333
4 0.653646 0.428241 0.053125 0.041667
1 0.716667 0.172222 0.020833 0.044444
8 0.442188 0.131019 0.030208 0.087963
1 0.063542 0.218519 0.032292 0.074074
1 0.074740 0.154167 0.028646 0.058333
1 0.129167 0.143056 0.023958 0.054630
1 0.147396 0.318519 0.043750 0.090741
1 0.182292 0.293519 0.040625 0.079630
1 0.265365 0.243519 0.032813 0.074074
1 0.268490 0.318056 0.043229 0.087963
1 0.302865 0.304167 0.039062 0.082407
0 0.341667 0.214815 0.033333 0.062963
1 0.305990 0.172222 0.026562 0.055556
0 0.330990 0.131481 0.023438 0.051852
1 0.379948 0.131019 0.018229 0.049074
0 0.440365 0.109722 0.020313 0.043519
1 0.421615 0.143981 0.023438 0.056481
1 0.398438 0.190278 0.027083 0.065741
0 0.469271 0.136111 0.022917 0.044444
8 0.468750 0.218056 0.065625 0.125000
2 0.462240 0.193056 0.029687 0.063889
9 0.447917 0.280556 0.073958 0.107407
1 0.440365 0.264352 0.033854 0.071296
0 0.451042 0.305556 0.037500 0.088889
1 0.513542 0.186574 0.025000 0.056481
1 0.545573 0.150000 0.021354 0.050000
8 0.543490 0.156019 0.035937 0.062037
1 0.576042 0.156019 0.023958 0.049074
0 0.569792 0.200000 0.022917 0.050000
0 0.632292 0.205556 0.027083 0.062963
1 0.612240 0.280556 0.031771 0.070370
1 0.526563 0.263889 0.031250 0.072222
0 0.534115 0.318519 0.041146 0.092593
1 0.624740 0.307407 0.033854 0.081481
1 0.652344 0.336574 0.045312 0.106481
1 0.746615 0.183333 0.024479 0.055556
2 0.774740 0.193519 0.025521 0.051852
1 0.794792 0.185648 0.023958 0.056481
1 0.821615 0.204630 0.024479 0.053704
1 0.852865 0.275000 0.029687 0.068519
6 0.841667 0.335648 0.042708 0.030556
1 0.887240 0.178241 0.026562 0.054630
1 0.918490 0.331019 0.040104 0.080556
1 0.911719 0.270833 0.038021 0.069444
1 0.982292 0.321759 0.033333 0.106481
