8 0.069271 0.247222 0.088542 0.131481
8 0.134115 0.143056 0.054688 0.080556
8 0.091146 0.155556 0.055208 0.111111
8 0.304167 0.177315 0.044792 0.099074
8 0.343490 0.251389 0.060937 0.136111
9 0.396615 0.218056 0.060937 0.093519
8 0.419792 0.156019 0.054167 0.082407
8 0.472396 0.218519 0.046875 0.114815
8 0.527344 0.255556 0.070312 0.144444
8 0.569792 0.205556 0.047917 0.083333
8 0.645573 0.229630 0.059896 0.111111
8 0.597917 0.280556 0.053125 0.094444
8 0.634896 0.361111 0.097917 0.168519
8 0.542188 0.358796 0.093750 0.169444
8 0.444792 0.343519 0.091667 0.188889
8 0.260417 0.355093 0.125000 0.156481
8 0.324219 0.305556 0.111979 0.146296
8 0.144792 0.343519 0.128125 0.177778
8 0.212240 0.301852 0.070312 0.140741
8 0.279167 0.201852 0.048958 0.087037
8 0.258073 0.256019 0.053646 0.104630
9 0.709115 0.172685 0.039062 0.056481
8 0.726042 0.189352 0.056250 0.102778
8 0.790365 0.181019 0.043229 0.082407
8 0.763542 0.217593 0.058333 0.100000
8 0.817969 0.216667 0.050521 0.094444
8 0.884896 0.192130 0.041667 0.091667
8 0.834115 0.293056 0.074479 0.132407
8 0.902865 0.340741 0.085938 0.157407
8 0.963021 0.380556 0.073958 0.192593
8 0.033594 0.156019 0.053646 0.075000
9 0.547917 0.156019 0.040625 0.067593
1 0.063542 0.221759 0.033333 0.069444
1 0.035417 0.145833 0.031250 0.056481
2 0.082292 0.139352 0.029167 0.065741
1 0.126042 0.131019 0.023958 0.054630
1 0.335417 0.118056 0.022917 0.049074
2 0.361719 0.126389 0.021354 0.052778
8 0.374740 0.137963 0.047396 0.074074
0 0.270313 0.187500 0.026042 0.056481
0 0.301563 0.155556 0.025000 0.053704
1 0.385417 0.210185 0.031250 0.068519
0 0.340365 0.211574 0.028646 0.056481
1 0.262240 0.243519 0.033854 0.075926
1 0.297917 0.280556 0.039583 0.088889
1 0.422917 0.146759 0.023958 0.056481
0 0.455990 0.118056 0.020313 0.043519
8 0.464844 0.137037 0.042188 0.081481
0 0.469792 0.192593 0.026042 0.057407
0 0.518490 0.162500 0.024479 0.056481
8 0.522917 0.191204 0.051042 0.108333
1 0.556771 0.144907 0.020833 0.050926
0 0.569792 0.188889 0.022917 0.051852
0 0.527344 0.228704 0.031771 0.077778
1 0.607292 0.275926 0.033333 0.075926
0 0.646615 0.205556 0.027604 0.068519
1 0.622917 0.336111 0.046875 0.094444
2 0.563542 0.331019 0.045833 0.099074
0 0.442448 0.292130 0.040104 0.080556
5 0.513542 0.443056 0.038542 0.032407
5 0.398438 0.431481 0.061458 0.031481
1 0.242188 0.329630 0.052083 0.096296
1 0.213542 0.278704 0.039583 0.088889
0 0.151042 0.304630 0.047917 0.094444
1 0.716667 0.169907 0.018750 0.043519
2 0.738542 0.163426 0.023958 0.050926
1 0.787240 0.168056 0.022396 0.054630
1 0.763542 0.193519 0.022917 0.051852
0 0.826042 0.193056 0.023958 0.050926
1 0.891667 0.169444 0.023958 0.050000
1 0.860417 0.235185 0.023958 0.055556
0 0.840365 0.261574 0.030729 0.056481
2 0.914323 0.302778 0.044271 0.079630
1 0.987240 0.280556 0.025521 0.070370
9 0.969271 0.297685 0.061458 0.106481
