0 0.193490 0.590741 0.067187 0.111111
3 0.139063 0.766667 0.037500 0.037037
1 0.290365 0.577778 0.042188 0.088889
0 0.338542 0.568519 0.057292 0.111111
0 0.400521 0.534259 0.044792 0.087037
1 0.566667 0.578704 0.040625 0.072222
1 0.603646 0.605556 0.057292 0.118519
4 0.588542 0.779630 0.045833 0.062963
1 0.762240 0.568519 0.045312 0.074074
0 0.804688 0.567593 0.058333 0.109259
1 0.970313 0.637037 0.054167 0.133333
9 0.556771 0.608796 0.083333 0.132407
9 0.746615 0.606019 0.089063 0.136111
8 0.291667 0.600000 0.066667 0.127778
8 0.412240 0.587037 0.083854 0.183333
8 0.187760 0.651389 0.126562 0.226852
8 0.340625 0.641204 0.130208 0.249074
8 0.594010 0.669907 0.136979 0.245370
8 0.796615 0.656019 0.140104 0.282407
8 0.943490 0.689815 0.111979 0.224074
