0 0.094792 0.630556 0.075000 0.125926
3 0.047396 0.850000 0.060417 0.031481
0 0.242188 0.590741 0.045833 0.092593
7 0.192188 0.768519 0.068750 0.125926
0 0.351042 0.574074 0.037500 0.081481
3 0.326042 0.715741 0.026042 0.035185
0 0.485938 0.574074 0.045833 0.081481
0 0.607292 0.573148 0.038542 0.081481
1 0.510938 0.698148 0.061458 0.118519
4 0.541667 0.811111 0.037500 0.055556
0 0.701042 0.605556 0.052083 0.105556
3 0.697396 0.818519 0.035417 0.037037
1 0.840365 0.657407 0.054688 0.114815
5 0.885938 0.827778 0.091667 0.062963
3 0.613542 0.705556 0.032292 0.037037
9 0.217969 0.746296 0.149479 0.209259
8 0.105469 0.700463 0.133854 0.267593
8 0.247917 0.628704 0.092708 0.155556
8 0.344792 0.622685 0.097917 0.175000
8 0.489583 0.618056 0.092708 0.167593
9 0.531771 0.740741 0.137500 0.209259
8 0.605990 0.618056 0.103646 0.175000
8 0.709115 0.685648 0.129688 0.269444
8 0.854688 0.712500 0.134375 0.219444
