8 0.068490 0.245833 0.085938 0.130556
8 0.141667 0.145370 0.051042 0.075926
8 0.380990 0.134722 0.040104 0.069444
8 0.304688 0.170370 0.040625 0.098148
8 0.274219 0.238889 0.071354 0.112963
8 0.344792 0.247222 0.047917 0.144444
8 0.273438 0.349074 0.110417 0.168519
8 0.162240 0.334722 0.099479 0.180556
8 0.422396 0.156481 0.047917 0.085185
8 0.396615 0.215741 0.067187 0.111111
9 0.449219 0.268519 0.073438 0.125926
8 0.446615 0.343981 0.101562 0.186111
5 0.514844 0.443056 0.040104 0.037963
9 0.571094 0.208333 0.048438 0.068519
8 0.546615 0.359722 0.102604 0.156481
8 0.629687 0.225463 0.055208 0.106481
8 0.647917 0.368519 0.134375 0.174074
9 0.710938 0.177778 0.037500 0.053704
9 0.732292 0.193056 0.055208 0.073148
8 0.763542 0.215741 0.047917 0.092593
8 0.815365 0.218519 0.054688 0.087037
8 0.884115 0.189815 0.042188 0.088889
8 0.835938 0.301852 0.073958 0.127778
8 0.898438 0.332407 0.077083 0.162963
8 0.337240 0.143056 0.059896 0.095370
8 0.476042 0.220833 0.055208 0.125000
8 0.213542 0.303241 0.079167 0.149074
8 0.524740 0.181481 0.049479 0.100000
5 0.255990 0.418519 0.073438 0.033333
8 0.322917 0.306019 0.080208 0.150926
8 0.960417 0.368056 0.079167 0.202778
1 0.060417 0.220833 0.034375 0.076852
8 0.095573 0.166667 0.052604 0.103704
1 0.084115 0.144907 0.027604 0.062037
1 0.043490 0.150463 0.027604 0.062037
0 0.338542 0.122222 0.022917 0.055556
0 0.298438 0.154630 0.023958 0.055556
0 0.287240 0.218519 0.033854 0.068519
0 0.335938 0.206019 0.029167 0.060185
1 0.319792 0.275000 0.040625 0.094444
2 0.371615 0.128704 0.020313 0.051852
1 0.266667 0.317130 0.041667 0.097222
1 0.196094 0.277778 0.042188 0.092593
0 0.154688 0.293056 0.042708 0.095370
0 0.397917 0.193519 0.030208 0.062963
1 0.423438 0.144444 0.023958 0.059259
0 0.427865 0.106944 0.020313 0.045370
0 0.473438 0.130556 0.021875 0.048148
8 0.480469 0.160185 0.035937 0.105556
1 0.462240 0.193981 0.027604 0.065741
1 0.442969 0.244444 0.030729 0.072222
0 0.454688 0.293519 0.040625 0.083333
1 0.527344 0.266204 0.029687 0.082407
9 0.529167 0.278241 0.061458 0.106481
0 0.523698 0.160185 0.024479 0.055556
1 0.572396 0.202778 0.022917 0.051852
0 0.557813 0.139352 0.021875 0.052778
8 0.558594 0.164815 0.047396 0.101852
0 0.627344 0.206019 0.025521 0.062037
1 0.573438 0.337037 0.040625 0.105556
1 0.613021 0.279167 0.033333 0.069444
1 0.624740 0.312500 0.032813 0.080556
1 0.651042 0.336111 0.048958 0.105556
4 0.654167 0.431481 0.052083 0.040741
1 0.716667 0.172685 0.018750 0.043519
1 0.746615 0.186111 0.023438 0.055556
1 0.793490 0.187500 0.024479 0.056481
1 0.855469 0.271759 0.029687 0.069444
1 0.892448 0.169444 0.024479 0.053704
2 0.817969 0.202315 0.024479 0.050926
2 0.771615 0.193056 0.022396 0.050926
1 0.958594 0.262500 0.029687 0.069444
8 0.954167 0.287500 0.048958 0.119444
2 0.908594 0.293056 0.042188 0.078704
1 0.980990 0.319444 0.036979 0.103704
6 0.844271 0.343056 0.042708 0.025000
