1 0.148438 0.630556 0.050000 0.077778
4 0.138021 0.702778 0.050000 0.042593
0 0.235417 0.593519 0.043750 0.083333
4 0.214844 0.705556 0.054688 0.048148
2 0.322917 0.580556 0.045833 0.077778
3 0.290365 0.718519 0.026562 0.040741
1 0.391667 0.610185 0.045833 0.094444
6 0.379688 0.716667 0.082292 0.040741
2 0.579688 0.593519 0.041667 0.077778
4 0.571094 0.697222 0.032813 0.044444
0 0.691667 0.568519 0.042708 0.083333
4 0.673438 0.681481 0.054167 0.066667
1 0.785417 0.593519 0.042708 0.100000
4 0.793490 0.693519 0.054688 0.048148
2 0.852865 0.628704 0.070312 0.120370
4 0.870313 0.809259 0.085417 0.068519
9 0.151042 0.655556 0.102083 0.125926
8 0.234375 0.643056 0.106250 0.175000
8 0.322917 0.630556 0.079167 0.175926
8 0.404687 0.650463 0.101042 0.165741
8 0.572656 0.643519 0.108854 0.162963
8 0.679167 0.624537 0.097917 0.186111
8 0.782813 0.635648 0.097917 0.169444
8 0.888542 0.715741 0.192708 0.274074
