8 0.071615 0.252778 0.089063 0.127778
8 0.060417 0.168519 0.075000 0.124074
8 0.141146 0.143519 0.048958 0.075926
8 0.326042 0.143519 0.037500 0.088889
8 0.305990 0.173611 0.041146 0.093519
8 0.377865 0.143056 0.044271 0.065741
8 0.419792 0.156019 0.054167 0.082407
8 0.478125 0.162037 0.037500 0.105556
8 0.476042 0.219444 0.055208 0.125926
8 0.523698 0.193056 0.049479 0.102778
8 0.551042 0.143056 0.035417 0.078704
8 0.571094 0.206019 0.048438 0.071296
8 0.632292 0.229630 0.055208 0.105556
8 0.644792 0.368519 0.135417 0.179630
8 0.602865 0.332407 0.065104 0.131481
9 0.597917 0.289815 0.067708 0.100000
8 0.538021 0.355556 0.094792 0.175926
8 0.444792 0.350926 0.101042 0.187037
8 0.447917 0.268056 0.075000 0.130556
9 0.395573 0.224537 0.066146 0.093519
8 0.327865 0.305556 0.073438 0.153704
8 0.341667 0.246759 0.043750 0.130556
8 0.268490 0.243519 0.071354 0.127778
8 0.274740 0.343519 0.113021 0.179630
8 0.213021 0.304167 0.082292 0.145370
8 0.162240 0.337037 0.098437 0.181481
9 0.710417 0.179630 0.037500 0.057407
9 0.733594 0.193056 0.056771 0.073148
8 0.764844 0.218519 0.048438 0.096296
8 0.815365 0.218056 0.054688 0.087963
8 0.885938 0.193056 0.048958 0.089815
8 0.839844 0.303241 0.075521 0.117593
8 0.904167 0.343056 0.080208 0.150926
8 0.958594 0.368056 0.082812 0.206481
1 0.063542 0.225000 0.032292 0.068519
0 0.063542 0.136574 0.031250 0.056481
1 0.040365 0.148148 0.026562 0.055556
1 0.137500 0.135185 0.025000 0.055556
0 0.329688 0.128704 0.020833 0.051852
1 0.375521 0.136111 0.019792 0.053704
1 0.424219 0.143519 0.023438 0.055556
1 0.301042 0.161111 0.026042 0.057407
1 0.389844 0.215278 0.028646 0.067593
1 0.463542 0.194907 0.028125 0.065741
1 0.323698 0.281019 0.041146 0.089815
1 0.523438 0.170370 0.025000 0.059259
1 0.579688 0.158796 0.025000 0.050926
1 0.573698 0.201852 0.024479 0.053704
1 0.443490 0.243519 0.032813 0.075926
1 0.612240 0.281019 0.033854 0.071296
1 0.619792 0.311111 0.032292 0.081481
1 0.651042 0.334722 0.048958 0.106481
0 0.287240 0.218056 0.032813 0.069444
0 0.335938 0.216204 0.030208 0.063889
1 0.195573 0.280556 0.041146 0.092593
0 0.273438 0.300926 0.041667 0.088889
0 0.149219 0.294444 0.045312 0.096296
0 0.444792 0.115741 0.019792 0.051852
8 0.446094 0.130093 0.029687 0.082407
0 0.453646 0.296759 0.038542 0.080556
0 0.542188 0.314815 0.040625 0.088889
1 0.527865 0.265278 0.030729 0.082407
0 0.627344 0.205556 0.026562 0.061111
4 0.654167 0.427778 0.053125 0.046296
5 0.515365 0.443519 0.036979 0.035185
5 0.257292 0.419444 0.073958 0.029630
1 0.716667 0.174074 0.019792 0.044444
1 0.747917 0.186111 0.023958 0.055556
1 0.796615 0.192593 0.023438 0.053704
2 0.775521 0.193981 0.023958 0.050926
2 0.815365 0.201852 0.024479 0.050000
1 0.896615 0.177315 0.024479 0.052778
1 0.860417 0.281019 0.029167 0.069444
2 0.923438 0.311574 0.038542 0.080556
6 0.847396 0.341667 0.040625 0.027778
0 0.980990 0.313426 0.038021 0.087963
5 0.895573 0.416667 0.033854 0.025926
5 0.978385 0.468519 0.038021 0.031481
