8 0.066667 0.245833 0.080208 0.119444
8 0.059115 0.193056 0.073438 0.093519
8 0.107813 0.167593 0.056250 0.096296
8 0.142187 0.149074 0.051042 0.081481
8 0.343229 0.135185 0.030208 0.077778
8 0.307292 0.172685 0.035417 0.087963
8 0.382552 0.134259 0.045312 0.074074
8 0.421875 0.156944 0.048958 0.086111
8 0.397396 0.215741 0.066667 0.107407
8 0.464844 0.215278 0.071354 0.137963
8 0.517448 0.186111 0.046354 0.098148
8 0.342448 0.253241 0.053646 0.137963
9 0.564323 0.210185 0.047396 0.055556
8 0.624219 0.229630 0.071354 0.105556
9 0.598177 0.289815 0.068229 0.094444
8 0.640104 0.374074 0.133333 0.162963
8 0.535156 0.351389 0.092188 0.195370
8 0.446354 0.351389 0.088542 0.182407
8 0.258073 0.245370 0.068229 0.122222
9 0.207813 0.307407 0.075000 0.129630
8 0.277604 0.358333 0.112500 0.159259
8 0.326823 0.292593 0.098437 0.175926
8 0.159115 0.336111 0.102604 0.181481
5 0.259115 0.427315 0.070312 0.037963
9 0.447917 0.280556 0.071875 0.100000
5 0.516146 0.443056 0.037500 0.032407
8 0.701823 0.175000 0.040104 0.094444
9 0.732552 0.191667 0.056771 0.081481
8 0.768750 0.218981 0.055208 0.086111
8 0.812760 0.216667 0.043229 0.096296
8 0.886458 0.197222 0.048958 0.074074
8 0.837500 0.291667 0.064583 0.127778
8 0.896615 0.343056 0.084896 0.162037
8 0.951042 0.370370 0.097917 0.198148
5 0.979167 0.468056 0.041667 0.032407
8 0.567448 0.177315 0.061979 0.076852
1 0.066667 0.226389 0.033333 0.073148
1 0.049740 0.178241 0.032813 0.062037
1 0.095312 0.150926 0.026042 0.062963
1 0.132292 0.137037 0.026042 0.055556
0 0.149740 0.290741 0.042188 0.087037
1 0.194271 0.288426 0.042708 0.091667
1 0.269010 0.325463 0.046354 0.087963
1 0.300781 0.251389 0.040104 0.086111
2 0.276302 0.224074 0.031771 0.079630
0 0.332552 0.215278 0.030729 0.063889
0 0.398958 0.194444 0.030208 0.061111
0 0.457292 0.175000 0.028125 0.057407
0 0.305729 0.158333 0.026042 0.053704
1 0.321354 0.143056 0.021875 0.054630
1 0.337760 0.124537 0.018229 0.049074
2 0.383333 0.122222 0.019792 0.044444
1 0.422917 0.144907 0.022917 0.056481
1 0.447135 0.129630 0.021354 0.046296
0 0.513021 0.166204 0.023958 0.052778
1 0.577865 0.162500 0.025521 0.050926
1 0.565365 0.207870 0.022396 0.050926
1 0.471354 0.150463 0.021875 0.052778
0 0.533073 0.297222 0.040104 0.087037
0 0.451562 0.306481 0.037500 0.087037
0 0.615365 0.205556 0.026562 0.055556
1 0.615625 0.281944 0.030208 0.075000
1 0.647135 0.343056 0.047396 0.100926
4 0.644531 0.431481 0.051562 0.040741
1 0.712240 0.150000 0.017188 0.042593
1 0.746615 0.178241 0.023438 0.050926
2 0.783594 0.202315 0.022396 0.050926
1 0.811458 0.196296 0.021875 0.053704
1 0.897656 0.187037 0.025521 0.050000
0 0.844792 0.256481 0.026042 0.053704
0 0.915365 0.261574 0.030729 0.062037
8 0.911458 0.293519 0.081250 0.127778
1 0.977604 0.287037 0.028125 0.064815
9 0.966146 0.294444 0.052083 0.079630
1 0.840625 0.393519 0.038542 0.072222
9 0.868229 0.410648 0.100000 0.121296
