1 0.117188 0.537037 0.058333 0.107407
6 0.080990 0.641667 0.107813 0.079630
0 0.275521 0.493519 0.050000 0.100000
4 0.242969 0.657407 0.032813 0.044444
0 0.392188 0.480556 0.051042 0.103704
3 0.315365 0.683333 0.029687 0.037037
1 0.426563 0.502778 0.033333 0.083333
0 0.600521 0.488889 0.041667 0.074074
0 0.685417 0.516667 0.037500 0.070370
0 0.783594 0.529630 0.039062 0.081481
1 0.727865 0.592593 0.054688 0.118519
5 0.736719 0.743519 0.089063 0.053704
8 0.138542 0.576852 0.123958 0.174074
8 0.271875 0.564815 0.112500 0.227778
8 0.393490 0.562500 0.145313 0.256481
8 0.442708 0.535185 0.060417 0.148148
8 0.590365 0.538426 0.096354 0.169444
8 0.683073 0.557407 0.086979 0.146296
8 0.721615 0.642130 0.144271 0.210185
8 0.788021 0.570833 0.073958 0.158333
