0 0.963281 0.447685 0.036979 0.075000
8 0.955469 0.493056 0.081771 0.167593
0 0.894792 0.472222 0.037500 0.081481
8 0.882292 0.505556 0.082292 0.153704
6 0.894792 0.567130 0.055208 0.045370
1 0.871094 0.449074 0.031771 0.070370
6 0.814063 0.517593 0.043750 0.033333
0 0.825521 0.416204 0.033333 0.071296
8 0.808594 0.449074 0.070312 0.144444
0 0.568490 0.410185 0.030729 0.061111
8 0.570573 0.447685 0.069271 0.130556
1 0.765365 0.406019 0.025521 0.054630
8 0.751042 0.431019 0.063542 0.113889
0 0.803385 0.369444 0.022396 0.044444
0 0.832292 0.370833 0.021875 0.043519
8 0.841667 0.393056 0.035417 0.087963
8 0.797917 0.389352 0.040625 0.086111
1 0.722396 0.384259 0.021875 0.048148
6 0.708594 0.437500 0.029687 0.025000
8 0.710417 0.405556 0.051042 0.088889
1 0.745313 0.317130 0.014583 0.034259
8 0.738542 0.327315 0.029167 0.052778
1 0.700521 0.338889 0.017708 0.038889
8 0.698438 0.349537 0.036458 0.056481
0 0.653646 0.331019 0.014583 0.032407
8 0.659115 0.343056 0.040104 0.060185
0 0.672656 0.313889 0.018229 0.035185
0 0.635938 0.306944 0.016667 0.039815
8 0.630990 0.318981 0.032813 0.065741
8 0.674740 0.319907 0.029687 0.052778
1 0.009115 0.377778 0.017188 0.048148
9 0.021615 0.380556 0.042188 0.064815
0 0.163021 0.355556 0.023958 0.046296
1 0.112240 0.421759 0.029687 0.056481
9 0.107813 0.431019 0.082292 0.084259
1 0.069792 0.342130 0.020833 0.041667
8 0.074740 0.353704 0.035937 0.068519
2 0.144271 0.309722 0.020833 0.043519
8 0.141146 0.318981 0.037500 0.063889
1 0.176563 0.312963 0.019792 0.044444
8 0.184375 0.327315 0.037500 0.073148
1 0.209115 0.315741 0.018229 0.035185
9 0.215625 0.318056 0.034375 0.045370
0 0.490365 0.417130 0.032813 0.063889
8 0.500521 0.452778 0.075000 0.137037
0 0.432292 0.426389 0.028125 0.069444
8 0.427865 0.455556 0.074479 0.127778
1 0.359896 0.410185 0.029167 0.055556
1 0.367188 0.429167 0.077083 0.093519
0 0.304948 0.418056 0.031771 0.063889
8 0.304688 0.450926 0.070833 0.124074
1 0.270313 0.414352 0.029167 0.065741
8 0.260417 0.426852 0.060417 0.090741
1 0.347917 0.355556 0.023958 0.053704
1 0.305990 0.343519 0.021354 0.044444
8 0.340625 0.380556 0.043750 0.100000
8 0.306771 0.355556 0.051042 0.068519
1 0.330469 0.315741 0.017188 0.042593
0 0.344792 0.293056 0.014583 0.036111
8 0.351823 0.304630 0.028646 0.051852
8 0.357292 0.293519 0.026042 0.048148
1 0.389844 0.288889 0.014063 0.037037
8 0.388542 0.293056 0.031250 0.052778
1 0.413542 0.306019 0.016667 0.039815
8 0.412240 0.311111 0.036979 0.055556
0 0.438542 0.368056 0.020833 0.047222
8 0.435417 0.387037 0.051042 0.094444
1 0.397917 0.359259 0.022917 0.040741
9 0.401042 0.364352 0.042708 0.056481
0 0.447917 0.306019 0.020833 0.037963
0 0.442969 0.327315 0.048438 0.075000
0 0.482292 0.314815 0.016667 0.035185
8 0.483594 0.327778 0.032813 0.070370
1 0.527865 0.331019 0.017188 0.036111
8 0.524740 0.340278 0.040104 0.060185
0 0.577604 0.343056 0.019792 0.041667
8 0.578125 0.357407 0.034375 0.075926
1 0.552865 0.381019 0.024479 0.058333
8 0.541667 0.393056 0.048958 0.084259
1 0.517969 0.304167 0.017188 0.037963
8 0.512240 0.316204 0.033854 0.063889
0 0.537240 0.284722 0.014063 0.032407
4 0.538542 0.296759 0.019792 0.019444
8 0.538542 0.296759 0.026042 0.056481
8 0.172917 0.380556 0.046875 0.096296
5 0.169792 0.424537 0.026042 0.019444
8 0.330990 0.326852 0.026562 0.064815
6 0.426042 0.494907 0.027083 0.043519
1 0.434896 0.283796 0.014583 0.037963
8 0.433073 0.293056 0.022396 0.052778
