0 0.181771 0.593519 0.062500 0.118519
3 0.138542 0.760185 0.034375 0.042593
1 0.279167 0.570370 0.041667 0.085185
4 0.272917 0.642593 0.035417 0.037037
0 0.322917 0.581481 0.062500 0.122222
4 0.291146 0.755556 0.060417 0.077778
1 0.398438 0.557407 0.046875 0.096296
4 0.392188 0.651852 0.033333 0.059259
1 0.577344 0.568519 0.032813 0.074074
1 0.602344 0.618519 0.054688 0.114815
4 0.597396 0.773148 0.056250 0.068519
0 0.747917 0.543519 0.037500 0.064815
2 0.789062 0.587963 0.062500 0.142593
1 0.892188 0.605556 0.067708 0.129630
4 0.810417 0.751852 0.062500 0.051852
6 0.917188 0.787037 0.138542 0.094444
8 0.177865 0.653704 0.138021 0.231481
8 0.318490 0.656944 0.135937 0.260185
8 0.272135 0.595370 0.059896 0.127778
8 0.596094 0.679630 0.133854 0.242593
8 0.757812 0.655556 0.129167 0.268519
8 0.878906 0.668056 0.121354 0.250926
8 0.735938 0.592130 0.061458 0.156481
9 0.407552 0.593519 0.086979 0.166667
9 0.564063 0.604167 0.085417 0.139815
