1 0.148438 0.657407 0.038542 0.075926
4 0.125521 0.724537 0.050000 0.043519
7 0.226042 0.693519 0.058333 0.088889
7 0.307292 0.688889 0.047917 0.088889
1 0.392188 0.619444 0.041667 0.088889
6 0.376042 0.722685 0.073958 0.056481
1 0.569792 0.655556 0.046875 0.068519
4 0.567187 0.718519 0.038542 0.042593
1 0.757292 0.611574 0.045833 0.082407
4 0.767188 0.703704 0.041667 0.059259
7 0.876042 0.776852 0.077083 0.138889
1 0.690365 0.687500 0.060937 0.130556
4 0.696615 0.831481 0.076563 0.064815
9 0.232813 0.682407 0.098958 0.122222
9 0.312500 0.689815 0.087500 0.100000
9 0.559375 0.680093 0.100000 0.117593
9 0.861198 0.773148 0.152604 0.181481
9 0.150260 0.680556 0.098437 0.131481
8 0.399740 0.660648 0.089063 0.158333
8 0.687240 0.750926 0.164062 0.248148
8 0.759115 0.648611 0.095312 0.167593
