0 0.135937 0.475000 0.056250 0.094444
5 0.091146 0.648148 0.106250 0.055556
0 0.257812 0.505556 0.058333 0.101852
4 0.204167 0.651852 0.050000 0.059259
0 0.392969 0.489815 0.054688 0.101852
3 0.322917 0.655556 0.043750 0.072222
0 0.440365 0.492593 0.035937 0.066667
7 0.610938 0.569444 0.059375 0.090741
7 0.715365 0.557407 0.057813 0.085185
7 0.812240 0.595370 0.057813 0.083333
7 0.757292 0.675926 0.072917 0.131481
9 0.601042 0.575463 0.105208 0.121296
9 0.698438 0.579167 0.092708 0.121296
9 0.817708 0.612500 0.104167 0.108333
9 0.745573 0.663426 0.163021 0.182407
8 0.135937 0.543519 0.142708 0.229630
8 0.251302 0.563889 0.132812 0.222222
8 0.376042 0.568056 0.145833 0.249074
8 0.450000 0.534722 0.067708 0.154630
