7 0.110417 0.761111 0.063542 0.118519
3 0.059115 0.830556 0.034896 0.038889
1 0.231250 0.604630 0.040625 0.079630
4 0.213542 0.678704 0.034375 0.038889
7 0.244792 0.743519 0.070833 0.127778
1 0.351042 0.598148 0.047917 0.092593
4 0.337500 0.687037 0.037500 0.055556
1 0.523438 0.618519 0.044792 0.085185
3 0.529167 0.705556 0.035417 0.033333
1 0.626042 0.616667 0.041667 0.100000
6 0.619271 0.698148 0.062500 0.055556
0 0.753646 0.593519 0.056250 0.112963
3 0.753646 0.825926 0.034375 0.051852
0 0.872917 0.618519 0.054167 0.098148
5 0.938021 0.843519 0.112500 0.061111
9 0.108594 0.728704 0.150521 0.196296
9 0.256771 0.743981 0.143750 0.206481
8 0.230469 0.631019 0.094271 0.132407
8 0.354167 0.636574 0.097917 0.171296
8 0.519271 0.645370 0.109375 0.140741
8 0.622917 0.649537 0.106250 0.132407
8 0.730990 0.692130 0.173437 0.278704
8 0.877865 0.701852 0.124479 0.253704
