7 0.080990 0.735648 0.073438 0.106481
3 0.044792 0.848611 0.051042 0.030556
0 0.243490 0.646759 0.057813 0.106481
5 0.187240 0.843519 0.104688 0.059259
0 0.236719 0.572685 0.039062 0.056481
0 0.349740 0.583333 0.039062 0.074074
3 0.326042 0.709722 0.017708 0.030556
5 0.354167 0.709722 0.035417 0.030556
0 0.483594 0.574537 0.032813 0.080556
0 0.598437 0.581481 0.041667 0.083333
3 0.610938 0.705556 0.019792 0.024074
1 0.530990 0.689815 0.054688 0.116667
4 0.538542 0.806481 0.050000 0.055556
0 0.704688 0.605556 0.050000 0.103704
3 0.698958 0.821759 0.030208 0.039815
1 0.844271 0.677778 0.062500 0.103704
5 0.888021 0.819444 0.092708 0.066667
9 0.105990 0.740741 0.140104 0.201852
8 0.237240 0.718056 0.122396 0.226852
8 0.246615 0.625926 0.085938 0.137037
8 0.346094 0.625463 0.083854 0.156481
8 0.482812 0.619444 0.100000 0.155556
8 0.532292 0.733796 0.136458 0.199074
8 0.601042 0.622222 0.079167 0.155556
8 0.708073 0.692593 0.122396 0.251852
8 0.854688 0.719444 0.126042 0.183333
