8 0.068490 0.243056 0.085938 0.130556
9 0.134115 0.152315 0.050521 0.073148
8 0.380990 0.135648 0.041146 0.069444
8 0.304688 0.168056 0.039583 0.078704
8 0.276042 0.250000 0.079167 0.118519
8 0.339844 0.247685 0.056771 0.143519
8 0.274740 0.343056 0.108854 0.176852
8 0.164062 0.335185 0.101042 0.181481
8 0.423438 0.155556 0.046875 0.079630
8 0.397917 0.215741 0.066667 0.111111
9 0.447917 0.268519 0.072917 0.122222
8 0.446615 0.343519 0.103646 0.192593
5 0.514844 0.443056 0.040104 0.037963
8 0.571615 0.205556 0.051562 0.077778
8 0.544271 0.353704 0.092708 0.175926
8 0.629167 0.225463 0.055208 0.106481
8 0.644792 0.368519 0.135417 0.175926
9 0.710938 0.177778 0.037500 0.053704
9 0.734115 0.192130 0.052604 0.082407
8 0.763542 0.215741 0.047917 0.092593
8 0.813021 0.218056 0.048958 0.089815
8 0.884115 0.189815 0.042188 0.088889
8 0.839063 0.295370 0.069792 0.124074
8 0.904167 0.336111 0.084375 0.155556
8 0.034115 0.155556 0.050521 0.087037
8 0.340365 0.141204 0.063021 0.100926
8 0.477865 0.223148 0.055729 0.118519
9 0.213021 0.301852 0.091667 0.151852
8 0.521615 0.187963 0.049479 0.100000
5 0.255990 0.418519 0.073438 0.033333
9 0.311198 0.316204 0.065104 0.156481
9 0.597917 0.287500 0.062500 0.093519
8 0.552865 0.163889 0.043229 0.098148
8 0.059896 0.180556 0.077083 0.103704
9 0.792969 0.188889 0.032813 0.074074
1 0.062240 0.218056 0.033854 0.075000
0 0.044271 0.145370 0.029167 0.062963
0 0.065365 0.156944 0.030729 0.058333
1 0.127865 0.143519 0.025521 0.055556
0 0.340365 0.116667 0.023438 0.048148
1 0.374219 0.127778 0.020313 0.051852
0 0.299740 0.159259 0.025521 0.055556
1 0.423438 0.145833 0.022917 0.056481
0 0.439844 0.118056 0.023438 0.050926
8 0.447917 0.129630 0.039583 0.075926
1 0.463542 0.195833 0.028125 0.063889
0 0.396615 0.192593 0.029687 0.062963
0 0.335938 0.207407 0.030208 0.059259
2 0.294792 0.228241 0.037500 0.067593
1 0.273438 0.200463 0.028125 0.069444
7 0.308594 0.311574 0.038021 0.091667
1 0.189844 0.272685 0.045312 0.093519
0 0.149740 0.293056 0.045312 0.095370
0 0.482292 0.156019 0.026042 0.056481
0 0.514062 0.161574 0.023958 0.056481
0 0.559115 0.139815 0.023438 0.050000
0 0.572917 0.193519 0.026042 0.048148
0 0.623698 0.206019 0.025521 0.058333
2 0.547917 0.317593 0.048958 0.098148
0 0.452344 0.294907 0.039062 0.084259
1 0.443490 0.243981 0.031771 0.069444
1 0.529167 0.274537 0.029167 0.069444
1 0.647917 0.337500 0.048958 0.106481
1 0.716667 0.172685 0.019792 0.043519
1 0.744792 0.177315 0.023958 0.050926
2 0.768490 0.193056 0.026562 0.047222
0 0.816146 0.200926 0.023958 0.051852
1 0.793490 0.181019 0.024479 0.054630
1 0.891667 0.168981 0.023958 0.052778
1 0.852865 0.270833 0.029687 0.069444
0 0.922396 0.295833 0.038542 0.075000
6 0.841667 0.342593 0.039583 0.024074
