7 0.116667 0.759259 0.070833 0.118519
3 0.057813 0.830556 0.033333 0.037037
1 0.233594 0.604630 0.042188 0.083333
4 0.213542 0.685185 0.043750 0.044444
7 0.244271 0.742593 0.062500 0.122222
1 0.350521 0.595833 0.041667 0.093519
4 0.338542 0.681481 0.041667 0.059259
1 0.523438 0.624074 0.039583 0.081481
3 0.529167 0.705556 0.033333 0.025926
1 0.629167 0.617593 0.045833 0.083333
6 0.622917 0.699074 0.062500 0.055556
0 0.751563 0.601852 0.060417 0.114815
3 0.751563 0.827778 0.037500 0.040741
0 0.872917 0.619444 0.055208 0.098148
5 0.939063 0.847222 0.112500 0.068519
8 0.232813 0.630556 0.090625 0.133333
8 0.351042 0.630556 0.091667 0.170370
8 0.515625 0.642593 0.096875 0.131481
8 0.622917 0.643981 0.112500 0.137963
8 0.731771 0.689815 0.178125 0.277778
8 0.874740 0.698148 0.124479 0.246296
9 0.108073 0.736111 0.163021 0.181481
9 0.255469 0.743519 0.139063 0.205556
