7 0.084115 0.759259 0.076563 0.118519
3 0.047396 0.903704 0.052083 0.029630
0 0.242188 0.630556 0.042708 0.062963
0 0.260937 0.694444 0.053125 0.103704
5 0.185938 0.887963 0.122917 0.057407
1 0.345313 0.641667 0.039583 0.079630
3 0.326042 0.759259 0.023958 0.025926
5 0.354167 0.763889 0.034375 0.027778
0 0.478646 0.628704 0.039583 0.079630
0 0.597396 0.609259 0.039583 0.085185
3 0.613542 0.746296 0.023958 0.022222
0 0.532813 0.704630 0.052083 0.105556
4 0.535417 0.857407 0.045833 0.059259
0 0.701042 0.647222 0.051042 0.105556
3 0.698438 0.864815 0.028125 0.048148
1 0.844271 0.721296 0.062500 0.109259
5 0.888021 0.863889 0.091667 0.050000
8 0.858073 0.764352 0.127604 0.180556
8 0.710938 0.731019 0.123958 0.260185
8 0.598958 0.661111 0.083333 0.168519
8 0.532292 0.768056 0.138542 0.232407
8 0.488281 0.670370 0.072396 0.159259
8 0.346094 0.679630 0.088021 0.153704
8 0.253646 0.755556 0.130208 0.224074
8 0.236719 0.679167 0.054688 0.149074
9 0.110937 0.788426 0.152083 0.204630
