7 0.114844 0.755556 0.070312 0.118519
3 0.057292 0.831481 0.036458 0.050000
0 0.231250 0.603704 0.040625 0.081481
4 0.206771 0.680556 0.037500 0.044444
7 0.241667 0.730556 0.062500 0.103704
1 0.348438 0.601852 0.045833 0.103704
4 0.334896 0.680556 0.040625 0.057407
1 0.524219 0.621759 0.045312 0.080556
3 0.529167 0.699537 0.038542 0.030556
1 0.631771 0.616667 0.046875 0.092593
6 0.629167 0.693519 0.068750 0.042593
0 0.752865 0.594907 0.060937 0.106481
3 0.751042 0.828704 0.035417 0.038889
0 0.875000 0.626852 0.062500 0.109259
5 0.939063 0.843519 0.115625 0.055556
8 0.224740 0.625463 0.080729 0.149074
8 0.352865 0.632407 0.092188 0.155556
8 0.516667 0.647685 0.106250 0.130556
8 0.625000 0.635648 0.112500 0.143519
8 0.732292 0.691204 0.170833 0.276852
8 0.882292 0.693981 0.127083 0.249074
9 0.107292 0.740741 0.160417 0.168519
9 0.255469 0.742130 0.148438 0.206481
