0 0.216667 0.580556 0.054167 0.105556
3 0.141667 0.767593 0.033333 0.038889
1 0.279167 0.570833 0.039583 0.080556
4 0.279167 0.637037 0.033333 0.044444
0 0.318490 0.585185 0.057813 0.118519
4 0.291667 0.737037 0.047917 0.081481
1 0.398438 0.557407 0.047917 0.096296
4 0.391146 0.650926 0.043750 0.050000
1 0.566667 0.579630 0.034375 0.062963
1 0.598437 0.623148 0.059375 0.116667
4 0.597917 0.768519 0.063542 0.075926
0 0.738021 0.569444 0.054167 0.116667
1 0.860938 0.642593 0.071875 0.114815
5 0.907813 0.805556 0.146875 0.059259
8 0.211198 0.644444 0.120313 0.231481
8 0.318229 0.658796 0.144792 0.254630
8 0.592708 0.675926 0.137500 0.227778
8 0.734635 0.656944 0.136979 0.287963
8 0.859896 0.690741 0.129167 0.211111
9 0.276042 0.598611 0.052083 0.134259
9 0.407031 0.596296 0.088021 0.161111
9 0.564844 0.611574 0.096354 0.130556
