1 0.046615 0.632407 0.060937 0.114815
4 0.023438 0.773611 0.045833 0.069444
0 0.148438 0.615278 0.053125 0.108333
5 0.120313 0.789815 0.085417 0.053704
1 0.263021 0.587500 0.041667 0.080556
6 0.257292 0.664815 0.078125 0.048148
1 0.451042 0.564815 0.037500 0.074074
4 0.453646 0.638889 0.040625 0.037037
1 0.372396 0.618519 0.072917 0.125926
6 0.372917 0.745370 0.097917 0.088889
3 0.316667 0.769444 0.025000 0.046296
1 0.613021 0.521296 0.032292 0.062963
1 0.642969 0.535648 0.048438 0.108333
1 0.702865 0.501852 0.039062 0.085185
1 0.785417 0.479630 0.042708 0.066667
1 0.771875 0.571296 0.059375 0.111111
6 0.797917 0.719907 0.098958 0.080556
3 0.733594 0.741667 0.032813 0.042593
1 0.918490 0.530556 0.070312 0.122222
4 0.938021 0.693519 0.066667 0.064815
8 0.056771 0.690741 0.112500 0.224074
8 0.159115 0.665278 0.129688 0.215741
8 0.275000 0.607870 0.115625 0.128704
8 0.382292 0.665741 0.159375 0.220370
8 0.463021 0.590278 0.092708 0.139815
8 0.608594 0.558796 0.045312 0.139815
8 0.641667 0.615741 0.118750 0.261111
8 0.703646 0.539815 0.071875 0.148148
8 0.772917 0.618056 0.146875 0.221296
8 0.793490 0.516667 0.097396 0.148148
8 0.920312 0.593056 0.147917 0.247222
