3 0.014063 0.668519 0.027083 0.037037
1 0.082292 0.562037 0.042708 0.055556
1 0.061719 0.607407 0.060937 0.111111
1 0.157292 0.618519 0.058333 0.103704
6 0.141667 0.756481 0.083333 0.053704
1 0.301042 0.535185 0.042708 0.081481
6 0.279167 0.643519 0.073958 0.048148
1 0.376042 0.588889 0.054167 0.125926
3 0.317969 0.755556 0.035937 0.046296
6 0.375000 0.741667 0.087500 0.079630
1 0.473438 0.522222 0.038542 0.081481
4 0.471615 0.620833 0.035937 0.043519
1 0.674219 0.543519 0.060937 0.137037
1 0.735938 0.480556 0.045833 0.090741
1 0.831771 0.451852 0.045833 0.088889
1 0.807813 0.530556 0.070833 0.142593
4 0.823438 0.693519 0.062500 0.090741
1 0.965365 0.505556 0.064062 0.137037
8 0.074740 0.653704 0.097396 0.205556
8 0.101042 0.578704 0.072917 0.103704
8 0.167969 0.676852 0.142187 0.209259
8 0.297917 0.575926 0.088542 0.155556
8 0.398177 0.652778 0.157812 0.231481
8 0.480990 0.564815 0.096354 0.162963
8 0.672917 0.613426 0.141667 0.258333
8 0.742969 0.494444 0.057813 0.129630
8 0.813021 0.597685 0.162500 0.276852
8 0.836719 0.465741 0.070312 0.116667
8 0.943490 0.569444 0.110937 0.264815
