1 0.152344 0.655556 0.042188 0.081481
4 0.128646 0.718519 0.045833 0.044444
1 0.221615 0.621296 0.045312 0.088889
4 0.221094 0.718519 0.042188 0.044444
2 0.312240 0.618519 0.042188 0.087037
4 0.304688 0.728704 0.041667 0.042593
1 0.392188 0.629630 0.041667 0.088889
6 0.372917 0.725926 0.070833 0.051852
0 0.571615 0.630556 0.042188 0.081481
3 0.569792 0.730556 0.030208 0.033333
1 0.764844 0.618519 0.045312 0.096296
0 0.851042 0.668519 0.062500 0.124074
3 0.859375 0.855556 0.059375 0.038889
4 0.775521 0.703704 0.042708 0.059259
2 0.650521 0.630556 0.058333 0.111111
9 0.152344 0.678704 0.096354 0.124074
8 0.230469 0.659722 0.095312 0.149074
8 0.310937 0.659259 0.078125 0.151852
8 0.396094 0.663426 0.094271 0.147222
8 0.570573 0.712963 0.080729 0.244444
8 0.679688 0.706019 0.110417 0.254630
8 0.763542 0.648611 0.096875 0.154630
8 0.859115 0.731019 0.139063 0.237963
