8 0.066667 0.235185 0.085417 0.131481
8 0.138542 0.142593 0.056250 0.085185
8 0.380469 0.141204 0.042188 0.067593
8 0.306771 0.175463 0.038542 0.093519
8 0.338542 0.250000 0.053125 0.142593
8 0.273438 0.346296 0.106250 0.179630
8 0.165885 0.338426 0.096354 0.180556
8 0.420573 0.155556 0.053646 0.083333
9 0.395313 0.230556 0.059375 0.083333
8 0.454688 0.264352 0.069792 0.126852
8 0.441667 0.345833 0.104167 0.186111
5 0.514844 0.443056 0.040104 0.037963
8 0.568490 0.204167 0.045312 0.082407
8 0.534635 0.350000 0.090104 0.194444
8 0.630990 0.228704 0.057813 0.109259
8 0.635938 0.374537 0.101042 0.152778
9 0.709115 0.177315 0.034896 0.054630
8 0.732292 0.187037 0.057292 0.094444
9 0.792969 0.187037 0.044271 0.072222
8 0.762240 0.215741 0.050521 0.092593
8 0.815365 0.217593 0.055729 0.088889
8 0.884115 0.189815 0.042188 0.088889
8 0.839063 0.293056 0.069792 0.123148
8 0.904167 0.340741 0.083333 0.162963
8 0.960417 0.366667 0.079167 0.212963
8 0.551042 0.166204 0.043750 0.102778
8 0.036198 0.158796 0.047396 0.087963
8 0.330990 0.149537 0.041146 0.089815
8 0.476562 0.222685 0.048958 0.119444
9 0.214323 0.321296 0.063021 0.109259
8 0.517188 0.188426 0.045833 0.095370
0 0.057292 0.206019 0.033333 0.067593
1 0.036719 0.147685 0.026562 0.060185
1 0.131771 0.128241 0.027083 0.056481
1 0.379167 0.133796 0.020833 0.050926
1 0.422917 0.146296 0.023958 0.057407
1 0.385937 0.224537 0.028125 0.069444
1 0.275521 0.312500 0.045833 0.095370
1 0.292969 0.262963 0.039062 0.094444
8 0.316146 0.299537 0.083333 0.169444
0 0.166667 0.293519 0.043750 0.092593
1 0.201563 0.308796 0.034375 0.082407
0 0.300521 0.156944 0.026042 0.056481
0 0.335938 0.209722 0.031250 0.062037
0 0.328125 0.131944 0.021875 0.052778
0 0.429167 0.302315 0.040625 0.087963
0 0.531771 0.296759 0.042708 0.080556
0 0.443490 0.239815 0.032813 0.079630
1 0.465885 0.194907 0.027604 0.063889
0 0.482292 0.139352 0.021875 0.047222
8 0.488542 0.161111 0.035417 0.092593
1 0.518490 0.168981 0.025521 0.058333
0 0.552865 0.139815 0.022396 0.048148
1 0.536719 0.243519 0.033854 0.066667
0 0.570312 0.188889 0.023958 0.050000
0 0.633594 0.206481 0.028646 0.061111
1 0.621615 0.311111 0.035937 0.079630
1 0.644271 0.350926 0.044792 0.094444
9 0.605208 0.335648 0.067708 0.130556
9 0.592969 0.294907 0.068229 0.108333
1 0.716667 0.173148 0.017708 0.042593
1 0.740365 0.168981 0.025521 0.056481
1 0.796094 0.181944 0.026562 0.056481
1 0.768490 0.197222 0.023438 0.051852
1 0.891667 0.170833 0.023958 0.052778
1 0.822917 0.199537 0.023958 0.054630
0 0.849740 0.263889 0.029687 0.057407
0 0.910937 0.296759 0.039583 0.073148
0 0.979948 0.316667 0.040104 0.098148
5 0.255208 0.420833 0.077083 0.039815
