1 0.141667 0.494444 0.057292 0.103704
6 0.088021 0.626852 0.108333 0.098148
1 0.255469 0.524074 0.057813 0.096296
4 0.243750 0.649074 0.037500 0.044444
0 0.384896 0.493519 0.052083 0.107407
3 0.320312 0.680556 0.032292 0.038889
1 0.428646 0.495370 0.039583 0.087037
0 0.604167 0.480556 0.039583 0.074074
0 0.691146 0.512037 0.039583 0.068519
0 0.777865 0.518519 0.042188 0.074074
1 0.747917 0.581481 0.059375 0.114815
5 0.738542 0.736111 0.084375 0.053704
8 0.148177 0.556481 0.114062 0.207407
8 0.263542 0.575926 0.111458 0.201852
8 0.389844 0.570833 0.152604 0.252778
8 0.443490 0.533796 0.063021 0.150926
8 0.592969 0.539815 0.096354 0.174074
8 0.686458 0.554630 0.090625 0.144444
8 0.732812 0.634722 0.140625 0.223148
8 0.789062 0.568056 0.076042 0.162037
