1 0.152865 0.653704 0.039062 0.077778
4 0.128646 0.716667 0.052083 0.040741
7 0.227865 0.694444 0.045312 0.075926
7 0.306771 0.693519 0.045833 0.074074
1 0.398438 0.618519 0.046875 0.094444
6 0.371094 0.729630 0.067187 0.044444
1 0.569792 0.668519 0.043750 0.066667
4 0.569271 0.718519 0.045833 0.044444
7 0.768750 0.676852 0.056250 0.098148
7 0.876042 0.775463 0.066667 0.119444
3 0.860938 0.855556 0.053125 0.033333
1 0.690365 0.683333 0.054688 0.131481
4 0.694792 0.827778 0.055208 0.066667
9 0.230990 0.682870 0.100521 0.108333
9 0.311719 0.693056 0.084896 0.082407
9 0.556250 0.684722 0.100000 0.110185
9 0.764844 0.663889 0.094271 0.125926
9 0.866146 0.770370 0.155208 0.185185
9 0.151042 0.677315 0.098958 0.126852
8 0.396354 0.658796 0.090625 0.160185
8 0.685417 0.743519 0.157292 0.250000
