1 0.209115 0.435648 0.028646 0.062037
8 0.207292 0.455556 0.072917 0.096296
1 0.118229 0.407870 0.026042 0.052778
9 0.119271 0.418519 0.056250 0.075926
1 0.165365 0.385648 0.022396 0.045370
9 0.166146 0.390741 0.050000 0.055556
1 0.257292 0.406019 0.023958 0.045370
8 0.266667 0.425926 0.051042 0.087037
1 0.240625 0.361574 0.019792 0.041667
1 0.275521 0.350926 0.019792 0.044444
8 0.282813 0.360185 0.032292 0.068519
1 0.309635 0.349074 0.018229 0.038889
9 0.313542 0.352778 0.033333 0.048148
1 0.315365 0.464815 0.028646 0.066667
8 0.312240 0.486574 0.090104 0.119444
4 0.304427 0.525000 0.035937 0.029630
0 0.404948 0.453704 0.030729 0.055556
8 0.406771 0.481481 0.066667 0.118519
1 0.514844 0.480556 0.029687 0.068519
2 0.574219 0.466667 0.029687 0.072222
8 0.583333 0.488889 0.072917 0.120370
0 0.666406 0.445370 0.033854 0.064815
8 0.666406 0.481481 0.071354 0.140741
1 0.647396 0.445833 0.017708 0.056481
1 0.361719 0.443056 0.025521 0.060185
9 0.364063 0.462037 0.056250 0.094444
1 0.429167 0.440278 0.026042 0.058333
9 0.443490 0.455556 0.054688 0.100000
2 0.391146 0.393056 0.022917 0.043519
8 0.390365 0.412963 0.048438 0.087037
1 0.451042 0.393519 0.018750 0.044444
8 0.450521 0.417130 0.046875 0.091667
0 0.524219 0.395833 0.020313 0.043519
8 0.521615 0.418981 0.052604 0.093519
1 0.579948 0.407407 0.021354 0.044444
8 0.582292 0.431019 0.059375 0.086111
1 0.633594 0.422222 0.020313 0.055556
9 0.625521 0.430556 0.036458 0.074074
0 0.405990 0.372685 0.018229 0.037963
8 0.410417 0.389815 0.029167 0.075926
0 0.485417 0.380093 0.020833 0.039815
8 0.488021 0.392593 0.041667 0.068519
1 0.537240 0.368519 0.020313 0.040741
9 0.544792 0.390278 0.038542 0.086111
0 0.657292 0.377315 0.017708 0.039815
8 0.660417 0.393056 0.038542 0.073148
1 0.420312 0.357870 0.019792 0.043519
8 0.426823 0.368519 0.030729 0.062963
1 0.440365 0.342593 0.017188 0.033333
8 0.439063 0.351852 0.028125 0.050000
1 0.474740 0.332870 0.014063 0.032407
8 0.475000 0.335648 0.031250 0.043519
1 0.505990 0.340278 0.018229 0.036111
8 0.507292 0.347222 0.035417 0.055556
0 0.574740 0.351852 0.018229 0.037037
8 0.576042 0.365741 0.034375 0.070370
1 0.599740 0.331019 0.014063 0.034259
8 0.595313 0.341667 0.025000 0.053704
1 0.615365 0.368056 0.017188 0.036111
8 0.612240 0.379630 0.040104 0.053704
1 0.720313 0.343056 0.014583 0.032407
1 0.733073 0.354630 0.015104 0.035185
8 0.732292 0.368519 0.034375 0.064815
1 0.778646 0.356019 0.017708 0.041667
9 0.775000 0.360185 0.026042 0.053704
0 0.755990 0.368519 0.015104 0.035185
1 0.794792 0.371759 0.017708 0.043519
1 0.858333 0.349074 0.020833 0.042593
8 0.852344 0.355556 0.030729 0.061111
1 0.830990 0.392130 0.019271 0.039815
0 0.817187 0.412037 0.019792 0.044444
8 0.813542 0.433333 0.048958 0.094444
1 0.876042 0.446759 0.026042 0.063889
8 0.863542 0.469444 0.058333 0.111111
0 0.922917 0.431019 0.030208 0.058333
1 0.957031 0.423611 0.025521 0.050926
8 0.954688 0.437037 0.038542 0.075926
1 0.930990 0.468056 0.039062 0.073148
8 0.921875 0.496759 0.075000 0.130556
8 0.513542 0.493056 0.069792 0.099074
6 0.926042 0.556481 0.038542 0.027778
5 0.163542 0.543056 0.041667 0.023148
5 0.269792 0.457407 0.026042 0.025926
8 0.753646 0.382870 0.033333 0.065741
8 0.790365 0.381481 0.035937 0.066667
