1 0.153125 0.654630 0.037500 0.079630
4 0.127865 0.718519 0.049479 0.038889
1 0.219271 0.625463 0.045833 0.080556
4 0.216667 0.719444 0.038542 0.037037
0 0.298438 0.613426 0.037500 0.080556
4 0.304688 0.728704 0.034375 0.042593
1 0.400521 0.619444 0.044792 0.088889
6 0.372917 0.729630 0.079167 0.037037
0 0.571094 0.630556 0.032813 0.072222
3 0.569792 0.724537 0.025000 0.030556
1 0.759896 0.633333 0.043750 0.087037
2 0.848437 0.687500 0.069792 0.130556
2 0.667188 0.635648 0.058333 0.119444
4 0.613542 0.729630 0.045833 0.055556
3 0.855990 0.855556 0.054688 0.037037
9 0.151042 0.681019 0.089583 0.121296
8 0.229167 0.665741 0.095833 0.148148
8 0.314844 0.655093 0.080729 0.154630
8 0.398438 0.661574 0.090625 0.158333
8 0.568490 0.708333 0.086979 0.224074
8 0.679948 0.715278 0.111979 0.267593
8 0.763542 0.658333 0.091667 0.124074
9 0.860417 0.739815 0.144792 0.224074
