7 0.115625 0.756481 0.068750 0.125926
3 0.057813 0.833333 0.036458 0.038889
1 0.232813 0.605556 0.042708 0.088889
4 0.213542 0.680556 0.039583 0.035185
7 0.242188 0.742593 0.065625 0.122222
1 0.348438 0.604630 0.045833 0.094444
4 0.338021 0.685648 0.033333 0.056481
1 0.523438 0.618519 0.044792 0.083333
3 0.529687 0.703704 0.038542 0.029630
1 0.627344 0.618519 0.045312 0.081481
6 0.621615 0.693519 0.057813 0.050000
0 0.754167 0.599537 0.058333 0.119444
3 0.754167 0.821296 0.037500 0.048148
0 0.876563 0.618519 0.056250 0.107407
5 0.939063 0.847685 0.112500 0.067593
3 0.227865 0.842593 0.029687 0.033333
9 0.102344 0.733333 0.149479 0.187037
9 0.254167 0.744907 0.148958 0.208333
8 0.227865 0.629630 0.091146 0.131481
8 0.352344 0.633333 0.091146 0.164815
8 0.516146 0.644907 0.104167 0.119444
8 0.627865 0.644444 0.104688 0.127778
8 0.736719 0.685185 0.179688 0.268519
8 0.876042 0.693981 0.117708 0.245370
