8 0.065365 0.243056 0.080729 0.123148
8 0.057813 0.193519 0.073958 0.094444
8 0.107813 0.167593 0.055208 0.088889
8 0.140365 0.143056 0.050521 0.078704
8 0.342448 0.135648 0.030729 0.078704
0 0.304948 0.160185 0.024479 0.055556
9 0.381771 0.143519 0.044792 0.057407
8 0.417187 0.161111 0.054167 0.079630
9 0.396615 0.222222 0.067187 0.094444
8 0.467187 0.220833 0.063542 0.125000
8 0.517708 0.187963 0.046875 0.100000
8 0.342187 0.250926 0.051042 0.131481
8 0.563542 0.206019 0.048958 0.076852
8 0.624740 0.229630 0.074479 0.103704
9 0.598698 0.288426 0.068229 0.093519
8 0.638542 0.372222 0.133333 0.162963
8 0.534115 0.345833 0.092188 0.195370
8 0.446615 0.348611 0.089063 0.187963
9 0.252865 0.255093 0.071354 0.102778
9 0.207813 0.318519 0.069792 0.111111
8 0.276042 0.354167 0.116667 0.156481
8 0.328646 0.289352 0.106250 0.180556
8 0.157292 0.335185 0.102083 0.174074
5 0.259115 0.427315 0.070312 0.037963
9 0.447917 0.280556 0.071875 0.100000
5 0.516146 0.443056 0.037500 0.032407
8 0.702344 0.176389 0.042188 0.099074
8 0.734115 0.187037 0.057813 0.088889
8 0.767969 0.218519 0.054688 0.085185
8 0.815625 0.215278 0.050000 0.095370
8 0.884635 0.196296 0.047396 0.074074
8 0.839063 0.292130 0.064583 0.123148
8 0.897396 0.341204 0.083333 0.152778
1 0.979688 0.289352 0.032292 0.063889
9 0.963542 0.394444 0.072917 0.153704
5 0.979167 0.468056 0.041667 0.032407
1 0.064062 0.218519 0.033333 0.072222
1 0.052865 0.176852 0.031771 0.061111
1 0.040365 0.144444 0.027604 0.055556
1 0.067187 0.118519 0.026042 0.050000
8 0.075260 0.131944 0.041146 0.080556
1 0.097396 0.153704 0.026042 0.055556
1 0.133594 0.131944 0.024479 0.054630
0 0.151042 0.299074 0.042708 0.094444
1 0.267188 0.324537 0.043750 0.089815
1 0.265365 0.240741 0.032813 0.074074
0 0.306771 0.240741 0.038542 0.081481
0 0.280469 0.184722 0.023438 0.056481
1 0.321615 0.143519 0.021354 0.053704
1 0.336458 0.123148 0.018750 0.046296
0 0.332813 0.216667 0.029167 0.062963
1 0.380469 0.140278 0.019271 0.045370
1 0.434115 0.125926 0.022396 0.051852
1 0.421094 0.152778 0.023438 0.055556
1 0.401042 0.212963 0.029167 0.068519
1 0.469271 0.193519 0.027083 0.064815
0 0.511719 0.165741 0.023438 0.053704
0 0.451562 0.296296 0.036458 0.083333
0 0.531510 0.295833 0.039062 0.089815
1 0.567187 0.195833 0.021875 0.050926
8 0.566667 0.174537 0.058333 0.076852
1 0.577865 0.159722 0.023438 0.043519
0 0.615885 0.207870 0.025521 0.062037
1 0.616667 0.280556 0.033333 0.074074
1 0.646615 0.343056 0.046354 0.099074
4 0.644010 0.432407 0.052604 0.038889
1 0.712240 0.149074 0.017188 0.042593
1 0.746615 0.170833 0.022396 0.054630
0 0.790365 0.158796 0.023438 0.039815
8 0.793490 0.179630 0.029687 0.081481
8 0.777344 0.201852 0.023438 0.050000
1 0.818490 0.196296 0.023438 0.053704
1 0.895312 0.188889 0.023958 0.051852
1 0.854167 0.266667 0.029167 0.070370
0 0.912240 0.302315 0.035937 0.076852
