8 0.066667 0.242593 0.089583 0.120370
8 0.102865 0.158333 0.059896 0.105556
9 0.139063 0.151852 0.044792 0.072222
8 0.161198 0.336111 0.099479 0.168519
8 0.277344 0.354630 0.116146 0.159259
9 0.211198 0.314352 0.084896 0.128704
9 0.315365 0.309722 0.086979 0.143519
9 0.249219 0.256019 0.070312 0.106481
8 0.344271 0.250463 0.059375 0.137963
8 0.305990 0.181019 0.044271 0.082407
8 0.398438 0.209259 0.062500 0.118519
8 0.334115 0.152778 0.041146 0.074074
8 0.380990 0.142130 0.042188 0.065741
8 0.423438 0.156019 0.047917 0.084259
8 0.474219 0.160648 0.042188 0.106481
8 0.451042 0.258333 0.078125 0.131481
9 0.513542 0.195833 0.051042 0.080556
8 0.630990 0.228704 0.065104 0.105556
9 0.566667 0.179167 0.056250 0.073148
8 0.568490 0.212963 0.050521 0.074074
8 0.444792 0.345833 0.090625 0.186111
8 0.534896 0.356019 0.086458 0.163889
8 0.646615 0.368519 0.138021 0.172222
8 0.605990 0.334259 0.071354 0.131481
8 0.526042 0.278704 0.068750 0.096296
5 0.259115 0.426852 0.069271 0.035185
5 0.513542 0.443056 0.037500 0.032407
9 0.710417 0.177315 0.036458 0.052778
9 0.732292 0.193519 0.058333 0.074074
8 0.768490 0.214815 0.048438 0.088889
8 0.816667 0.217593 0.052083 0.087037
8 0.872917 0.181481 0.055208 0.094444
8 0.831771 0.302315 0.076042 0.123148
8 0.892188 0.355556 0.090625 0.131481
8 0.957292 0.368519 0.084375 0.200000
9 0.597917 0.285185 0.066667 0.094444
5 0.979688 0.468519 0.040625 0.033333
4 0.653646 0.428241 0.053125 0.041667
1 0.716667 0.170833 0.020833 0.043519
8 0.442188 0.130556 0.031250 0.088889
1 0.062240 0.220833 0.035937 0.075000
2 0.089844 0.139815 0.028646 0.062963
1 0.129688 0.143056 0.025000 0.054630
0 0.343490 0.138889 0.022396 0.044444
1 0.306771 0.170370 0.026042 0.059259
1 0.379948 0.131944 0.019271 0.050926
1 0.422917 0.143519 0.023958 0.061111
1 0.393490 0.191204 0.029687 0.067593
0 0.338542 0.215741 0.032292 0.062963
1 0.266146 0.243056 0.033333 0.076852
1 0.301563 0.305093 0.038542 0.082407
1 0.269792 0.318981 0.042708 0.089815
1 0.151042 0.306019 0.044792 0.099074
0 0.454167 0.297222 0.038542 0.081481
0 0.438542 0.107407 0.020833 0.046296
0 0.526042 0.329167 0.042708 0.093519
2 0.449740 0.231481 0.035937 0.070370
1 0.473698 0.141204 0.022396 0.054630
6 0.390365 0.248611 0.028646 0.034259
1 0.516146 0.186111 0.025000 0.055556
1 0.524740 0.262963 0.029687 0.062963
1 0.578125 0.168519 0.025000 0.050000
1 0.543490 0.151852 0.021354 0.048148
1 0.571094 0.203704 0.023438 0.051852
0 0.632292 0.206019 0.026042 0.062037
1 0.614323 0.275000 0.030729 0.068519
1 0.624740 0.307407 0.033854 0.075926
1 0.652865 0.336111 0.046354 0.105556
1 0.746615 0.181481 0.024479 0.053704
2 0.779167 0.193056 0.022917 0.050926
1 0.794792 0.182870 0.023958 0.050926
1 0.819792 0.200926 0.023958 0.050000
0 0.876563 0.162963 0.023958 0.050000
1 0.852865 0.277778 0.029687 0.066667
6 0.843490 0.335185 0.042188 0.031481
1 0.912240 0.273611 0.035937 0.069444
1 0.917188 0.330556 0.041667 0.079630
1 0.983073 0.318519 0.033854 0.098148
