1 0.117188 0.530556 0.065625 0.109259
6 0.089583 0.642593 0.105208 0.077778
1 0.251042 0.530556 0.057292 0.114815
4 0.222917 0.642593 0.037500 0.062963
0 0.379688 0.500926 0.058333 0.112963
4 0.326562 0.662037 0.037500 0.053704
0 0.435417 0.493519 0.037500 0.079630
0 0.597917 0.490741 0.038542 0.085185
0 0.710938 0.518519 0.037500 0.077778
0 0.788542 0.518519 0.042708 0.077778
1 0.738542 0.582407 0.056250 0.116667
5 0.738021 0.741667 0.083333 0.057407
8 0.139583 0.570833 0.118750 0.182407
8 0.259896 0.577315 0.117708 0.204630
8 0.386979 0.571296 0.155208 0.251852
8 0.444271 0.536574 0.067708 0.152778
8 0.591146 0.543056 0.092708 0.176852
8 0.689063 0.555556 0.093750 0.142593
8 0.727344 0.635648 0.133854 0.215741
8 0.793490 0.567593 0.067187 0.170370
