1 0.154167 0.653704 0.041667 0.077778
4 0.129688 0.718519 0.048958 0.042593
1 0.218750 0.624074 0.037500 0.081481
4 0.217188 0.718519 0.043750 0.037037
0 0.301042 0.618519 0.037500 0.081481
4 0.304688 0.730556 0.037500 0.033333
1 0.402604 0.624537 0.038542 0.086111
6 0.375521 0.724074 0.075000 0.044444
0 0.572396 0.635185 0.040625 0.081481
3 0.574740 0.722222 0.024479 0.031481
1 0.760938 0.630556 0.045833 0.079630
1 0.851042 0.690741 0.068750 0.129630
3 0.860938 0.855556 0.053125 0.037037
2 0.667188 0.635185 0.056250 0.118519
4 0.617188 0.731481 0.047917 0.066667
9 0.149740 0.679630 0.091146 0.118519
8 0.230990 0.666667 0.092188 0.146296
8 0.312240 0.656019 0.083854 0.158333
8 0.401042 0.658796 0.088542 0.158333
8 0.567448 0.716204 0.083854 0.232407
8 0.677344 0.713889 0.114062 0.264815
8 0.760417 0.658333 0.089583 0.135185
9 0.859115 0.743056 0.148438 0.225000
