7 0.113542 0.755556 0.070833 0.124074
3 0.059115 0.830556 0.032813 0.033333
1 0.229167 0.601852 0.041667 0.085185
4 0.211719 0.679630 0.035937 0.040741
7 0.242188 0.730556 0.063542 0.120370
1 0.348438 0.605556 0.045833 0.096296
4 0.336719 0.690741 0.045312 0.051852
1 0.526042 0.618519 0.048958 0.077778
3 0.526563 0.694907 0.041667 0.030556
1 0.624219 0.618519 0.048438 0.081481
6 0.621615 0.701852 0.057813 0.048148
0 0.751563 0.594444 0.057292 0.112963
3 0.751563 0.818519 0.033333 0.035185
0 0.870313 0.612500 0.059375 0.093519
5 0.939063 0.837500 0.112500 0.056481
8 0.231771 0.634259 0.106250 0.144444
8 0.351823 0.634722 0.102604 0.160185
8 0.518490 0.640278 0.110937 0.149074
8 0.627344 0.637037 0.105729 0.155556
8 0.732292 0.684259 0.178125 0.281481
8 0.871615 0.697222 0.118229 0.255556
9 0.110417 0.731019 0.166667 0.173148
9 0.254167 0.741667 0.148958 0.209259
