1 0.114583 0.411574 0.026042 0.045370
1 0.165365 0.385648 0.021354 0.043519
1 0.205990 0.446759 0.028646 0.056481
1 0.257292 0.401852 0.025000 0.046296
1 0.302865 0.343981 0.017188 0.037963
2 0.273177 0.352315 0.018229 0.041667
1 0.246094 0.360185 0.020313 0.042593
0 0.318490 0.446759 0.032813 0.069444
0 0.404167 0.455556 0.029167 0.059259
1 0.363021 0.446296 0.025000 0.061111
2 0.387240 0.408796 0.026562 0.049074
0 0.416146 0.354167 0.018750 0.039815
0 0.455469 0.391204 0.019271 0.039815
1 0.444792 0.343519 0.017708 0.027778
1 0.472917 0.335185 0.016667 0.031481
1 0.505990 0.341667 0.017188 0.038889
0 0.491667 0.380556 0.022917 0.042593
0 0.540365 0.331019 0.018229 0.036111
0 0.574219 0.350000 0.018229 0.040741
0 0.598698 0.324537 0.013021 0.030556
0 0.511198 0.443981 0.030729 0.056481
0 0.521615 0.398148 0.023438 0.044444
0 0.611979 0.337500 0.017708 0.036111
0 0.617969 0.366667 0.017188 0.031481
1 0.579688 0.411574 0.023958 0.054630
0 0.585417 0.469907 0.033333 0.062037
2 0.655990 0.373611 0.020313 0.043519
0 0.643490 0.441204 0.026562 0.041667
0 0.671094 0.455556 0.032813 0.068519
1 0.721094 0.346759 0.014063 0.030556
1 0.734896 0.355556 0.017708 0.033333
0 0.754167 0.368056 0.016667 0.036111
1 0.776042 0.352778 0.017708 0.037037
1 0.804167 0.374537 0.020833 0.041667
1 0.852344 0.350000 0.020313 0.044444
1 0.834115 0.385185 0.022396 0.044444
1 0.826042 0.431019 0.021875 0.047222
1 0.877865 0.456019 0.028646 0.058333
1 0.955990 0.423611 0.024479 0.052778
1 0.926042 0.456019 0.038542 0.078704
8 0.916146 0.492130 0.081250 0.152778
8 0.863542 0.478241 0.055208 0.097222
9 0.811719 0.443519 0.060937 0.074074
8 0.847396 0.356481 0.037500 0.055556
8 0.752865 0.381019 0.035937 0.067593
8 0.667188 0.488889 0.068750 0.122222
8 0.660417 0.391204 0.040625 0.076852
8 0.584115 0.493981 0.060937 0.106481
8 0.613542 0.380093 0.035417 0.052778
8 0.573438 0.366204 0.037500 0.067593
8 0.512240 0.481481 0.065104 0.129630
8 0.490365 0.392593 0.035937 0.070370
8 0.474740 0.337963 0.029687 0.044444
8 0.412240 0.487037 0.086979 0.118519
8 0.317188 0.475926 0.083333 0.131481
9 0.208594 0.460648 0.070312 0.093519
9 0.117188 0.418056 0.053125 0.069444
8 0.168490 0.392593 0.045312 0.059259
9 0.309896 0.350463 0.034375 0.050926
5 0.163542 0.543056 0.039583 0.021296
8 0.265365 0.418519 0.050521 0.085185
5 0.268490 0.458796 0.025521 0.023148
9 0.365365 0.462037 0.051562 0.090741
8 0.457813 0.416667 0.033333 0.092593
1 0.424740 0.431481 0.026562 0.062963
8 0.421615 0.366204 0.031771 0.063889
8 0.635938 0.467593 0.042708 0.105556
8 0.729948 0.368056 0.033854 0.056481
8 0.958594 0.437963 0.032813 0.081481
8 0.544792 0.351389 0.029167 0.073148
8 0.579688 0.428704 0.055208 0.090741
8 0.530990 0.420370 0.042188 0.096296
