8 0.068490 0.243056 0.085938 0.130556
9 0.135937 0.149074 0.047917 0.074074
8 0.382552 0.139815 0.038021 0.066667
8 0.305990 0.176389 0.039062 0.093519
8 0.269010 0.246759 0.076563 0.126852
8 0.339062 0.250000 0.056250 0.140741
8 0.276562 0.352315 0.108333 0.167593
8 0.165365 0.335648 0.096354 0.180556
8 0.421615 0.155556 0.050521 0.083333
8 0.400000 0.218519 0.065625 0.103704
8 0.448177 0.266667 0.072396 0.127778
8 0.447396 0.348148 0.102083 0.185185
5 0.514844 0.443056 0.040104 0.037963
8 0.571615 0.205556 0.051562 0.077778
8 0.541667 0.353704 0.092708 0.192593
8 0.632552 0.229630 0.057813 0.109259
8 0.647917 0.374074 0.136458 0.174074
9 0.710938 0.177778 0.037500 0.053704
9 0.733333 0.192130 0.056250 0.086111
9 0.794531 0.190278 0.041146 0.073148
8 0.763542 0.215741 0.047917 0.092593
8 0.816667 0.215741 0.055208 0.088889
8 0.884115 0.189815 0.042188 0.088889
8 0.840365 0.293056 0.067187 0.123148
8 0.897917 0.341204 0.088542 0.163889
8 0.960417 0.368519 0.079167 0.212963
8 0.037240 0.162037 0.042188 0.087037
8 0.343229 0.143981 0.064583 0.100926
8 0.476823 0.225000 0.056771 0.124074
9 0.213021 0.315741 0.069792 0.116667
8 0.522396 0.191667 0.048958 0.098148
5 0.255990 0.418519 0.073438 0.033333
9 0.312240 0.316204 0.065104 0.156481
8 0.556771 0.159722 0.038542 0.097222
8 0.605990 0.338889 0.068229 0.135185
9 0.596615 0.288426 0.064062 0.093519
1 0.063021 0.219907 0.032292 0.073148
1 0.039062 0.153704 0.029167 0.057407
2 0.126562 0.141204 0.026042 0.056481
2 0.348438 0.123148 0.026042 0.050000
1 0.378385 0.134259 0.020313 0.050000
0 0.300000 0.159259 0.025000 0.055556
0 0.289844 0.221759 0.033854 0.073148
1 0.266667 0.321296 0.046875 0.090741
1 0.196875 0.301389 0.037500 0.082407
0 0.160938 0.294444 0.042708 0.098148
7 0.307031 0.312037 0.039062 0.083333
0 0.337240 0.210185 0.028646 0.059259
1 0.401302 0.201389 0.030729 0.067593
1 0.463802 0.197685 0.028646 0.067593
0 0.556771 0.137037 0.022917 0.051852
2 0.528646 0.172222 0.028125 0.061111
0 0.574219 0.192593 0.023438 0.050000
1 0.549479 0.309722 0.043750 0.104630
0 0.457292 0.297685 0.039583 0.082407
1 0.445833 0.236574 0.032292 0.067593
0 0.632812 0.207870 0.026042 0.062037
1 0.621615 0.314815 0.034896 0.077778
1 0.649479 0.339815 0.048958 0.101852
4 0.652604 0.430556 0.047917 0.038889
1 0.715885 0.172222 0.019271 0.040741
1 0.745313 0.176852 0.025000 0.053704
1 0.796875 0.181944 0.026042 0.054630
1 0.767708 0.198611 0.023958 0.052778
1 0.824479 0.203704 0.025000 0.057407
1 0.892448 0.172222 0.024479 0.051852
1 0.851823 0.272222 0.031771 0.070370
6 0.845052 0.334259 0.043229 0.038889
2 0.921354 0.300463 0.041667 0.082407
0 0.978125 0.312963 0.043750 0.094444
