0 0.082292 0.546296 0.044792 0.074074
1 0.063542 0.605556 0.064583 0.111111
1 0.179688 0.583333 0.055208 0.111111
5 0.140625 0.768519 0.087500 0.061111
1 0.294792 0.545370 0.043750 0.079630
6 0.283594 0.640741 0.057813 0.051852
2 0.375521 0.580556 0.058333 0.127778
4 0.329688 0.744444 0.037500 0.066667
1 0.476562 0.527778 0.037500 0.085185
4 0.477865 0.613889 0.035937 0.044444
1 0.671875 0.535185 0.059375 0.131481
0 0.738021 0.457407 0.041667 0.085185
1 0.804688 0.492593 0.066667 0.125926
1 0.838021 0.453704 0.033333 0.100000
1 0.967969 0.507407 0.060937 0.137037
5 0.821615 0.730556 0.073438 0.055556
8 0.087500 0.656019 0.121875 0.223148
8 0.105990 0.585185 0.075521 0.131481
8 0.202344 0.646759 0.121354 0.223148
8 0.300521 0.585185 0.093750 0.142593
8 0.391406 0.643519 0.151562 0.251852
8 0.487760 0.561574 0.093229 0.154630
8 0.672135 0.612500 0.142187 0.263889
8 0.738542 0.519907 0.077083 0.204630
8 0.806510 0.568056 0.144271 0.286111
8 0.849740 0.505556 0.080729 0.183333
8 0.944792 0.585185 0.110417 0.268519
