8 0.065365 0.243519 0.082812 0.114815
8 0.057813 0.187500 0.075000 0.104630
8 0.091146 0.168056 0.058333 0.102778
8 0.135937 0.149074 0.048958 0.072222
8 0.161198 0.331019 0.103646 0.178704
8 0.277344 0.355556 0.116146 0.159259
9 0.214323 0.319907 0.061979 0.113889
9 0.321615 0.309259 0.096354 0.144444
9 0.251823 0.250926 0.069271 0.105556
8 0.345313 0.250000 0.058333 0.133333
8 0.305469 0.181481 0.044271 0.081481
9 0.396615 0.221759 0.054688 0.087963
8 0.337240 0.143519 0.049479 0.100000
8 0.379688 0.142593 0.042708 0.062963
8 0.421615 0.158333 0.056771 0.087037
8 0.474740 0.160648 0.043229 0.106481
8 0.470313 0.218519 0.065625 0.135185
8 0.447917 0.269444 0.076042 0.120370
8 0.523438 0.181944 0.050000 0.104630
8 0.627865 0.228704 0.057813 0.105556
9 0.569792 0.173148 0.055208 0.068519
9 0.567187 0.216204 0.046875 0.065741
8 0.443490 0.356481 0.097396 0.168519
8 0.538542 0.356019 0.096875 0.178704
8 0.645573 0.374074 0.138021 0.170370
8 0.605990 0.331019 0.070312 0.130556
9 0.516667 0.281944 0.050000 0.097222
5 0.259115 0.426852 0.069271 0.035185
5 0.513542 0.443056 0.037500 0.032407
9 0.710938 0.177315 0.036458 0.052778
9 0.736198 0.192130 0.061979 0.076852
8 0.768490 0.212963 0.048438 0.092593
8 0.816146 0.221759 0.050000 0.080556
8 0.884896 0.199537 0.044792 0.069444
9 0.839063 0.303704 0.080208 0.111111
8 0.912240 0.343056 0.096354 0.139815
8 0.959375 0.368056 0.081250 0.204630
9 0.597917 0.291204 0.066667 0.095370
1 0.065365 0.226389 0.032813 0.075000
1 0.043490 0.168519 0.032813 0.064815
1 0.076042 0.150000 0.029167 0.066667
1 0.127344 0.141667 0.026562 0.057407
1 0.337240 0.123611 0.023438 0.054630
1 0.304167 0.173611 0.026042 0.058333
1 0.265365 0.236574 0.034896 0.080556
0 0.342969 0.219907 0.030729 0.073148
1 0.376823 0.135648 0.019271 0.045370
1 0.421615 0.145370 0.023438 0.059259
0 0.441667 0.105556 0.020833 0.046296
8 0.443490 0.125463 0.030729 0.080556
0 0.472917 0.134259 0.022917 0.051852
1 0.390625 0.216204 0.031250 0.065741
1 0.296615 0.295370 0.040104 0.083333
1 0.267969 0.321296 0.045312 0.088889
0 0.464323 0.180556 0.028646 0.059259
0 0.521615 0.159259 0.024479 0.055556
1 0.544010 0.153241 0.021354 0.049074
1 0.580469 0.171296 0.025521 0.055556
1 0.568490 0.210185 0.024479 0.055556
1 0.526563 0.271759 0.029167 0.075000
1 0.440104 0.250000 0.032292 0.079630
1 0.450521 0.322222 0.037500 0.088889
1 0.202865 0.306019 0.036979 0.082407
0 0.163542 0.291667 0.042708 0.094444
0 0.625521 0.206481 0.023958 0.062963
0 0.613542 0.278241 0.033333 0.073148
0 0.542188 0.316204 0.040625 0.093519
1 0.624740 0.312037 0.032813 0.081481
1 0.652344 0.341204 0.048438 0.106481
4 0.655990 0.432407 0.053646 0.040741
1 0.717187 0.172685 0.018750 0.043519
2 0.752865 0.180556 0.025521 0.053704
2 0.777344 0.193519 0.024479 0.051852
2 0.796615 0.185648 0.024479 0.045370
1 0.823698 0.207407 0.022396 0.051852
1 0.894792 0.191667 0.023958 0.053704
1 0.862240 0.283796 0.031771 0.075000
6 0.852865 0.341204 0.042188 0.026852
1 0.916667 0.280556 0.035417 0.072222
2 0.939844 0.315741 0.040104 0.083333
0 0.983594 0.312963 0.032813 0.092593
5 0.893490 0.416667 0.034896 0.025926
5 0.978646 0.468519 0.039583 0.031481
