8 0.068490 0.243056 0.085938 0.130556
9 0.136719 0.152315 0.054688 0.073148
8 0.379948 0.134722 0.041146 0.069444
8 0.304688 0.168056 0.039583 0.078704
8 0.272396 0.254167 0.079167 0.117593
8 0.338542 0.248611 0.058333 0.143519
8 0.274740 0.343056 0.108854 0.176852
8 0.164323 0.336111 0.096354 0.181481
8 0.423438 0.155556 0.046875 0.079630
8 0.400000 0.218519 0.065625 0.103704
8 0.445573 0.268519 0.066146 0.131481
8 0.447917 0.353241 0.097917 0.178704
5 0.514844 0.443056 0.040104 0.037963
8 0.571615 0.205556 0.051562 0.077778
8 0.535417 0.348148 0.090625 0.194444
8 0.630990 0.221759 0.058854 0.119444
8 0.648438 0.359722 0.130208 0.193519
9 0.710938 0.177778 0.037500 0.053704
9 0.732292 0.192130 0.058333 0.082407
8 0.763542 0.215741 0.047917 0.092593
9 0.814844 0.222685 0.051562 0.069444
8 0.884115 0.189815 0.042188 0.088889
8 0.836719 0.296296 0.070312 0.124074
8 0.904167 0.343056 0.085417 0.147222
8 0.035417 0.160648 0.039583 0.080556
8 0.345313 0.143056 0.067708 0.091667
8 0.477865 0.223611 0.055729 0.119444
9 0.213542 0.318056 0.067708 0.121296
8 0.521615 0.187963 0.049479 0.100000
5 0.255990 0.418519 0.073438 0.033333
9 0.312240 0.316204 0.065104 0.156481
9 0.596094 0.288426 0.064062 0.093519
8 0.552865 0.161574 0.041146 0.102778
8 0.062240 0.180556 0.075521 0.103704
1 0.062240 0.218056 0.032813 0.075000
1 0.034115 0.155093 0.029687 0.060185
1 0.126042 0.143981 0.027083 0.058333
0 0.064323 0.156019 0.031771 0.054630
2 0.349740 0.127778 0.025521 0.053704
0 0.299740 0.156944 0.025521 0.054630
1 0.271615 0.191204 0.025521 0.063889
8 0.260937 0.207870 0.046875 0.100926
0 0.337240 0.209722 0.028646 0.062037
0 0.294271 0.229167 0.033333 0.069444
7 0.309896 0.309722 0.037500 0.087963
1 0.198698 0.302315 0.038021 0.084259
0 0.160417 0.293519 0.044792 0.092593
0 0.276042 0.301389 0.041667 0.086111
1 0.423438 0.146296 0.025000 0.059259
1 0.368490 0.130556 0.019271 0.051852
1 0.399740 0.200463 0.032813 0.069444
1 0.463542 0.198611 0.028125 0.069444
0 0.444792 0.243519 0.033333 0.075926
0 0.457813 0.117593 0.020833 0.048148
2 0.469271 0.133333 0.023958 0.050000
0 0.516146 0.164815 0.025000 0.053704
0 0.559115 0.140741 0.023438 0.051852
0 0.572917 0.193519 0.023958 0.051852
0 0.474740 0.305556 0.039062 0.085185
0 0.538021 0.297222 0.040625 0.087037
0 0.638542 0.313426 0.044792 0.093519
0 0.632292 0.195370 0.029167 0.062963
1 0.717969 0.172222 0.020313 0.044444
1 0.746094 0.177778 0.025521 0.051852
2 0.774740 0.195370 0.025521 0.050000
2 0.816667 0.215278 0.032292 0.049074
1 0.796615 0.180556 0.024479 0.051852
1 0.892188 0.170370 0.025000 0.051852
1 0.851042 0.271759 0.030208 0.069444
1 0.924740 0.312500 0.040104 0.080556
6 0.844792 0.334259 0.041667 0.037037
1 0.984896 0.283333 0.030208 0.062963
9 0.970313 0.294907 0.056250 0.087963
