8 0.068490 0.243056 0.085938 0.123148
8 0.092188 0.166667 0.059375 0.100000
8 0.137240 0.145370 0.048438 0.074074
8 0.157292 0.331019 0.095833 0.186111
8 0.277344 0.354630 0.116146 0.159259
8 0.214323 0.305556 0.072396 0.146296
9 0.314063 0.306481 0.084375 0.144444
9 0.252865 0.255556 0.064062 0.103704
8 0.345313 0.251389 0.058333 0.136111
8 0.306771 0.181019 0.042708 0.084259
8 0.396615 0.206019 0.055729 0.113889
8 0.337240 0.143056 0.050521 0.099074
8 0.380990 0.142130 0.042188 0.065741
8 0.427344 0.155556 0.041146 0.083333
8 0.474740 0.162037 0.040104 0.105556
8 0.450000 0.268056 0.075000 0.123148
9 0.516146 0.193056 0.051042 0.080556
8 0.630990 0.228704 0.065104 0.105556
9 0.565365 0.180093 0.056771 0.075000
9 0.567969 0.211574 0.047396 0.069444
8 0.446615 0.348611 0.089063 0.182407
8 0.534115 0.355556 0.090104 0.170370
8 0.646094 0.368519 0.138021 0.172222
8 0.604688 0.330556 0.068750 0.133333
5 0.259115 0.426852 0.069271 0.035185
5 0.513542 0.443056 0.037500 0.032407
9 0.710938 0.177315 0.036458 0.052778
9 0.732292 0.193519 0.057292 0.075926
8 0.767188 0.214815 0.048958 0.088889
8 0.815365 0.218056 0.053646 0.076852
8 0.887240 0.193981 0.048438 0.075000
8 0.830990 0.300000 0.075521 0.118519
8 0.895573 0.355093 0.094271 0.134259
8 0.960417 0.370833 0.079167 0.193519
9 0.597917 0.287963 0.066667 0.094444
5 0.979688 0.468519 0.040625 0.033333
8 0.469792 0.218519 0.060417 0.124074
4 0.650521 0.429630 0.051042 0.038889
1 0.717969 0.168981 0.020313 0.043519
1 0.063542 0.220370 0.035417 0.075926
2 0.040365 0.143519 0.030729 0.061111
1 0.080469 0.144444 0.029687 0.059259
1 0.126042 0.141204 0.025000 0.056481
0 0.154167 0.287037 0.043750 0.094444
1 0.202865 0.281019 0.040104 0.093519
1 0.270573 0.318981 0.043229 0.091667
1 0.301042 0.295833 0.035417 0.080556
1 0.265365 0.243519 0.031771 0.077778
1 0.349219 0.218981 0.032813 0.071296
1 0.307292 0.168519 0.026042 0.057407
1 0.331771 0.118519 0.023958 0.053704
1 0.379167 0.130556 0.019792 0.050000
1 0.426563 0.147222 0.022917 0.055556
0 0.452865 0.301389 0.038021 0.086111
2 0.435417 0.243056 0.034375 0.075000
2 0.459375 0.193519 0.031250 0.061111
1 0.399740 0.186574 0.028646 0.069444
0 0.442448 0.107407 0.021354 0.044444
0 0.471615 0.135185 0.023438 0.055556
8 0.444792 0.125926 0.030208 0.081481
1 0.516667 0.183333 0.023958 0.055556
1 0.544792 0.151852 0.021875 0.048148
1 0.576042 0.168056 0.025000 0.050926
1 0.569792 0.206019 0.022917 0.054630
0 0.633594 0.205556 0.027604 0.066667
0 0.534115 0.318056 0.041146 0.091667
1 0.647917 0.335185 0.048958 0.105556
1 0.613542 0.273611 0.032292 0.069444
1 0.622917 0.305556 0.033333 0.075926
1 0.746615 0.181481 0.024479 0.051852
2 0.776563 0.193056 0.025000 0.050926
1 0.797396 0.185648 0.023958 0.056481
1 0.823438 0.205556 0.021875 0.046296
1 0.853646 0.278241 0.028125 0.067593
1 0.899219 0.182870 0.026562 0.050926
6 0.844271 0.336111 0.042708 0.031481
0 0.911198 0.268056 0.031771 0.069444
0 0.984896 0.268056 0.030208 0.065741
1 0.918490 0.330556 0.042188 0.079630
