0 0.091146 0.630556 0.080208 0.131481
3 0.044792 0.843519 0.050000 0.042593
0 0.242188 0.590741 0.046875 0.085185
7 0.194792 0.761111 0.062500 0.107407
0 0.344792 0.568519 0.041667 0.077778
3 0.326042 0.714815 0.023958 0.022222
0 0.485938 0.574074 0.044792 0.081481
1 0.510938 0.698148 0.065625 0.118519
4 0.538542 0.810185 0.040625 0.055556
0 0.607292 0.572222 0.044792 0.081481
0 0.701042 0.605556 0.058333 0.111111
3 0.694271 0.818981 0.037500 0.043519
1 0.841146 0.663889 0.060417 0.112963
5 0.883594 0.818519 0.092188 0.059259
8 0.105469 0.704167 0.132812 0.265741
8 0.247396 0.630556 0.094792 0.170370
8 0.348177 0.621759 0.090104 0.173148
8 0.491146 0.618056 0.098958 0.160185
9 0.532292 0.732407 0.135417 0.203704
8 0.607292 0.618056 0.102083 0.176852
8 0.708594 0.690278 0.128646 0.271296
8 0.852865 0.711111 0.131771 0.218519
9 0.216667 0.750000 0.145833 0.205556
