0 0.179688 0.592593 0.064583 0.118519
3 0.139063 0.765741 0.032292 0.046296
1 0.276562 0.574074 0.037500 0.081481
4 0.273438 0.644444 0.037500 0.044444
0 0.322917 0.581481 0.062500 0.133333
4 0.290625 0.758333 0.056250 0.075926
1 0.401042 0.557407 0.044792 0.096296
4 0.393490 0.652778 0.032813 0.057407
1 0.575521 0.568519 0.033333 0.077778
1 0.601042 0.604630 0.053125 0.124074
4 0.595313 0.768519 0.050000 0.074074
2 0.786719 0.580556 0.064062 0.125926
4 0.819792 0.763889 0.063542 0.055556
1 0.879167 0.612037 0.066667 0.131481
5 0.919792 0.802778 0.138542 0.061111
9 0.407813 0.596759 0.086458 0.171296
9 0.557292 0.604167 0.073958 0.143519
8 0.178906 0.652315 0.136979 0.230556
8 0.320833 0.655093 0.134375 0.262037
8 0.268490 0.595833 0.063021 0.125000
8 0.596615 0.669907 0.134896 0.260185
8 0.759896 0.655093 0.128125 0.267593
8 0.875000 0.668981 0.118750 0.236111
