0 0.182292 0.593519 0.068750 0.116667
3 0.139063 0.767593 0.032292 0.042593
1 0.276042 0.575000 0.035417 0.083333
4 0.270313 0.640741 0.033333 0.037037
0 0.319792 0.580556 0.061458 0.127778
4 0.288542 0.756481 0.057292 0.072222
1 0.404167 0.555556 0.041667 0.090741
4 0.392188 0.652778 0.033333 0.057407
1 0.571094 0.566667 0.032813 0.066667
1 0.597917 0.607407 0.054167 0.122222
4 0.595313 0.768519 0.059375 0.059259
0 0.754167 0.555556 0.054167 0.118519
3 0.747917 0.793519 0.042708 0.040741
0 0.875000 0.616667 0.062500 0.129630
5 0.922396 0.807407 0.139583 0.062963
8 0.178906 0.647685 0.136979 0.226852
8 0.319010 0.656019 0.131771 0.252778
9 0.405990 0.598148 0.088021 0.168519
8 0.592187 0.673611 0.140625 0.252778
8 0.746875 0.647222 0.127083 0.287037
8 0.867708 0.676852 0.130208 0.231481
8 0.271615 0.593519 0.072396 0.131481
9 0.555990 0.605556 0.075521 0.138889
