1 0.155990 0.648148 0.039062 0.081481
4 0.126042 0.718519 0.047917 0.046296
1 0.219271 0.630093 0.043750 0.089815
4 0.216667 0.723148 0.044792 0.044444
0 0.299740 0.610648 0.041146 0.080556
4 0.302865 0.730556 0.034896 0.037037
1 0.401042 0.618056 0.039583 0.084259
6 0.371094 0.727778 0.072396 0.046296
0 0.572396 0.631481 0.037500 0.075926
1 0.759896 0.631019 0.041667 0.080556
3 0.569792 0.720833 0.026042 0.030556
1 0.851823 0.694907 0.064062 0.123148
3 0.860938 0.856019 0.054167 0.039815
2 0.665365 0.639815 0.063021 0.125926
4 0.617448 0.737037 0.050521 0.055556
9 0.150521 0.679167 0.092708 0.123148
8 0.226042 0.666667 0.094792 0.151852
8 0.312240 0.660648 0.084896 0.169444
8 0.402865 0.663426 0.085938 0.156481
8 0.566667 0.715278 0.087500 0.234259
8 0.675521 0.714815 0.121875 0.261111
8 0.759115 0.656019 0.094271 0.141667
9 0.859896 0.743056 0.139583 0.225000
