0 0.194271 0.592593 0.062500 0.103704
3 0.139063 0.766667 0.037500 0.037037
1 0.288542 0.570370 0.040625 0.077778
4 0.288542 0.637963 0.026042 0.031481
0 0.341146 0.570370 0.056250 0.114815
0 0.401042 0.532407 0.043750 0.083333
1 0.567708 0.580556 0.038542 0.066667
1 0.597917 0.617593 0.054167 0.131481
4 0.591146 0.770370 0.067708 0.074074
0 0.750521 0.573148 0.062500 0.094444
1 0.971615 0.630556 0.048438 0.137037
8 0.189583 0.649537 0.133333 0.225000
8 0.339062 0.644444 0.127083 0.250000
8 0.412760 0.588426 0.082812 0.180556
8 0.595052 0.672685 0.139063 0.236111
8 0.735417 0.656944 0.141667 0.271296
8 0.946094 0.690741 0.104688 0.224074
9 0.554688 0.606481 0.077083 0.133333
8 0.293490 0.600000 0.067187 0.127778
