0 0.180469 0.583333 0.064062 0.114815
3 0.139063 0.763889 0.037500 0.044444
1 0.278646 0.566667 0.043750 0.081481
4 0.270313 0.641667 0.033333 0.035185
0 0.322917 0.586111 0.060417 0.127778
4 0.289062 0.755556 0.054167 0.072222
1 0.402865 0.560185 0.048438 0.094444
4 0.392969 0.646296 0.035937 0.048148
1 0.575521 0.566667 0.033333 0.081481
1 0.597917 0.610185 0.052083 0.112963
4 0.601042 0.769444 0.065625 0.061111
0 0.742188 0.537963 0.055208 0.105556
3 0.747917 0.789815 0.042708 0.038889
0 0.888542 0.606481 0.064583 0.120370
5 0.920833 0.805556 0.132292 0.055556
9 0.270573 0.598611 0.065104 0.141667
9 0.557813 0.601389 0.078125 0.143519
8 0.177865 0.649537 0.141146 0.236111
8 0.316927 0.653704 0.135937 0.259259
8 0.408594 0.598611 0.090104 0.163889
8 0.593750 0.672222 0.139583 0.250000
8 0.738802 0.639352 0.132812 0.302778
8 0.870573 0.666667 0.140104 0.240741
