8 0.068490 0.243056 0.084896 0.130556
8 0.030990 0.155093 0.053646 0.078704
8 0.088542 0.165741 0.059375 0.114815
8 0.134115 0.143056 0.056771 0.080556
8 0.334115 0.151389 0.049479 0.089815
8 0.374740 0.140278 0.048438 0.071296
8 0.307292 0.173611 0.038542 0.093519
8 0.263542 0.253241 0.065625 0.125000
8 0.341667 0.252315 0.060417 0.141667
8 0.317188 0.310648 0.085417 0.130556
9 0.263542 0.366204 0.127083 0.137963
8 0.213542 0.302315 0.080208 0.145370
8 0.140365 0.341667 0.130729 0.187037
8 0.418750 0.156019 0.056250 0.082407
8 0.455990 0.130093 0.039062 0.075000
8 0.474740 0.218056 0.041146 0.115741
9 0.396615 0.227315 0.061979 0.086111
8 0.447917 0.259722 0.073958 0.130556
8 0.430990 0.351389 0.134896 0.175000
6 0.397917 0.428241 0.063542 0.039815
5 0.514844 0.443056 0.040104 0.037963
8 0.519271 0.185648 0.048958 0.106481
8 0.569792 0.205556 0.048958 0.081481
8 0.521094 0.256019 0.060937 0.143519
8 0.544792 0.352778 0.095833 0.185185
8 0.646615 0.230093 0.059896 0.117593
8 0.636719 0.356019 0.099479 0.186111
9 0.709115 0.179167 0.039062 0.058333
9 0.733073 0.194907 0.058854 0.076852
8 0.791667 0.179630 0.041667 0.083333
8 0.764844 0.218056 0.053646 0.089815
8 0.814063 0.218519 0.053125 0.092593
8 0.884896 0.189815 0.043750 0.090741
8 0.865365 0.244907 0.040104 0.093519
8 0.836198 0.293056 0.061979 0.121296
8 0.903385 0.343056 0.083854 0.154630
8 0.962500 0.381019 0.075000 0.191667
1 0.063542 0.221759 0.034375 0.069444
2 0.036719 0.143056 0.029687 0.058333
2 0.079167 0.142130 0.028125 0.065741
1 0.127865 0.131019 0.025521 0.058333
2 0.361719 0.130556 0.020313 0.051852
1 0.419792 0.143519 0.022917 0.059259
1 0.387240 0.218056 0.032813 0.063889
1 0.277865 0.230556 0.035937 0.074074
1 0.317188 0.305556 0.037500 0.079630
1 0.215365 0.277315 0.042188 0.089815
1 0.249740 0.354167 0.049479 0.091667
0 0.338542 0.131019 0.022917 0.050926
0 0.301563 0.155556 0.025000 0.055556
0 0.338542 0.213889 0.028125 0.061111
0 0.277865 0.181019 0.026562 0.049074
0 0.137240 0.293056 0.051562 0.091667
0 0.451042 0.118056 0.020833 0.047222
0 0.479948 0.133333 0.022396 0.044444
0 0.469792 0.193056 0.026042 0.062037
1 0.451042 0.238426 0.033333 0.076852
1 0.523438 0.229630 0.033333 0.077778
0 0.517969 0.160648 0.024479 0.056481
0 0.535417 0.134722 0.018750 0.043519
8 0.543490 0.152778 0.035937 0.075926
2 0.468490 0.314352 0.053646 0.089815
2 0.549740 0.315741 0.048438 0.101852
2 0.627344 0.309722 0.045312 0.093519
0 0.651563 0.206019 0.026042 0.063889
1 0.571615 0.193056 0.025521 0.054630
1 0.716667 0.172222 0.020833 0.044444
1 0.745313 0.181944 0.026042 0.050926
0 0.782813 0.157407 0.021875 0.040741
0 0.769792 0.196296 0.022917 0.048148
1 0.823438 0.202315 0.023958 0.052778
0 0.838021 0.265741 0.029167 0.061111
1 0.864062 0.230093 0.026042 0.056481
1 0.892188 0.169444 0.025000 0.051852
1 0.915625 0.306481 0.040625 0.083333
1 0.985938 0.282407 0.028125 0.068519
9 0.969271 0.303704 0.061458 0.103704
