1 0.124219 0.511574 0.060937 0.117593
6 0.091146 0.639815 0.110417 0.072222
0 0.256250 0.512037 0.050000 0.101852
4 0.209115 0.643519 0.042188 0.064815
0 0.391406 0.491667 0.046354 0.101852
5 0.334896 0.692593 0.100000 0.051852
0 0.439063 0.490741 0.031250 0.074074
1 0.601042 0.508796 0.040625 0.080556
4 0.594792 0.598611 0.030208 0.034259
1 0.690104 0.543056 0.038542 0.076852
0 0.788281 0.515741 0.036979 0.077778
1 0.747917 0.594444 0.056250 0.112963
5 0.745313 0.743519 0.095833 0.053704
8 0.143490 0.558796 0.109896 0.202778
8 0.251563 0.566204 0.117708 0.217593
8 0.384115 0.568981 0.120313 0.249074
8 0.451042 0.534722 0.060417 0.149074
8 0.593490 0.543519 0.088021 0.155556
8 0.794792 0.565741 0.068750 0.170370
8 0.685417 0.563426 0.084375 0.130556
9 0.742969 0.640741 0.135937 0.196296
