1 0.120313 0.537963 0.060417 0.105556
6 0.089063 0.637037 0.098958 0.070370
1 0.256771 0.524074 0.054167 0.114815
4 0.219792 0.650000 0.044792 0.055556
0 0.389844 0.490741 0.054688 0.103704
4 0.322917 0.655556 0.045833 0.074074
0 0.429688 0.493519 0.038542 0.074074
0 0.604167 0.493519 0.041667 0.079630
0 0.668490 0.505556 0.038021 0.081481
0 0.793490 0.526852 0.042188 0.087037
1 0.738542 0.581481 0.056250 0.122222
5 0.738542 0.743519 0.085417 0.051852
9 0.142187 0.575000 0.122917 0.179630
8 0.260156 0.576852 0.117188 0.211111
8 0.384635 0.571759 0.158854 0.245370
8 0.447396 0.531019 0.066667 0.152778
8 0.585417 0.537037 0.095833 0.170370
8 0.674219 0.551389 0.085938 0.156481
8 0.727604 0.638426 0.136458 0.212037
8 0.793490 0.568056 0.067187 0.158333
