8 0.065365 0.245370 0.079687 0.120370
8 0.096094 0.168056 0.053646 0.102778
9 0.137240 0.152315 0.049479 0.073148
8 0.144010 0.339815 0.127604 0.175926
8 0.277344 0.355556 0.114062 0.155556
9 0.250521 0.256019 0.072917 0.100926
8 0.319792 0.295833 0.079167 0.169444
8 0.304688 0.172685 0.038542 0.087963
8 0.379167 0.134259 0.047917 0.075926
9 0.396094 0.222685 0.067187 0.095370
8 0.421615 0.158796 0.053646 0.086111
8 0.444792 0.130556 0.029167 0.079630
8 0.465365 0.218519 0.065104 0.129630
9 0.447917 0.281019 0.072917 0.102778
8 0.446615 0.349537 0.090104 0.180556
8 0.535417 0.345833 0.091667 0.187963
9 0.517188 0.200000 0.047917 0.068519
8 0.569792 0.167593 0.065625 0.094444
8 0.563542 0.206019 0.045833 0.076852
8 0.637240 0.231019 0.057813 0.106481
9 0.599740 0.291667 0.069271 0.092593
8 0.638542 0.372685 0.133333 0.169444
4 0.643490 0.430556 0.052604 0.038889
9 0.735417 0.193519 0.060417 0.077778
8 0.765365 0.217130 0.052604 0.089815
8 0.815365 0.206481 0.054688 0.100000
8 0.884896 0.188889 0.045833 0.087037
8 0.834896 0.300463 0.075000 0.119444
8 0.894792 0.339815 0.082292 0.159259
8 0.954688 0.287500 0.053125 0.117593
5 0.259896 0.426852 0.069792 0.035185
5 0.515365 0.443056 0.038021 0.032407
5 0.978646 0.468519 0.042708 0.031481
8 0.339844 0.246296 0.050521 0.138889
8 0.946875 0.375000 0.106250 0.183333
8 0.702865 0.176389 0.042188 0.099074
8 0.326042 0.143519 0.035417 0.077778
8 0.343490 0.134259 0.029687 0.081481
8 0.059115 0.192593 0.074479 0.096296
9 0.217969 0.318519 0.070312 0.111111
1 0.064323 0.225926 0.033854 0.074074
1 0.055469 0.177778 0.032813 0.061111
2 0.038542 0.146759 0.030208 0.060185
1 0.084115 0.146759 0.028646 0.062037
1 0.127344 0.143519 0.026562 0.055556
0 0.166146 0.295833 0.042708 0.091667
1 0.270313 0.321296 0.041667 0.087037
1 0.307292 0.261574 0.039583 0.093519
1 0.266667 0.243519 0.033333 0.075926
0 0.329167 0.208796 0.028125 0.062037
0 0.308073 0.158333 0.025521 0.053704
0 0.321094 0.131019 0.019271 0.054630
2 0.338542 0.118056 0.018750 0.049074
1 0.372917 0.123611 0.019792 0.054630
1 0.393490 0.207870 0.029687 0.063889
1 0.427344 0.143981 0.022396 0.058333
0 0.440365 0.118519 0.019271 0.050000
0 0.465365 0.182870 0.029687 0.054630
0 0.455469 0.305093 0.039062 0.087963
0 0.534115 0.295370 0.038021 0.087037
1 0.517188 0.193519 0.023958 0.053704
1 0.574740 0.148148 0.023438 0.055556
0 0.566667 0.193056 0.022917 0.047222
0 0.635938 0.206944 0.025000 0.062037
1 0.643490 0.343056 0.045312 0.104630
1 0.711719 0.148611 0.018229 0.043519
2 0.751563 0.180556 0.026042 0.051852
1 0.774740 0.195370 0.023438 0.050000
2 0.796615 0.169907 0.023438 0.050926
1 0.810417 0.186574 0.025000 0.056481
1 0.894792 0.169444 0.025000 0.051852
1 0.852865 0.275926 0.030729 0.068519
0 0.907813 0.296759 0.037500 0.076852
0 0.952865 0.260185 0.029687 0.055556
