7 0.082292 0.736574 0.070833 0.106481
3 0.048177 0.852315 0.055729 0.036111
0 0.242188 0.654630 0.056250 0.112963
5 0.190365 0.840741 0.114062 0.051852
0 0.235417 0.577778 0.038542 0.059259
0 0.346615 0.580556 0.042188 0.072222
3 0.325521 0.713889 0.020833 0.027778
5 0.355469 0.707407 0.035937 0.024074
0 0.485938 0.577778 0.036458 0.074074
0 0.597396 0.580556 0.044792 0.088889
1 0.526563 0.693519 0.061458 0.111111
3 0.610938 0.705556 0.021875 0.025926
4 0.534896 0.805556 0.051042 0.059259
0 0.704688 0.605556 0.050000 0.090741
3 0.696615 0.819907 0.026562 0.043519
1 0.840365 0.679167 0.054688 0.106481
5 0.885938 0.826852 0.095833 0.050000
9 0.105990 0.739352 0.139063 0.199074
8 0.238542 0.717593 0.117708 0.227778
8 0.245573 0.626852 0.086979 0.146296
8 0.347396 0.630556 0.079167 0.161111
8 0.485938 0.621296 0.100000 0.162963
8 0.532813 0.731944 0.136458 0.199074
8 0.599219 0.618981 0.080729 0.152778
8 0.709115 0.692593 0.123438 0.248148
8 0.854948 0.718056 0.125521 0.182407
