0 0.219792 0.577778 0.053125 0.103704
3 0.135937 0.761111 0.035417 0.040741
1 0.276562 0.568519 0.040625 0.090741
4 0.276042 0.640741 0.035417 0.037037
1 0.317188 0.605556 0.058333 0.133333
4 0.291667 0.743519 0.066667 0.066667
1 0.398438 0.555556 0.045833 0.100000
4 0.392969 0.648148 0.039062 0.055556
1 0.570312 0.581481 0.037500 0.062963
1 0.598437 0.619444 0.052083 0.124074
4 0.597396 0.769444 0.066667 0.061111
0 0.740365 0.562963 0.053646 0.105556
2 0.866146 0.623148 0.072917 0.120370
5 0.909375 0.806481 0.150000 0.064815
9 0.789062 0.616667 0.066667 0.138889
9 0.280469 0.600926 0.051562 0.138889
9 0.407552 0.596759 0.086979 0.160185
9 0.561458 0.611574 0.090625 0.128704
8 0.207552 0.646759 0.117188 0.228704
8 0.316406 0.660648 0.145313 0.236111
8 0.593229 0.675463 0.139583 0.230556
8 0.733594 0.652315 0.139063 0.275000
8 0.865365 0.679630 0.135937 0.231481
