8 0.065365 0.244907 0.081771 0.115741
8 0.059896 0.194907 0.073958 0.089815
8 0.105469 0.165278 0.060937 0.100926
8 0.142708 0.145833 0.051042 0.078704
8 0.342187 0.135648 0.030208 0.080556
8 0.372396 0.139815 0.046875 0.064815
8 0.444792 0.131944 0.029167 0.078704
8 0.421094 0.156944 0.050521 0.087963
9 0.397396 0.219907 0.066667 0.097222
8 0.466667 0.213889 0.071875 0.135185
8 0.517188 0.187037 0.047917 0.101852
8 0.342448 0.253241 0.053646 0.137963
9 0.563021 0.216667 0.048958 0.059259
8 0.623958 0.228704 0.071875 0.105556
9 0.597656 0.288426 0.068229 0.093519
8 0.638542 0.374537 0.133333 0.163889
8 0.534115 0.350926 0.092188 0.194444
8 0.445312 0.352315 0.087500 0.186111
8 0.251823 0.253241 0.068229 0.110185
9 0.207813 0.319444 0.069792 0.111111
8 0.277865 0.355093 0.114062 0.154630
8 0.320833 0.292130 0.094792 0.178704
8 0.159115 0.337963 0.104688 0.179630
5 0.259115 0.427315 0.070312 0.037963
9 0.450000 0.281481 0.071875 0.100000
5 0.516146 0.443056 0.037500 0.032407
8 0.701562 0.175000 0.041667 0.094444
9 0.732292 0.190278 0.058333 0.082407
8 0.767188 0.220370 0.057292 0.090741
8 0.812240 0.217593 0.048438 0.092593
8 0.885938 0.197685 0.048958 0.075000
8 0.839583 0.294444 0.067708 0.118519
8 0.891667 0.342593 0.092708 0.162963
8 0.964063 0.377778 0.070833 0.183333
1 0.067969 0.226389 0.033854 0.073148
1 0.048958 0.183796 0.031250 0.062037
2 0.092969 0.145370 0.026562 0.059259
1 0.134115 0.135185 0.024479 0.055556
0 0.152865 0.295833 0.044271 0.091667
1 0.269010 0.323611 0.042188 0.091667
1 0.264062 0.236574 0.034375 0.073148
1 0.300260 0.248148 0.038021 0.088889
0 0.332292 0.216204 0.030208 0.063889
1 0.284115 0.189815 0.026562 0.061111
0 0.304688 0.162500 0.027083 0.056481
1 0.321094 0.142593 0.020313 0.055556
1 0.337240 0.122222 0.019271 0.051852
1 0.357812 0.132870 0.018750 0.049074
1 0.405990 0.209259 0.028646 0.066667
1 0.422396 0.142593 0.021875 0.055556
1 0.443490 0.118056 0.020313 0.045370
1 0.461719 0.178241 0.026562 0.062037
0 0.512240 0.166204 0.023438 0.054630
1 0.565365 0.213426 0.021354 0.050926
8 0.565365 0.176389 0.058854 0.076852
1 0.577865 0.163889 0.024479 0.050000
0 0.450521 0.303704 0.037500 0.087037
0 0.532292 0.297222 0.038542 0.088889
0 0.614583 0.205556 0.025000 0.057407
1 0.616146 0.281019 0.030208 0.075000
1 0.646615 0.343056 0.045312 0.100926
4 0.644792 0.433333 0.051042 0.038889
1 0.712240 0.149537 0.015104 0.043519
1 0.746615 0.177778 0.023438 0.051852
1 0.778646 0.200463 0.023958 0.049074
2 0.805469 0.195833 0.023438 0.050926
1 0.897135 0.188889 0.024479 0.050000
1 0.858594 0.274074 0.029687 0.072222
1 0.879687 0.304630 0.036458 0.085185
1 0.917188 0.262963 0.036458 0.070370
8 0.925000 0.287037 0.056250 0.120370
0 0.982292 0.336111 0.034375 0.096296
