0 0.182292 0.592593 0.064583 0.122222
3 0.139063 0.765741 0.034375 0.035185
1 0.277865 0.570833 0.039062 0.080556
4 0.272917 0.642593 0.029167 0.033333
0 0.319792 0.575000 0.058333 0.120370
4 0.288542 0.757407 0.058333 0.066667
1 0.401562 0.557407 0.040625 0.096296
4 0.392969 0.653704 0.039062 0.055556
1 0.569792 0.573148 0.030208 0.081481
0 0.598437 0.588889 0.053125 0.105556
4 0.596094 0.781481 0.067187 0.062963
2 0.769271 0.579630 0.062500 0.133333
4 0.765625 0.768519 0.046875 0.059259
2 0.869792 0.617593 0.066667 0.124074
5 0.922396 0.805556 0.135417 0.055556
9 0.554167 0.600463 0.068750 0.141667
9 0.408073 0.595370 0.086979 0.170370
8 0.177865 0.650463 0.136979 0.237963
8 0.319792 0.656019 0.138542 0.258333
8 0.268490 0.597685 0.066146 0.123148
8 0.591927 0.673611 0.144271 0.267593
8 0.753125 0.654167 0.129167 0.278704
8 0.870573 0.673611 0.124479 0.232407
