0 0.182292 0.593519 0.058333 0.120370
3 0.138021 0.767593 0.033333 0.035185
1 0.285938 0.575000 0.037500 0.079630
4 0.279167 0.640741 0.034375 0.037037
0 0.330469 0.576852 0.051562 0.118519
3 0.294792 0.766667 0.040625 0.037037
1 0.394792 0.559259 0.043750 0.088889
4 0.392188 0.644444 0.032292 0.048148
0 0.572396 0.559259 0.039583 0.085185
1 0.596615 0.617593 0.051562 0.116667
4 0.594792 0.775926 0.061458 0.074074
1 0.722396 0.576852 0.052083 0.118519
1 0.760938 0.564815 0.038542 0.077778
4 0.734375 0.680556 0.050000 0.062963
2 0.830990 0.637037 0.067187 0.129630
5 0.907813 0.805556 0.144792 0.059259
8 0.184115 0.649074 0.134896 0.216667
8 0.334375 0.644444 0.121875 0.248148
9 0.280990 0.604630 0.067187 0.122222
9 0.409896 0.600000 0.084375 0.159259
8 0.559896 0.596296 0.078125 0.153704
8 0.594531 0.676852 0.136979 0.231481
8 0.727083 0.653241 0.137500 0.267593
8 0.854167 0.687500 0.132292 0.215741
