8 0.072396 0.243056 0.077083 0.130556
8 0.092188 0.166204 0.055208 0.113889
8 0.134896 0.143056 0.056250 0.082407
8 0.379688 0.131481 0.055208 0.075926
8 0.307292 0.178704 0.038542 0.094444
8 0.260417 0.251852 0.077083 0.140741
8 0.335938 0.250926 0.062500 0.138889
9 0.317969 0.312963 0.089063 0.131481
9 0.264844 0.368056 0.129688 0.136111
8 0.157292 0.335648 0.112500 0.180556
8 0.418490 0.155556 0.053646 0.085185
9 0.397917 0.222222 0.060417 0.094444
8 0.438542 0.256019 0.086458 0.143519
9 0.451042 0.381481 0.097917 0.122222
5 0.514844 0.443056 0.040104 0.037963
8 0.517448 0.181019 0.046354 0.104630
8 0.568490 0.204630 0.047396 0.081481
8 0.523698 0.256019 0.068229 0.141667
8 0.541146 0.356019 0.094792 0.175000
8 0.647396 0.230556 0.058333 0.114815
8 0.637240 0.379167 0.102604 0.145370
9 0.709115 0.179167 0.039062 0.058333
9 0.732292 0.193056 0.058333 0.078704
8 0.795573 0.183333 0.043229 0.068519
8 0.763542 0.218056 0.051042 0.087963
8 0.815365 0.218056 0.055729 0.089815
8 0.884896 0.189815 0.043750 0.090741
8 0.865365 0.244907 0.040104 0.093519
8 0.836719 0.293056 0.064062 0.123148
8 0.899740 0.337963 0.073438 0.155556
8 0.946875 0.368519 0.106250 0.227778
8 0.542448 0.152778 0.034896 0.079630
8 0.471615 0.218519 0.044271 0.116667
0 0.014323 0.237500 0.027604 0.069444
8 0.029427 0.281019 0.057813 0.162037
1 0.063542 0.218056 0.031250 0.076852
1 0.052344 0.163889 0.032813 0.061111
1 0.077865 0.140741 0.027604 0.064815
1 0.127865 0.133333 0.025521 0.055556
1 0.326042 0.148148 0.020833 0.055556
1 0.332292 0.118519 0.020833 0.050000
1 0.390365 0.118519 0.023438 0.051852
0 0.301563 0.156019 0.025000 0.054630
0 0.340625 0.168519 0.028125 0.051852
0 0.337240 0.214815 0.029687 0.061111
0 0.266667 0.218056 0.033333 0.073148
1 0.319792 0.310185 0.042708 0.081481
1 0.204167 0.306019 0.038542 0.082407
0 0.166146 0.293056 0.044792 0.089815
1 0.246094 0.348148 0.046354 0.094444
1 0.386719 0.208333 0.032813 0.062963
1 0.421094 0.143519 0.023438 0.057407
0 0.452865 0.125926 0.020313 0.048148
0 0.464844 0.161111 0.029687 0.044444
0 0.466667 0.131019 0.021875 0.036111
2 0.449740 0.223148 0.035937 0.081481
0 0.519271 0.160185 0.023958 0.055556
0 0.538021 0.135185 0.018750 0.044444
2 0.566667 0.191667 0.025000 0.053704
1 0.473438 0.370370 0.044792 0.096296
1 0.543490 0.322222 0.040104 0.105556
0 0.650521 0.205556 0.030208 0.064815
1 0.626563 0.354167 0.046875 0.093519
1 0.716667 0.169907 0.018750 0.043519
1 0.745313 0.179630 0.025000 0.053704
1 0.801042 0.174537 0.026042 0.056481
1 0.824219 0.202315 0.023438 0.052778
1 0.862240 0.231019 0.028646 0.060185
1 0.893750 0.168981 0.025000 0.050926
0 0.769271 0.194444 0.023958 0.050000
0 0.838021 0.264815 0.027083 0.062963
0 0.910417 0.297685 0.039583 0.069444
1 0.976042 0.309259 0.047917 0.105556
