0 0.217188 0.580556 0.050000 0.107407
3 0.138542 0.767593 0.032292 0.035185
1 0.277865 0.568519 0.039062 0.088889
4 0.279167 0.639815 0.032292 0.027778
0 0.317188 0.582407 0.058333 0.133333
4 0.294792 0.740741 0.060417 0.088889
1 0.399740 0.555556 0.045312 0.096296
4 0.394271 0.649537 0.037500 0.056481
1 0.569271 0.580556 0.029167 0.066667
1 0.597917 0.619444 0.062500 0.133333
4 0.597917 0.769444 0.071875 0.077778
0 0.738542 0.569444 0.062500 0.111111
1 0.860938 0.641667 0.070833 0.112963
5 0.912240 0.804630 0.147396 0.068519
8 0.209896 0.643981 0.116667 0.234259
8 0.317188 0.656944 0.139583 0.250926
8 0.594271 0.679630 0.136458 0.229630
8 0.736198 0.655556 0.141146 0.277778
8 0.858594 0.687037 0.126562 0.203704
9 0.278385 0.599074 0.046354 0.131481
9 0.407552 0.594907 0.086979 0.163889
9 0.559115 0.609259 0.084896 0.133333
