8 0.068490 0.243981 0.085938 0.130556
8 0.141667 0.144444 0.051042 0.075926
8 0.380469 0.143056 0.043229 0.065741
8 0.307292 0.174074 0.039583 0.094444
8 0.270313 0.242593 0.066667 0.125926
8 0.341667 0.248611 0.044792 0.134259
8 0.274740 0.343056 0.108854 0.176852
8 0.163542 0.338889 0.096875 0.185185
8 0.419792 0.156019 0.050000 0.084259
9 0.396094 0.227778 0.066146 0.092593
9 0.447917 0.267593 0.071875 0.131481
8 0.446615 0.344907 0.101562 0.186111
5 0.514844 0.443056 0.040104 0.037963
8 0.569792 0.205556 0.050000 0.072222
8 0.536719 0.356944 0.097396 0.167593
8 0.630990 0.225926 0.054688 0.105556
8 0.647917 0.368056 0.133333 0.180556
9 0.710938 0.177778 0.037500 0.053704
9 0.732292 0.193056 0.055208 0.073148
8 0.763542 0.215741 0.047917 0.092593
8 0.814063 0.218519 0.051042 0.090741
8 0.884115 0.189815 0.042188 0.088889
8 0.842448 0.302315 0.075521 0.115741
8 0.902865 0.342130 0.079687 0.156481
8 0.056250 0.179630 0.075000 0.112963
8 0.327865 0.143519 0.035937 0.088889
8 0.477344 0.218056 0.054688 0.123148
8 0.213542 0.304167 0.081250 0.145370
8 0.524740 0.182407 0.049479 0.100000
5 0.255990 0.418519 0.073438 0.033333
8 0.327865 0.305556 0.070312 0.146296
9 0.596615 0.290278 0.063021 0.095370
8 0.959896 0.368056 0.079167 0.202778
1 0.062240 0.226852 0.033854 0.077778
1 0.047917 0.156019 0.033333 0.063889
1 0.135417 0.137037 0.027083 0.055556
1 0.374740 0.132407 0.021354 0.050000
1 0.301042 0.157407 0.026042 0.061111
0 0.330990 0.130093 0.024479 0.052778
0 0.336198 0.214815 0.030729 0.061111
1 0.391667 0.215741 0.029167 0.066667
1 0.423438 0.143519 0.023958 0.059259
1 0.322917 0.280556 0.041667 0.090741
0 0.272396 0.295370 0.044792 0.087037
1 0.194792 0.278704 0.038542 0.090741
0 0.146615 0.293519 0.045312 0.090741
0 0.285938 0.216204 0.033333 0.067593
0 0.446094 0.113889 0.020313 0.048148
8 0.446615 0.131019 0.025521 0.078704
0 0.471094 0.131944 0.023438 0.045370
8 0.477865 0.162037 0.035937 0.105556
1 0.462240 0.195833 0.026562 0.069444
0 0.443490 0.243056 0.032813 0.075000
0 0.453646 0.293056 0.040625 0.080556
0 0.521615 0.159722 0.025521 0.056481
0 0.554688 0.128704 0.020833 0.048148
4 0.560417 0.143056 0.013542 0.030556
8 0.551042 0.143056 0.035417 0.076852
1 0.571615 0.199074 0.023438 0.055556
1 0.529167 0.263426 0.030208 0.080556
9 0.523698 0.277778 0.043229 0.103704
1 0.542188 0.331019 0.040625 0.100926
0 0.626563 0.205556 0.026042 0.061111
1 0.610938 0.278704 0.032292 0.068519
1 0.621615 0.307870 0.032813 0.076852
1 0.650521 0.331481 0.048958 0.103704
8 0.602865 0.337037 0.067187 0.131481
4 0.655990 0.427778 0.053646 0.048148
1 0.716667 0.174074 0.019792 0.044444
1 0.746615 0.187963 0.024479 0.055556
1 0.795312 0.193519 0.023958 0.055556
1 0.892969 0.170370 0.023438 0.051852
1 0.860938 0.280556 0.029167 0.070370
2 0.773438 0.194444 0.025000 0.055556
2 0.815365 0.200926 0.027604 0.051852
0 0.919792 0.306019 0.039583 0.080556
0 0.979948 0.313889 0.040104 0.094444
6 0.846615 0.342593 0.043229 0.025926
5 0.895573 0.415741 0.032813 0.027778
5 0.978906 0.468056 0.040104 0.030556
