0 0.094792 0.630556 0.072917 0.129630
3 0.044792 0.847685 0.055208 0.043519
0 0.242188 0.584722 0.048958 0.080556
7 0.194792 0.765741 0.077083 0.120370
0 0.338542 0.577778 0.043750 0.074074
3 0.322917 0.708333 0.028125 0.031481
0 0.488542 0.568519 0.039583 0.083333
0 0.604688 0.568519 0.041667 0.081481
3 0.611719 0.705556 0.026562 0.025926
1 0.510938 0.703704 0.062500 0.118519
4 0.542188 0.806481 0.040625 0.051852
0 0.701042 0.605556 0.051042 0.096296
3 0.696094 0.818519 0.032813 0.035185
1 0.841667 0.658333 0.058333 0.118519
5 0.884115 0.822685 0.092188 0.056481
9 0.218490 0.748148 0.149479 0.205556
8 0.104167 0.698611 0.132292 0.267593
8 0.248698 0.630093 0.090104 0.169444
8 0.342708 0.622222 0.097917 0.177778
8 0.494010 0.618056 0.105729 0.173148
9 0.532813 0.736574 0.138542 0.204630
8 0.607292 0.618056 0.105208 0.171296
8 0.707292 0.689352 0.129167 0.265741
8 0.852865 0.705556 0.135937 0.216667
