1 0.154688 0.653704 0.041667 0.074074
4 0.128646 0.714815 0.042708 0.037037
7 0.227344 0.698148 0.048438 0.094444
7 0.306771 0.703704 0.045833 0.074074
1 0.397396 0.618519 0.043750 0.088889
6 0.369792 0.730556 0.071875 0.044444
1 0.572396 0.666667 0.043750 0.059259
4 0.569792 0.716667 0.043750 0.040741
7 0.771094 0.680556 0.057813 0.103704
7 0.879167 0.768519 0.075000 0.114815
3 0.858073 0.858333 0.057813 0.037037
1 0.688021 0.685185 0.058333 0.118519
4 0.691667 0.827778 0.064583 0.066667
9 0.152344 0.675926 0.096354 0.138889
8 0.396615 0.657870 0.090104 0.162037
8 0.685417 0.741667 0.154167 0.248148
9 0.232813 0.681019 0.103125 0.115741
9 0.310417 0.693519 0.087500 0.083333
9 0.557292 0.684259 0.105208 0.109259
9 0.762240 0.665278 0.094271 0.136111
9 0.861719 0.775926 0.158854 0.187037
