0 0.192188 0.593519 0.067708 0.107407
3 0.141667 0.764815 0.033333 0.040741
1 0.290365 0.579630 0.035937 0.085185
0 0.338021 0.568519 0.050000 0.109259
0 0.401042 0.536111 0.039583 0.094444
4 0.288021 0.643519 0.029167 0.035185
1 0.567969 0.580556 0.035937 0.075926
1 0.597917 0.605556 0.059375 0.125926
4 0.585938 0.775926 0.045833 0.062963
1 0.765365 0.568519 0.039062 0.062963
0 0.807292 0.568519 0.055208 0.114815
1 0.969792 0.637963 0.055208 0.144444
9 0.555469 0.605556 0.076563 0.138889
9 0.747396 0.609722 0.088542 0.147222
8 0.190885 0.652778 0.135937 0.225926
8 0.291667 0.597222 0.061458 0.122222
8 0.340365 0.642593 0.130729 0.257407
8 0.411719 0.588889 0.083854 0.187037
8 0.595313 0.669907 0.139583 0.252778
8 0.798698 0.652778 0.144271 0.275926
8 0.942448 0.692130 0.115104 0.221296
