1 0.032813 0.464815 0.064583 0.122222
5 0.041146 0.580556 0.081250 0.081481
1 0.197917 0.480556 0.058333 0.116667
4 0.188021 0.604630 0.058333 0.053704
1 0.322396 0.455556 0.061458 0.125926
4 0.288021 0.580556 0.037500 0.051852
5 0.285938 0.637963 0.117708 0.055556
0 0.372917 0.440741 0.037500 0.066667
0 0.554688 0.447222 0.042708 0.081481
0 0.634375 0.470370 0.037500 0.066667
0 0.729688 0.482407 0.034375 0.079630
0 0.693490 0.505556 0.054688 0.103704
5 0.691667 0.677778 0.083333 0.051852
9 0.072135 0.513426 0.142187 0.195370
8 0.207552 0.531019 0.120313 0.191667
8 0.339323 0.517130 0.145313 0.234259
8 0.391667 0.493056 0.075000 0.158333
8 0.547396 0.500463 0.095833 0.171296
8 0.630990 0.515278 0.077604 0.139815
8 0.685156 0.568981 0.138021 0.226852
8 0.741667 0.525000 0.056250 0.157407
