1 0.171094 0.625926 0.067187 0.125926
3 0.141667 0.798148 0.041667 0.044444
1 0.317188 0.593519 0.041667 0.055556
1 0.318490 0.657407 0.054688 0.114815
5 0.276042 0.779630 0.094792 0.044444
1 0.396615 0.618519 0.036979 0.088889
6 0.400521 0.704630 0.066667 0.046296
0 0.554688 0.553704 0.040625 0.074074
2 0.603646 0.630556 0.056250 0.116667
3 0.597396 0.818519 0.031250 0.044444
1 0.660417 0.593519 0.043750 0.098148
4 0.669792 0.690741 0.046875 0.044444
1 0.782813 0.619444 0.055208 0.135185
4 0.801042 0.782407 0.056250 0.055556
1 0.925521 0.650000 0.066667 0.118519
5 0.960938 0.818519 0.071875 0.066667
8 0.177344 0.689352 0.132812 0.228704
8 0.326823 0.703704 0.126562 0.192593
8 0.327865 0.618056 0.084896 0.110185
8 0.408854 0.650000 0.108333 0.144444
8 0.551042 0.618519 0.096875 0.200000
8 0.596354 0.706019 0.125000 0.225000
8 0.665885 0.628704 0.093229 0.151852
8 0.781771 0.683333 0.130208 0.240741
8 0.935417 0.704167 0.129167 0.219444
