1 0.172917 0.629630 0.069792 0.133333
3 0.141667 0.801852 0.044792 0.040741
1 0.319271 0.590741 0.037500 0.055556
1 0.318490 0.655556 0.056771 0.111111
5 0.274740 0.780556 0.092188 0.055556
1 0.396615 0.626852 0.042188 0.090741
6 0.399740 0.701852 0.064062 0.051852
0 0.554688 0.555556 0.040625 0.081481
2 0.599219 0.635185 0.060937 0.118519
3 0.596094 0.818519 0.029687 0.037037
1 0.663542 0.590741 0.042708 0.096296
4 0.664844 0.690741 0.045312 0.044444
1 0.782813 0.618519 0.054167 0.127778
4 0.800521 0.781481 0.054167 0.059259
1 0.924219 0.652778 0.064062 0.116667
5 0.960938 0.818519 0.068750 0.066667
8 0.180729 0.687037 0.132292 0.231481
8 0.326042 0.703704 0.127083 0.205556
8 0.328646 0.611574 0.068750 0.080556
8 0.415365 0.654167 0.096354 0.143519
8 0.540365 0.618056 0.080729 0.197222
8 0.599219 0.692593 0.127604 0.229630
8 0.673438 0.631019 0.075000 0.171296
8 0.783594 0.681944 0.141146 0.241667
8 0.938542 0.703704 0.122917 0.207407
