1 0.034896 0.456481 0.059375 0.118519
5 0.040104 0.580556 0.079167 0.081481
1 0.194271 0.482407 0.061458 0.111111
4 0.182292 0.599537 0.054167 0.056481
0 0.326042 0.432407 0.058333 0.103704
4 0.275000 0.605556 0.037500 0.064815
0 0.369792 0.441667 0.035417 0.061111
2 0.555729 0.452315 0.040625 0.078704
0 0.662760 0.485648 0.035937 0.071296
0 0.704167 0.511574 0.050000 0.108333
5 0.691667 0.680556 0.091667 0.046296
8 0.204687 0.530093 0.116667 0.193519
8 0.339062 0.512037 0.154167 0.248148
8 0.392448 0.491667 0.072396 0.153704
8 0.544792 0.497685 0.094792 0.169444
8 0.638542 0.518519 0.088542 0.127778
8 0.689323 0.568519 0.140104 0.214815
8 0.741146 0.530556 0.057292 0.144444
9 0.072135 0.511111 0.142187 0.205556
