1 0.126042 0.483333 0.060417 0.122222
5 0.084115 0.605556 0.114062 0.085185
1 0.247917 0.518519 0.058333 0.118519
4 0.228646 0.629630 0.052083 0.059259
0 0.377344 0.468519 0.057813 0.103704
0 0.414844 0.472222 0.032813 0.074074
4 0.326042 0.633333 0.047917 0.085185
0 0.606771 0.480556 0.040625 0.081481
0 0.694792 0.499074 0.035417 0.068519
0 0.780208 0.503704 0.038542 0.085185
0 0.746094 0.539815 0.051562 0.109259
5 0.733594 0.716667 0.092188 0.048148
8 0.133333 0.537500 0.133333 0.193519
8 0.253906 0.562500 0.116146 0.178704
8 0.383854 0.540278 0.144792 0.236111
8 0.433594 0.518056 0.075521 0.158333
8 0.588021 0.527315 0.101042 0.162037
8 0.684896 0.541667 0.087500 0.138889
8 0.727344 0.600463 0.139063 0.221296
8 0.788542 0.552315 0.060417 0.162037
