7 0.088021 0.785185 0.075000 0.105556
3 0.048438 0.894444 0.054167 0.040741
0 0.239063 0.705556 0.060417 0.116667
0 0.241667 0.627778 0.037500 0.062963
0 0.351562 0.629630 0.045833 0.074074
5 0.190365 0.884259 0.110937 0.064815
3 0.327344 0.757407 0.020313 0.022222
5 0.357292 0.757407 0.035417 0.022222
0 0.491667 0.616667 0.040625 0.081481
0 0.596094 0.609259 0.045312 0.085185
3 0.613542 0.748148 0.027083 0.029630
1 0.525521 0.729630 0.065625 0.118519
4 0.537240 0.850000 0.053646 0.066667
0 0.701042 0.647222 0.054167 0.094444
3 0.698438 0.864815 0.036458 0.037037
1 0.840365 0.697222 0.064062 0.112963
5 0.888542 0.862037 0.085417 0.057407
9 0.110417 0.790278 0.142708 0.202778
8 0.239063 0.768056 0.118750 0.223148
8 0.247135 0.674074 0.088021 0.144444
8 0.348177 0.675000 0.082812 0.159259
8 0.482552 0.664815 0.101562 0.159259
8 0.532813 0.777315 0.136458 0.200926
8 0.600521 0.660185 0.078125 0.164815
8 0.709635 0.733333 0.122396 0.253704
8 0.858594 0.749074 0.123438 0.203704
