7 0.117969 0.755556 0.073438 0.112963
3 0.059115 0.840741 0.038021 0.037037
1 0.229167 0.605556 0.043750 0.092593
4 0.213021 0.680556 0.033333 0.037037
7 0.244792 0.739815 0.062500 0.124074
1 0.348438 0.593519 0.045833 0.100000
4 0.341667 0.680556 0.033333 0.051852
1 0.524740 0.623611 0.042188 0.080556
3 0.529167 0.699537 0.032292 0.030556
1 0.629167 0.618519 0.042708 0.083333
6 0.620313 0.693519 0.060417 0.053704
0 0.752865 0.603704 0.060937 0.111111
0 0.875521 0.618519 0.058333 0.103704
3 0.751563 0.821759 0.035417 0.043519
5 0.941146 0.840741 0.114583 0.066667
8 0.235417 0.622685 0.091667 0.106481
8 0.353385 0.635185 0.093229 0.161111
8 0.516667 0.652778 0.102083 0.129630
8 0.625521 0.651852 0.101042 0.122222
8 0.737240 0.693519 0.177604 0.281481
8 0.877865 0.697222 0.126562 0.255556
9 0.110417 0.730556 0.163542 0.185185
9 0.258073 0.746296 0.150521 0.205556
