1 0.904167 0.486574 0.040625 0.080556
8 0.884375 0.516667 0.084375 0.144444
0 0.962240 0.443519 0.034896 0.068519
8 0.955990 0.493056 0.079687 0.171296
1 0.870313 0.448148 0.034375 0.066667
0 0.816146 0.396759 0.036458 0.056481
8 0.804167 0.443519 0.081250 0.148148
5 0.807292 0.519907 0.038542 0.028704
0 0.834115 0.370833 0.020313 0.043519
0 0.804167 0.367130 0.019792 0.037963
1 0.767188 0.406481 0.027083 0.055556
8 0.752344 0.435648 0.060937 0.108333
6 0.756771 0.475000 0.037500 0.031481
1 0.724740 0.393519 0.019271 0.046296
8 0.712240 0.406019 0.053646 0.080556
6 0.705469 0.431019 0.032813 0.025000
0 0.723958 0.350926 0.018750 0.040741
8 0.715365 0.361111 0.054688 0.068519
1 0.746094 0.315278 0.015104 0.034259
8 0.738542 0.327778 0.030208 0.053704
0 0.654167 0.330556 0.014583 0.033333
8 0.660417 0.343519 0.042708 0.062963
1 0.701042 0.343056 0.017708 0.037963
0 0.671615 0.307870 0.017188 0.039815
8 0.674740 0.318519 0.030729 0.055556
0 0.636198 0.306944 0.016146 0.037963
8 0.630990 0.318056 0.032813 0.062037
0 0.569792 0.409722 0.029167 0.056481
8 0.568490 0.447222 0.066146 0.131481
0 0.577344 0.340741 0.021354 0.046296
8 0.577344 0.356019 0.034896 0.071296
1 0.527344 0.331019 0.018229 0.037963
8 0.525521 0.340741 0.035417 0.055556
0 0.489063 0.418056 0.029167 0.060185
8 0.499740 0.452778 0.073438 0.129630
0 0.434115 0.418056 0.027604 0.062037
8 0.426042 0.454167 0.076042 0.130556
6 0.419792 0.493519 0.043750 0.040741
0 0.437240 0.365741 0.020313 0.046296
8 0.436719 0.381481 0.053646 0.094444
1 0.489323 0.320370 0.019271 0.038889
8 0.484896 0.330556 0.036458 0.061111
1 0.515625 0.300463 0.017708 0.039815
8 0.512240 0.309259 0.026562 0.055556
0 0.535677 0.286574 0.016146 0.036111
8 0.538021 0.293519 0.029167 0.053704
1 0.551042 0.380556 0.021875 0.053704
8 0.539844 0.393056 0.045312 0.082407
1 0.279167 0.426852 0.036458 0.074074
8 0.288542 0.455556 0.101042 0.133333
1 0.358594 0.411574 0.026562 0.056481
9 0.365365 0.429167 0.079687 0.091667
2 0.403646 0.340741 0.020833 0.046296
8 0.403646 0.353704 0.043750 0.070370
1 0.346615 0.354630 0.024479 0.044444
8 0.340365 0.375926 0.048438 0.105556
1 0.305990 0.347685 0.021354 0.045370
8 0.305990 0.355556 0.049479 0.064815
1 0.330469 0.313889 0.018229 0.038889
1 0.344531 0.300000 0.016146 0.038889
1 0.389323 0.289352 0.016146 0.036111
1 0.412240 0.303704 0.017188 0.037037
0 0.436198 0.283796 0.016146 0.036111
0 0.446615 0.307870 0.020313 0.039815
8 0.443490 0.324074 0.041146 0.068519
8 0.385417 0.293981 0.031250 0.047222
1 0.107292 0.405556 0.031250 0.062963
9 0.108594 0.422222 0.082812 0.094444
1 0.008073 0.378704 0.015104 0.053704
9 0.020313 0.380556 0.039583 0.061111
1 0.070312 0.344444 0.020833 0.044444
8 0.072917 0.354630 0.035417 0.066667
9 0.110417 0.356019 0.047917 0.049074
1 0.110417 0.352778 0.022917 0.037037
0 0.163542 0.356019 0.021875 0.047222
8 0.174219 0.381019 0.045312 0.097222
5 0.169271 0.423611 0.026042 0.019444
0 0.179688 0.310648 0.017708 0.043519
2 0.144531 0.307407 0.020313 0.040741
8 0.141667 0.318519 0.036458 0.062963
8 0.182292 0.320370 0.040625 0.062963
1 0.210156 0.311574 0.018229 0.039815
9 0.215365 0.310648 0.032813 0.043519
