1 0.146094 0.520370 0.057813 0.111111
6 0.110937 0.630556 0.109375 0.075926
1 0.275521 0.524074 0.055208 0.118519
4 0.247396 0.646296 0.047917 0.059259
2 0.380990 0.500926 0.057813 0.112963
3 0.332813 0.680556 0.031250 0.042593
0 0.437240 0.486111 0.042188 0.072222
0 0.620313 0.493519 0.041667 0.085185
0 0.719271 0.512037 0.037500 0.068519
2 0.796615 0.520833 0.042188 0.080556
0 0.763542 0.559259 0.055208 0.114815
5 0.752344 0.734259 0.095312 0.055556
8 0.157552 0.562963 0.125521 0.174074
8 0.276042 0.568981 0.113542 0.204630
8 0.397656 0.568981 0.149479 0.243519
8 0.452865 0.528241 0.070312 0.158333
8 0.605469 0.539352 0.107813 0.162037
8 0.708073 0.550926 0.077604 0.144444
8 0.749479 0.621759 0.139583 0.234259
8 0.810417 0.565278 0.067708 0.162037
