1 0.062240 0.603704 0.067187 0.111111
1 0.172396 0.605556 0.060417 0.118519
6 0.139063 0.761574 0.097917 0.056481
1 0.296094 0.553704 0.045312 0.096296
6 0.276042 0.643519 0.068750 0.055556
1 0.484115 0.531481 0.042188 0.072222
1 0.398438 0.566667 0.055208 0.125926
4 0.329688 0.740741 0.040625 0.059259
6 0.385417 0.740741 0.069792 0.074074
1 0.673438 0.542593 0.062500 0.137037
1 0.737240 0.489815 0.042188 0.101852
1 0.830990 0.446759 0.045312 0.080556
1 0.804688 0.514815 0.070833 0.133333
6 0.832812 0.687500 0.117708 0.130556
1 0.970313 0.512963 0.056250 0.137037
8 0.083594 0.656019 0.117188 0.221296
8 0.175521 0.668519 0.153125 0.231481
8 0.301042 0.583796 0.102083 0.147222
8 0.395313 0.636574 0.161458 0.256481
8 0.495312 0.565741 0.092708 0.127778
8 0.671615 0.606481 0.138021 0.264815
8 0.738542 0.523611 0.082292 0.167593
8 0.814844 0.593981 0.161979 0.282407
8 0.846615 0.502778 0.085938 0.188889
8 0.947917 0.580093 0.104167 0.271296
