1 0.121875 0.483333 0.059375 0.111111
6 0.097917 0.622222 0.103125 0.094444
0 0.263542 0.499074 0.051042 0.109259
3 0.242188 0.663889 0.036458 0.050000
2 0.372917 0.494444 0.062500 0.111111
4 0.326042 0.655556 0.032292 0.074074
0 0.427865 0.494444 0.036979 0.081481
0 0.601562 0.480556 0.037500 0.072222
0 0.691667 0.519444 0.041667 0.075926
0 0.794271 0.530556 0.040625 0.079630
1 0.747917 0.572222 0.058333 0.111111
5 0.739844 0.737037 0.095312 0.066667
8 0.141146 0.543981 0.128125 0.219444
8 0.265104 0.562037 0.111458 0.218519
8 0.388542 0.567593 0.151042 0.253704
8 0.444271 0.535185 0.066667 0.150000
8 0.594010 0.536111 0.096354 0.168519
8 0.688021 0.556019 0.094792 0.141667
8 0.735417 0.628704 0.138542 0.227778
8 0.799219 0.575000 0.059896 0.155556
