8 0.068490 0.237037 0.086979 0.131481
8 0.092188 0.165741 0.054167 0.114815
8 0.135417 0.143519 0.055208 0.079630
8 0.380990 0.139815 0.043229 0.062963
8 0.304688 0.175000 0.038542 0.094444
8 0.252865 0.253704 0.064062 0.112963
8 0.339062 0.247685 0.050000 0.137963
8 0.283073 0.343519 0.105729 0.179630
8 0.165365 0.336111 0.098437 0.183333
8 0.423698 0.155556 0.049479 0.083333
8 0.399740 0.216204 0.054688 0.104630
8 0.452344 0.259722 0.080729 0.136111
8 0.443490 0.347685 0.102604 0.193519
5 0.514844 0.443056 0.040104 0.037963
8 0.568490 0.204167 0.044271 0.076852
8 0.524219 0.262963 0.070312 0.144444
8 0.539323 0.359259 0.094271 0.174074
8 0.630990 0.227778 0.057813 0.109259
8 0.634896 0.374074 0.097917 0.155556
9 0.710938 0.177778 0.037500 0.053704
9 0.729688 0.193981 0.056250 0.073148
9 0.793490 0.187500 0.045312 0.075000
8 0.761719 0.218056 0.051562 0.091667
8 0.816146 0.218519 0.055208 0.092593
8 0.884896 0.187037 0.043750 0.094444
8 0.841146 0.293519 0.061458 0.124074
8 0.904167 0.338889 0.083333 0.162963
8 0.960938 0.367130 0.078125 0.213889
8 0.550521 0.160185 0.038542 0.094444
8 0.330990 0.143056 0.043229 0.089815
8 0.477865 0.224074 0.048438 0.118519
9 0.213542 0.309722 0.062500 0.136111
8 0.519792 0.184259 0.051042 0.100000
8 0.324740 0.306019 0.085938 0.158333
0 0.014844 0.239815 0.028646 0.075926
8 0.029948 0.281481 0.058854 0.162963
0 0.057813 0.205556 0.033333 0.064815
1 0.052865 0.157870 0.033854 0.062037
2 0.079167 0.141204 0.028125 0.065741
1 0.128646 0.132870 0.023958 0.058333
0 0.329688 0.128704 0.022917 0.051852
1 0.377865 0.132407 0.020313 0.048148
1 0.423438 0.143519 0.023958 0.057407
0 0.459115 0.115741 0.020313 0.042593
0 0.482292 0.142593 0.020833 0.051852
8 0.489063 0.161111 0.035417 0.094444
0 0.399740 0.193056 0.027604 0.060185
0 0.300521 0.155556 0.026042 0.055556
1 0.272396 0.192593 0.027083 0.062963
1 0.259896 0.234722 0.035417 0.075000
0 0.333594 0.212500 0.028646 0.058333
1 0.304167 0.269907 0.039583 0.087963
0 0.276042 0.301389 0.044792 0.086111
1 0.202865 0.289815 0.036979 0.087037
0 0.156771 0.292130 0.042708 0.095370
0 0.432292 0.296759 0.043750 0.086111
1 0.540365 0.323148 0.041146 0.098148
1 0.632292 0.343981 0.045833 0.093519
0 0.632292 0.206944 0.027083 0.063889
1 0.526563 0.231019 0.031250 0.078704
9 0.466667 0.194907 0.026042 0.065741
1 0.440365 0.232870 0.032813 0.076852
0 0.519792 0.166667 0.025000 0.057407
0 0.554167 0.139352 0.022917 0.049074
0 0.568490 0.190741 0.023438 0.050000
1 0.716667 0.171296 0.017708 0.040741
1 0.743490 0.187500 0.024479 0.054630
1 0.796615 0.180093 0.026562 0.054630
1 0.765365 0.195833 0.023438 0.052778
1 0.892188 0.170833 0.025000 0.050926
0 0.822917 0.200463 0.023958 0.049074
0 0.844271 0.261574 0.026042 0.056481
0 0.921094 0.297685 0.040104 0.080556
