1 0.009896 0.381019 0.018750 0.049074
9 0.021615 0.385648 0.042188 0.069444
1 0.112500 0.428241 0.029167 0.062037
9 0.108854 0.438889 0.082292 0.090741
0 0.162240 0.343056 0.019271 0.039815
8 0.176563 0.379630 0.052083 0.111111
1 0.071354 0.356481 0.021875 0.044444
8 0.076042 0.356019 0.034375 0.052778
1 0.111979 0.352315 0.020833 0.045370
8 0.117188 0.355556 0.045833 0.055556
1 0.180990 0.323611 0.019271 0.041667
8 0.193490 0.330556 0.041146 0.062963
5 0.171615 0.430556 0.024479 0.016667
1 0.214062 0.309722 0.016667 0.041667
8 0.219792 0.316667 0.036458 0.053704
2 0.146615 0.321759 0.020313 0.043519
0 0.303646 0.422222 0.029167 0.061111
8 0.307292 0.456019 0.073958 0.125000
1 0.272917 0.412037 0.026042 0.066667
8 0.258073 0.431019 0.058854 0.100926
1 0.308333 0.347222 0.018750 0.044444
8 0.307292 0.356019 0.048958 0.069444
1 0.360417 0.412500 0.029167 0.060185
8 0.366667 0.429630 0.076042 0.096296
6 0.426302 0.500463 0.031771 0.045370
4 0.416667 0.318056 0.011458 0.028704
0 0.438021 0.421759 0.026042 0.056481
8 0.432292 0.457407 0.075000 0.131481
1 0.348438 0.358333 0.018750 0.044444
8 0.341667 0.380556 0.044792 0.098148
1 0.331771 0.318056 0.016667 0.043519
1 0.399740 0.362037 0.020313 0.046296
9 0.404167 0.368056 0.047917 0.056481
2 0.349219 0.306481 0.018229 0.037037
8 0.354167 0.316204 0.038542 0.058333
1 0.391927 0.298148 0.014063 0.033333
8 0.389844 0.304630 0.032813 0.048148
0 0.416146 0.293519 0.014583 0.033333
8 0.416667 0.305556 0.040625 0.066667
0 0.439844 0.371759 0.019271 0.043519
8 0.441667 0.393519 0.055208 0.088889
0 0.444792 0.313889 0.018750 0.038889
8 0.447917 0.331019 0.047917 0.086111
0 0.487240 0.316667 0.018229 0.033333
8 0.489063 0.330556 0.038542 0.072222
0 0.498958 0.419444 0.031250 0.061111
8 0.503646 0.456019 0.071875 0.134259
0 0.572396 0.418519 0.027083 0.057407
8 0.572917 0.455556 0.066667 0.129630
1 0.552865 0.385185 0.024479 0.055556
8 0.542188 0.399074 0.044792 0.081481
0 0.577865 0.343519 0.017188 0.044444
8 0.577865 0.361111 0.036979 0.081481
1 0.524740 0.330556 0.014063 0.031481
8 0.524740 0.343056 0.038021 0.054630
1 0.538802 0.292130 0.014063 0.032407
8 0.541667 0.302778 0.035417 0.053704
2 0.517188 0.304167 0.016667 0.039815
8 0.513542 0.312500 0.032292 0.069444
6 0.816667 0.517593 0.061458 0.050000
0 0.966146 0.456944 0.038542 0.087963
8 0.954688 0.503241 0.082292 0.169444
8 0.887240 0.508333 0.084896 0.144444
0 0.896094 0.475000 0.038021 0.077778
2 0.828125 0.421759 0.031250 0.073148
8 0.812240 0.456019 0.080729 0.147222
1 0.872396 0.452778 0.029167 0.064815
0 0.769792 0.405556 0.022917 0.046296
8 0.762240 0.431481 0.054688 0.105556
0 0.804167 0.372222 0.019792 0.044444
8 0.797917 0.393519 0.038542 0.083333
6 0.706771 0.443519 0.026042 0.016667
1 0.730469 0.397222 0.022396 0.044444
8 0.714063 0.415278 0.055208 0.080556
1 0.705990 0.343056 0.019271 0.039815
9 0.705469 0.353241 0.033854 0.054630
0 0.667188 0.329167 0.013542 0.028704
8 0.667188 0.343981 0.046875 0.069444
1 0.746615 0.321759 0.015104 0.037963
8 0.739844 0.331019 0.030729 0.056481
0 0.640365 0.308796 0.016146 0.036111
8 0.634896 0.318981 0.036458 0.056481
1 0.678906 0.322222 0.014063 0.037037
6 0.895573 0.571759 0.056771 0.043519
