1 0.035417 0.487037 0.062500 0.129630
5 0.045312 0.603704 0.083333 0.074074
1 0.201563 0.505556 0.058333 0.107407
3 0.188542 0.634259 0.032292 0.038889
0 0.343490 0.455556 0.057813 0.111111
4 0.276042 0.630556 0.041667 0.070370
0 0.377865 0.455556 0.029687 0.066667
0 0.560417 0.462037 0.043750 0.081481
0 0.646615 0.472222 0.040104 0.074074
0 0.701042 0.520370 0.057292 0.111111
5 0.694271 0.685185 0.087500 0.062963
8 0.211458 0.550463 0.121875 0.191667
8 0.341667 0.531481 0.160417 0.253704
8 0.395313 0.503241 0.069792 0.160185
8 0.551042 0.509722 0.098958 0.165741
8 0.641667 0.518056 0.079167 0.147222
8 0.690365 0.583333 0.136979 0.205556
9 0.070573 0.531481 0.140104 0.194444
