7 0.085938 0.736574 0.079167 0.106481
3 0.048438 0.846759 0.053125 0.043519
0 0.234896 0.579630 0.039583 0.055556
0 0.239844 0.661574 0.060937 0.108333
5 0.188542 0.843519 0.109375 0.061111
0 0.348438 0.580556 0.037500 0.074074
3 0.325521 0.709722 0.023958 0.030556
5 0.354167 0.711574 0.034375 0.043519
0 0.482292 0.573611 0.041667 0.080556
0 0.598958 0.582407 0.042708 0.087037
1 0.526563 0.687500 0.060417 0.119444
3 0.612240 0.703704 0.029687 0.029630
4 0.535417 0.809722 0.064583 0.069444
0 0.701042 0.610648 0.051042 0.106481
3 0.700521 0.818519 0.033333 0.037037
1 0.841146 0.677778 0.060417 0.111111
5 0.888021 0.827778 0.100000 0.055556
9 0.107292 0.735648 0.140625 0.206481
8 0.237240 0.722685 0.122396 0.219444
8 0.244792 0.624537 0.082292 0.134259
8 0.347396 0.630556 0.083333 0.155556
8 0.482812 0.620370 0.100000 0.161111
8 0.533594 0.731019 0.138021 0.199074
8 0.600000 0.621759 0.078125 0.156481
8 0.707292 0.691204 0.120833 0.254630
8 0.854688 0.724074 0.123958 0.185185
