1 0.059115 0.611111 0.060937 0.118519
3 0.017188 0.673148 0.032292 0.031481
1 0.168490 0.594444 0.067187 0.111111
6 0.137240 0.752778 0.085938 0.064815
1 0.293490 0.548148 0.045312 0.081481
6 0.279167 0.644444 0.075000 0.051852
1 0.378125 0.593519 0.062500 0.122222
3 0.316667 0.755556 0.030208 0.044444
6 0.377865 0.743519 0.095312 0.077778
1 0.472396 0.520833 0.041667 0.080556
4 0.472396 0.618981 0.039583 0.043519
1 0.676042 0.523148 0.059375 0.131481
1 0.736719 0.481481 0.048438 0.088889
2 0.816146 0.518519 0.071875 0.140741
1 0.966667 0.513889 0.057292 0.138889
6 0.834375 0.680556 0.090625 0.133333
1 0.829688 0.441667 0.037500 0.068519
8 0.082292 0.654630 0.113542 0.214815
8 0.174479 0.665278 0.142708 0.228704
8 0.301042 0.583796 0.092708 0.147222
8 0.398698 0.646296 0.150521 0.227778
8 0.480208 0.561111 0.103125 0.157407
8 0.669271 0.598611 0.136458 0.275000
8 0.750521 0.517593 0.094792 0.170370
8 0.813802 0.594444 0.154688 0.268519
8 0.835938 0.444444 0.071875 0.107407
8 0.943490 0.571759 0.109896 0.249074
