0 0.133333 0.475926 0.058333 0.100000
5 0.089063 0.646296 0.112500 0.051852
0 0.254688 0.507407 0.056250 0.107407
4 0.202344 0.654630 0.045312 0.057407
0 0.388021 0.488889 0.050000 0.105556
3 0.318490 0.679630 0.032813 0.033333
0 0.435417 0.489815 0.041667 0.079630
7 0.610417 0.570370 0.059375 0.077778
7 0.707292 0.566667 0.045833 0.081481
7 0.811458 0.608333 0.051042 0.098148
7 0.753125 0.670370 0.071875 0.125926
9 0.602344 0.580556 0.103646 0.122222
9 0.700521 0.581481 0.096875 0.116667
9 0.816667 0.613426 0.102083 0.112037
9 0.744271 0.667130 0.165625 0.189815
8 0.133594 0.543519 0.154688 0.227778
8 0.250521 0.564815 0.126042 0.224074
8 0.383333 0.570833 0.125000 0.258333
8 0.445573 0.535185 0.068229 0.151852
