0 0.117969 0.493519 0.057813 0.094444
6 0.096615 0.651852 0.117188 0.059259
1 0.244792 0.532407 0.058333 0.112963
4 0.204167 0.651852 0.035417 0.059259
1 0.385417 0.511111 0.050000 0.118519
4 0.372917 0.610185 0.054167 0.050000
5 0.330990 0.693519 0.105729 0.051852
0 0.438542 0.491667 0.035417 0.072222
0 0.610938 0.499074 0.043750 0.081481
4 0.606771 0.603704 0.037500 0.051852
1 0.691667 0.540741 0.041667 0.081481
0 0.793490 0.513889 0.042188 0.081481
1 0.751563 0.597222 0.058333 0.118519
5 0.745313 0.743519 0.094792 0.053704
8 0.134896 0.554167 0.147917 0.202778
8 0.253125 0.571296 0.119792 0.196296
8 0.387240 0.572222 0.123438 0.233333
8 0.449219 0.622685 0.070312 0.330556
8 0.601042 0.544907 0.098958 0.169444
8 0.797396 0.564815 0.073958 0.172222
8 0.690365 0.566667 0.091146 0.129630
9 0.741146 0.641667 0.135417 0.209259
