0 0.219792 0.580556 0.052083 0.111111
3 0.141667 0.768519 0.030208 0.033333
1 0.282292 0.573148 0.038542 0.081481
4 0.273438 0.637963 0.031250 0.031481
1 0.321875 0.606481 0.059375 0.131481
4 0.293750 0.746296 0.062500 0.074074
1 0.398438 0.556481 0.046875 0.090741
4 0.388542 0.649074 0.040625 0.053704
1 0.567708 0.580556 0.026042 0.057407
1 0.597917 0.620370 0.054167 0.122222
4 0.596875 0.772222 0.065625 0.074074
0 0.738542 0.566667 0.056250 0.114815
2 0.867188 0.626852 0.075000 0.124074
5 0.908594 0.806481 0.142187 0.061111
8 0.211458 0.647222 0.121875 0.225926
8 0.314323 0.661574 0.146354 0.236111
8 0.593229 0.679630 0.138542 0.238889
8 0.736979 0.653241 0.139583 0.280556
8 0.865885 0.680556 0.136979 0.224074
9 0.276562 0.601852 0.052083 0.144444
9 0.406510 0.596759 0.086979 0.163889
9 0.556771 0.607870 0.080208 0.128704
9 0.790365 0.615278 0.056771 0.136111
