7 0.113542 0.755556 0.067708 0.124074
3 0.057292 0.830556 0.038542 0.035185
1 0.230990 0.604630 0.042188 0.079630
4 0.209115 0.680556 0.032813 0.037037
7 0.243490 0.743519 0.070312 0.124074
1 0.345313 0.603704 0.041667 0.088889
4 0.338542 0.686574 0.037500 0.056481
1 0.525521 0.618519 0.041667 0.070370
3 0.529167 0.697685 0.038542 0.030556
1 0.626563 0.618519 0.046875 0.079630
6 0.619271 0.697685 0.054167 0.056481
0 0.751563 0.604630 0.059375 0.109259
3 0.753646 0.819907 0.035417 0.043519
0 0.872917 0.619444 0.056250 0.100000
5 0.939063 0.843519 0.112500 0.070370
9 0.107031 0.731944 0.161979 0.200926
9 0.253646 0.741667 0.144792 0.207407
8 0.231771 0.633333 0.096875 0.144444
8 0.352865 0.632870 0.097396 0.158333
8 0.518750 0.642130 0.109375 0.134259
8 0.627865 0.643519 0.099479 0.150000
8 0.734115 0.678241 0.183854 0.280556
8 0.874219 0.694444 0.126562 0.251852
