1 0.151042 0.654630 0.039583 0.064815
4 0.123438 0.715741 0.039583 0.038889
7 0.228125 0.693519 0.046875 0.074074
7 0.309115 0.693519 0.048438 0.081481
1 0.396615 0.618519 0.039062 0.085185
6 0.372917 0.726852 0.069792 0.046296
1 0.571094 0.656481 0.042188 0.059259
4 0.568490 0.718519 0.048438 0.044444
7 0.767188 0.674537 0.058333 0.093519
7 0.872917 0.753704 0.066667 0.118519
3 0.857292 0.856481 0.062500 0.033333
1 0.687240 0.680556 0.060937 0.127778
4 0.694792 0.830556 0.061458 0.066667
9 0.232813 0.681019 0.102083 0.108333
9 0.312240 0.693056 0.085938 0.078704
9 0.560677 0.687963 0.108854 0.109259
9 0.764323 0.663889 0.091146 0.125926
9 0.866667 0.769907 0.158333 0.182407
9 0.151042 0.679167 0.097917 0.123148
8 0.398698 0.661574 0.089063 0.154630
8 0.684896 0.745833 0.161458 0.236111
