0 0.138021 0.476852 0.055208 0.101852
5 0.085938 0.648148 0.119792 0.055556
0 0.257292 0.503704 0.060417 0.103704
4 0.204167 0.651852 0.039583 0.059259
0 0.388542 0.486111 0.050000 0.094444
3 0.321615 0.677778 0.032813 0.037037
0 0.438021 0.493519 0.033333 0.077778
7 0.601042 0.568519 0.058333 0.088889
7 0.710938 0.566667 0.054167 0.096296
7 0.810417 0.603704 0.050000 0.088889
7 0.754167 0.675000 0.072917 0.131481
9 0.601562 0.577315 0.105208 0.126852
9 0.701042 0.580093 0.094792 0.119444
9 0.816667 0.613889 0.105208 0.112963
9 0.745313 0.664352 0.161458 0.184259
8 0.135937 0.540278 0.142708 0.223148
8 0.250260 0.563889 0.123438 0.218519
8 0.385156 0.565278 0.122396 0.249074
8 0.448437 0.531944 0.066667 0.147222
