2 0.047917 0.599074 0.064583 0.105556
1 0.081771 0.567593 0.037500 0.068519
2 0.188021 0.588889 0.058333 0.111111
5 0.143490 0.765741 0.092188 0.061111
0 0.302865 0.540741 0.039062 0.088889
6 0.281771 0.642593 0.065625 0.048148
0 0.487240 0.499074 0.039062 0.072222
2 0.435417 0.576852 0.066667 0.118519
4 0.384115 0.721296 0.070312 0.064815
2 0.679688 0.510185 0.067708 0.118519
1 0.745313 0.477778 0.045833 0.096296
0 0.826042 0.446296 0.045833 0.100000
4 0.855990 0.577778 0.054688 0.059259
4 0.767188 0.578704 0.051042 0.046296
6 0.956771 0.705556 0.079167 0.081481
8 0.072396 0.651852 0.112500 0.205556
8 0.106510 0.600000 0.084896 0.131481
8 0.185156 0.647685 0.132812 0.225000
8 0.310417 0.573148 0.094792 0.153704
8 0.416146 0.638426 0.146875 0.236111
8 0.494792 0.548611 0.079167 0.167593
8 0.678385 0.597685 0.136979 0.289815
8 0.753125 0.518981 0.087500 0.176852
8 0.841667 0.502315 0.105208 0.199074
8 0.935417 0.553241 0.128125 0.300926
