7 0.119271 0.755556 0.071875 0.118519
3 0.060417 0.830556 0.034375 0.040741
0 0.232292 0.597685 0.041667 0.080556
4 0.212240 0.680556 0.042188 0.046296
1 0.349740 0.593519 0.048438 0.088889
4 0.338542 0.680556 0.037500 0.059259
7 0.244792 0.741667 0.066667 0.109259
1 0.526042 0.618519 0.043750 0.077778
3 0.529167 0.697685 0.033333 0.032407
1 0.634896 0.608333 0.043750 0.081481
6 0.632292 0.700926 0.075000 0.050000
0 0.751563 0.593519 0.058333 0.111111
3 0.753646 0.826852 0.038542 0.038889
0 0.875000 0.621759 0.062500 0.106481
5 0.938021 0.843519 0.116667 0.059259
9 0.113542 0.742130 0.166667 0.169444
9 0.259896 0.743981 0.147917 0.200926
8 0.222396 0.630556 0.089583 0.146296
8 0.351042 0.634259 0.093750 0.162963
8 0.517188 0.643981 0.106250 0.128704
8 0.625000 0.637963 0.106250 0.144444
8 0.734115 0.684259 0.172396 0.281481
8 0.880990 0.704167 0.133854 0.249074
