1 0.151042 0.479630 0.060417 0.114815
5 0.103646 0.602778 0.107292 0.083333
1 0.259115 0.514815 0.057813 0.111111
4 0.242188 0.624074 0.054167 0.059259
0 0.384896 0.466667 0.057292 0.107407
4 0.338021 0.632407 0.051042 0.075926
0 0.429688 0.469444 0.038542 0.072222
0 0.617188 0.476852 0.041667 0.081481
0 0.707292 0.493519 0.038542 0.062963
1 0.792188 0.513889 0.041667 0.087037
0 0.757292 0.537963 0.056250 0.112963
5 0.745313 0.710185 0.097917 0.057407
8 0.150000 0.532870 0.131250 0.200926
8 0.267448 0.556944 0.116146 0.182407
8 0.394271 0.536111 0.136458 0.237037
8 0.447396 0.517130 0.070833 0.154630
8 0.601042 0.524074 0.104167 0.166667
8 0.695573 0.537500 0.083854 0.141667
8 0.740625 0.600926 0.133333 0.229630
8 0.800521 0.550463 0.065625 0.162037
