8 0.066667 0.242593 0.089583 0.120370
9 0.092188 0.168056 0.058333 0.091667
8 0.137500 0.153241 0.050000 0.073148
8 0.160938 0.344444 0.100000 0.151852
8 0.277344 0.354630 0.116146 0.159259
9 0.207292 0.316667 0.086458 0.129630
9 0.315365 0.309259 0.083854 0.144444
9 0.247917 0.255556 0.069792 0.105556
8 0.343490 0.254630 0.060937 0.144444
8 0.308073 0.181019 0.044271 0.082407
8 0.398438 0.207407 0.062500 0.118519
8 0.335417 0.156019 0.039583 0.071296
8 0.380469 0.140278 0.042188 0.065741
8 0.424740 0.156019 0.048438 0.086111
8 0.474740 0.158333 0.042188 0.105556
9 0.447917 0.278704 0.073958 0.103704
9 0.513542 0.198148 0.050000 0.081481
8 0.630990 0.228704 0.065104 0.105556
9 0.565365 0.173148 0.055729 0.081481
8 0.568490 0.216204 0.048438 0.071296
8 0.444792 0.348148 0.091667 0.183333
8 0.535417 0.355556 0.087500 0.170370
8 0.646615 0.368519 0.138021 0.172222
8 0.605469 0.335648 0.070312 0.130556
8 0.526823 0.277315 0.066146 0.097222
5 0.259115 0.426852 0.069271 0.035185
5 0.513542 0.443056 0.037500 0.032407
9 0.710417 0.177315 0.036458 0.052778
9 0.732292 0.193519 0.058333 0.074074
8 0.767969 0.214815 0.048438 0.088889
8 0.816667 0.218519 0.052083 0.087037
8 0.877344 0.185648 0.052604 0.080556
8 0.831771 0.303241 0.076042 0.119444
8 0.893490 0.356019 0.090104 0.132407
8 0.956771 0.368056 0.086458 0.199074
9 0.597917 0.282407 0.066667 0.094444
5 0.979688 0.468519 0.040625 0.033333
4 0.653646 0.431019 0.053125 0.041667
1 0.716667 0.168981 0.020833 0.043519
8 0.443750 0.130556 0.031250 0.088889
1 0.062240 0.222222 0.035937 0.081481
1 0.078646 0.154167 0.028125 0.060185
1 0.129167 0.143056 0.026042 0.054630
1 0.146094 0.318519 0.046354 0.096296
1 0.184115 0.293056 0.039062 0.084259
1 0.264844 0.243519 0.034896 0.077778
1 0.268490 0.318519 0.045312 0.090741
1 0.303646 0.305093 0.040625 0.082407
1 0.305990 0.168519 0.028646 0.064815
0 0.342969 0.217593 0.032813 0.062963
0 0.342969 0.143519 0.023438 0.044444
1 0.379688 0.130556 0.019792 0.051852
1 0.393490 0.186574 0.029687 0.069444
1 0.421615 0.143056 0.023438 0.058333
0 0.440365 0.110185 0.021354 0.044444
0 0.471615 0.131019 0.022396 0.049074
0 0.463542 0.191204 0.029167 0.060185
8 0.468490 0.219444 0.068229 0.124074
1 0.440365 0.261574 0.032813 0.069444
0 0.452865 0.298148 0.038021 0.081481
1 0.513542 0.187037 0.023958 0.055556
1 0.544792 0.151389 0.021875 0.049074
1 0.574740 0.156019 0.024479 0.050926
1 0.571094 0.206019 0.023438 0.052778
0 0.633594 0.206019 0.029687 0.063889
1 0.524219 0.266204 0.029687 0.071296
0 0.534115 0.318519 0.040104 0.092593
1 0.624740 0.306481 0.031771 0.075926
1 0.652865 0.336574 0.049479 0.106481
1 0.746615 0.181481 0.024479 0.051852
2 0.777865 0.193056 0.023438 0.050926
1 0.821094 0.202778 0.023438 0.050000
1 0.796094 0.185648 0.022396 0.054630
1 0.889323 0.168981 0.025521 0.050926
1 0.852865 0.278241 0.026562 0.067593
6 0.843490 0.336111 0.041146 0.031481
1 0.918490 0.330556 0.038021 0.077778
1 0.912240 0.273611 0.035937 0.069444
