8 0.067969 0.233333 0.086979 0.131481
8 0.094792 0.166667 0.051042 0.114815
8 0.135417 0.143519 0.055208 0.079630
8 0.379688 0.138889 0.043750 0.064815
8 0.306771 0.172222 0.038542 0.094444
8 0.251563 0.236111 0.066667 0.144444
8 0.338802 0.251389 0.052604 0.136111
8 0.283073 0.343519 0.105729 0.179630
8 0.165365 0.330556 0.101562 0.185185
8 0.422135 0.156481 0.053646 0.083333
8 0.398438 0.215278 0.055208 0.104630
8 0.449740 0.263426 0.080729 0.136111
8 0.443490 0.343056 0.105729 0.189815
5 0.514844 0.443056 0.040104 0.037963
8 0.568490 0.204167 0.044271 0.076852
8 0.524219 0.260185 0.070312 0.144444
8 0.540365 0.355556 0.094271 0.174074
8 0.630990 0.228704 0.057813 0.109259
8 0.634896 0.375000 0.097917 0.155556
9 0.710938 0.177778 0.037500 0.053704
9 0.731771 0.193519 0.057292 0.079630
9 0.793490 0.187500 0.045312 0.075000
8 0.761719 0.218056 0.051562 0.091667
8 0.816146 0.218519 0.055208 0.092593
8 0.884896 0.187963 0.043750 0.092593
8 0.838021 0.295833 0.070833 0.130556
8 0.904167 0.338889 0.083333 0.162963
8 0.960938 0.367130 0.078125 0.213889
9 0.551042 0.159722 0.042708 0.067593
8 0.034115 0.155556 0.042188 0.094444
8 0.332031 0.144907 0.043229 0.089815
8 0.476042 0.218519 0.048958 0.120370
9 0.216146 0.318519 0.062500 0.124074
8 0.518490 0.190278 0.050521 0.097222
8 0.326042 0.307870 0.084375 0.162037
0 0.057813 0.205556 0.033333 0.064815
2 0.041667 0.143056 0.026042 0.062037
0 0.065104 0.144907 0.029167 0.054630
8 0.064062 0.175926 0.078125 0.114815
1 0.128125 0.133333 0.025000 0.055556
0 0.329948 0.127315 0.022396 0.054630
0 0.300781 0.157407 0.025521 0.055556
1 0.378646 0.133796 0.019792 0.049074
1 0.423698 0.145833 0.024479 0.056481
1 0.519010 0.173611 0.025521 0.062037
1 0.440365 0.234722 0.035937 0.076852
0 0.466146 0.115278 0.020833 0.047222
0 0.480990 0.140278 0.021354 0.047222
8 0.488281 0.162500 0.035937 0.091667
2 0.263542 0.206944 0.043750 0.076852
0 0.333333 0.214352 0.030208 0.060185
0 0.401302 0.194907 0.030729 0.060185
0 0.468229 0.195370 0.028125 0.066667
1 0.530990 0.250463 0.032813 0.082407
0 0.164323 0.293056 0.042188 0.097222
1 0.202604 0.304630 0.036458 0.083333
0 0.280208 0.303704 0.045833 0.094444
1 0.304167 0.274074 0.037500 0.087037
0 0.435937 0.294444 0.041667 0.081481
1 0.557552 0.150926 0.021354 0.048148
0 0.570833 0.192593 0.021875 0.050000
0 0.633594 0.209259 0.028646 0.066667
1 0.542188 0.325000 0.039583 0.100000
1 0.632552 0.347222 0.046354 0.090741
1 0.718229 0.173148 0.018750 0.042593
1 0.745833 0.182407 0.026042 0.055556
1 0.797396 0.179167 0.027083 0.056481
1 0.893490 0.173148 0.026562 0.053704
0 0.764062 0.198148 0.023958 0.050000
0 0.823958 0.199074 0.023958 0.048148
0 0.846094 0.263426 0.029687 0.058333
0 0.920573 0.298611 0.040104 0.076852
0 0.983333 0.303241 0.033333 0.091667
