1 0.060417 0.601852 0.062500 0.114815
1 0.179167 0.597222 0.066667 0.105556
1 0.296094 0.543519 0.042188 0.081481
6 0.276042 0.646296 0.066667 0.051852
5 0.139844 0.767593 0.089063 0.053704
1 0.382292 0.580556 0.060417 0.125926
1 0.475521 0.531481 0.037500 0.088889
4 0.475521 0.618519 0.042708 0.037037
6 0.367188 0.746296 0.083333 0.074074
1 0.668490 0.549074 0.057813 0.135185
0 0.738542 0.474074 0.047917 0.092593
1 0.821875 0.519444 0.068750 0.161111
1 0.968490 0.507407 0.057813 0.144444
4 0.841146 0.690741 0.064583 0.055556
8 0.088802 0.657870 0.119271 0.215741
8 0.204687 0.652778 0.121875 0.207407
8 0.299740 0.584722 0.095312 0.143519
8 0.403125 0.635185 0.135417 0.235185
8 0.488802 0.565741 0.098437 0.142593
8 0.671354 0.607407 0.135417 0.266667
8 0.738281 0.525463 0.075521 0.187963
8 0.816927 0.591667 0.157812 0.279630
8 0.946094 0.583333 0.103646 0.275926
