0 0.179688 0.593519 0.059375 0.120370
3 0.141146 0.761574 0.034375 0.043519
1 0.277865 0.572685 0.035937 0.080556
4 0.275000 0.643519 0.031250 0.033333
0 0.322917 0.576389 0.062500 0.119444
4 0.290365 0.758333 0.054688 0.077778
1 0.402865 0.555556 0.045312 0.094444
4 0.395313 0.653704 0.043750 0.044444
1 0.572396 0.567593 0.031250 0.079630
0 0.599740 0.592593 0.054688 0.103704
4 0.596094 0.780556 0.057813 0.062963
2 0.771094 0.577778 0.067187 0.133333
4 0.763542 0.767593 0.052083 0.053704
0 0.872396 0.618519 0.064583 0.118519
5 0.919792 0.804630 0.137500 0.068519
9 0.407292 0.593519 0.088542 0.168519
9 0.552865 0.604630 0.069271 0.146296
8 0.175521 0.650000 0.134375 0.227778
8 0.317448 0.650926 0.133854 0.255556
8 0.273438 0.594907 0.070833 0.125000
8 0.593490 0.676389 0.141146 0.263889
8 0.751563 0.655556 0.123958 0.288889
8 0.871094 0.673148 0.123438 0.237037
