8 0.069271 0.247685 0.087500 0.130556
8 0.135417 0.143056 0.055208 0.080556
8 0.091146 0.165741 0.055208 0.111111
8 0.380990 0.137963 0.042188 0.074074
8 0.330469 0.153241 0.042188 0.082407
8 0.307292 0.174074 0.039583 0.094444
8 0.341667 0.251389 0.058333 0.137963
9 0.396615 0.226852 0.063021 0.087037
8 0.418490 0.156019 0.056771 0.082407
8 0.476042 0.218519 0.042708 0.114815
8 0.451042 0.265278 0.086458 0.136111
8 0.521615 0.255556 0.057813 0.140741
8 0.569792 0.205556 0.047917 0.083333
8 0.649219 0.229630 0.051562 0.111111
8 0.599740 0.281019 0.056771 0.099074
8 0.644271 0.355556 0.110417 0.194444
8 0.546094 0.356019 0.096354 0.169444
8 0.444792 0.347685 0.092708 0.180556
9 0.264844 0.365278 0.123438 0.136111
9 0.314063 0.306944 0.087500 0.136111
8 0.141667 0.339352 0.132292 0.184259
8 0.214844 0.303704 0.067187 0.137037
8 0.265365 0.242593 0.067187 0.135185
9 0.707292 0.179167 0.038542 0.056481
9 0.733594 0.193056 0.056771 0.082407
8 0.791667 0.180556 0.041667 0.079630
8 0.763542 0.218056 0.053125 0.091667
8 0.816667 0.218519 0.053125 0.088889
8 0.884896 0.188889 0.042708 0.085185
8 0.830990 0.297222 0.081771 0.131481
9 0.910417 0.355093 0.082292 0.128704
8 0.963021 0.380556 0.073958 0.192593
8 0.032813 0.155556 0.055208 0.079630
8 0.551042 0.156019 0.039583 0.099074
5 0.398438 0.432407 0.060417 0.031481
5 0.513542 0.443056 0.037500 0.032407
8 0.518490 0.181019 0.046354 0.099074
8 0.869271 0.244907 0.037500 0.093519
1 0.063542 0.222222 0.032292 0.068519
2 0.035417 0.143519 0.029167 0.059259
2 0.082292 0.139815 0.032292 0.062963
1 0.128646 0.130556 0.025000 0.053704
1 0.330469 0.143519 0.023438 0.057407
1 0.377865 0.126389 0.020313 0.050926
1 0.419792 0.145833 0.022917 0.056481
0 0.302344 0.156019 0.026562 0.054630
0 0.271094 0.206019 0.033854 0.065741
0 0.338542 0.210648 0.030208 0.056481
0 0.159115 0.293056 0.044271 0.099074
1 0.246615 0.347685 0.050521 0.093519
1 0.317188 0.301852 0.039583 0.087037
1 0.215365 0.281019 0.039062 0.087963
1 0.389844 0.218056 0.031771 0.065741
0 0.462240 0.118519 0.022396 0.051852
0 0.474740 0.136111 0.022396 0.044444
0 0.469792 0.192130 0.027083 0.056481
0 0.447917 0.231019 0.032292 0.071296
0 0.454167 0.298148 0.041667 0.081481
0 0.517188 0.164815 0.023958 0.053704
0 0.557292 0.132407 0.020833 0.050000
0 0.540365 0.131019 0.017188 0.045370
0 0.524219 0.229630 0.031771 0.074074
0 0.569792 0.184259 0.022917 0.044444
0 0.647396 0.205556 0.028125 0.062963
1 0.610938 0.268519 0.034375 0.072222
0 0.646615 0.310185 0.046354 0.094444
2 0.559115 0.328704 0.044271 0.105556
1 0.716667 0.168056 0.020833 0.041667
1 0.746615 0.179167 0.025521 0.052778
1 0.785417 0.168519 0.023958 0.055556
0 0.769792 0.196759 0.021875 0.043519
0 0.824740 0.197685 0.022396 0.043519
1 0.892188 0.168519 0.026042 0.051852
1 0.861719 0.228704 0.023438 0.053704
1 0.845313 0.267593 0.031250 0.068519
0 0.909115 0.268056 0.039062 0.063889
8 0.902865 0.293519 0.052604 0.107407
1 0.931250 0.330556 0.040625 0.081481
8 0.313021 0.306019 0.087500 0.136111
