0 0.893490 0.468056 0.036979 0.073148
6 0.896615 0.568519 0.057813 0.042593
8 0.883594 0.510185 0.079687 0.155556
0 0.944531 0.463889 0.033854 0.081481
8 0.947917 0.493519 0.089583 0.161111
1 0.826042 0.418056 0.029167 0.069444
8 0.810417 0.456019 0.084375 0.150926
6 0.807813 0.518056 0.038542 0.032407
0 0.776563 0.404167 0.022917 0.047222
8 0.766146 0.430556 0.051042 0.105556
0 0.804167 0.368519 0.020833 0.038889
8 0.802865 0.389815 0.035937 0.079630
0 0.829948 0.369907 0.018229 0.030556
1 0.871094 0.451852 0.026562 0.064815
6 0.705990 0.441204 0.020313 0.017593
1 0.729167 0.393519 0.022917 0.046296
1 0.757292 0.390278 0.019792 0.047222
8 0.713542 0.411111 0.057292 0.081481
1 0.746615 0.318056 0.014063 0.034259
1 0.704688 0.342593 0.018750 0.037037
0 0.659115 0.322685 0.016146 0.028704
0 0.637240 0.305556 0.014063 0.031481
0 0.670833 0.309259 0.015625 0.031481
8 0.659115 0.343519 0.044271 0.074074
9 0.699740 0.347222 0.035937 0.055556
8 0.739844 0.328704 0.029687 0.053704
8 0.632292 0.318056 0.036458 0.058333
8 0.675521 0.318056 0.026042 0.056481
0 0.576042 0.419907 0.031250 0.071296
8 0.569792 0.455556 0.073958 0.133333
0 0.497917 0.418519 0.030208 0.061111
0 0.435417 0.418056 0.028125 0.062037
1 0.360417 0.405556 0.032292 0.057407
0 0.301823 0.418519 0.031771 0.055556
1 0.274219 0.406019 0.023438 0.058333
1 0.397917 0.362037 0.021875 0.042593
1 0.351562 0.354630 0.026042 0.057407
1 0.307292 0.347685 0.020833 0.045370
0 0.330208 0.317130 0.018750 0.045370
5 0.318490 0.522222 0.021354 0.018519
6 0.426042 0.493981 0.038542 0.037963
8 0.501042 0.453704 0.069792 0.138889
8 0.427865 0.455556 0.081771 0.129630
8 0.365365 0.427778 0.074479 0.103704
8 0.307292 0.454630 0.077083 0.124074
8 0.257292 0.419907 0.059375 0.099074
8 0.340365 0.375463 0.052604 0.108333
8 0.307292 0.355556 0.051042 0.068519
0 0.435417 0.368519 0.026042 0.050000
8 0.439063 0.392593 0.057292 0.092593
0 0.485938 0.314352 0.017708 0.039815
8 0.487240 0.330093 0.033854 0.069444
1 0.524740 0.331019 0.015104 0.034259
8 0.524740 0.342593 0.039062 0.057407
1 0.552344 0.380556 0.022396 0.051852
0 0.577344 0.343519 0.017188 0.042593
8 0.578646 0.357870 0.035417 0.075000
4 0.538542 0.298148 0.021875 0.018519
0 0.538542 0.284722 0.015625 0.030556
8 0.538542 0.298148 0.026042 0.055556
1 0.518490 0.304630 0.016146 0.038889
8 0.512240 0.313889 0.033854 0.064815
0 0.445573 0.310185 0.020313 0.040741
8 0.444792 0.330556 0.051042 0.085185
8 0.400521 0.368056 0.041667 0.054630
0 0.346094 0.298611 0.017188 0.030556
8 0.351823 0.309259 0.040104 0.055556
8 0.357292 0.293056 0.029167 0.050926
1 0.391927 0.295833 0.016146 0.039815
8 0.389323 0.295833 0.038021 0.045370
0 0.415365 0.290278 0.016146 0.036111
4 0.416146 0.318519 0.014583 0.029630
4 0.415365 0.305556 0.042188 0.072222
1 0.111198 0.425926 0.028646 0.061111
9 0.106771 0.430556 0.079167 0.074074
1 0.009115 0.379167 0.017188 0.047222
9 0.021615 0.381019 0.042188 0.063889
1 0.067187 0.343056 0.022917 0.047222
8 0.076042 0.355556 0.039583 0.074074
0 0.184635 0.344907 0.024479 0.050926
8 0.178646 0.377778 0.063542 0.105556
5 0.170573 0.427778 0.024479 0.022222
1 0.210677 0.308796 0.017188 0.039815
8 0.216667 0.313426 0.037500 0.050926
2 0.143229 0.319444 0.021875 0.044444
8 0.140365 0.326389 0.035937 0.060185
8 0.540365 0.394907 0.047396 0.087963
