0 0.216667 0.581481 0.050000 0.107407
3 0.139063 0.768519 0.033333 0.033333
1 0.279167 0.573148 0.041667 0.081481
4 0.275521 0.638889 0.033333 0.031481
0 0.317188 0.583796 0.062500 0.119444
4 0.294271 0.737037 0.053125 0.081481
1 0.398438 0.555556 0.046875 0.100000
4 0.392188 0.644444 0.041667 0.048148
1 0.567187 0.580556 0.031250 0.066667
1 0.597917 0.620833 0.059375 0.119444
4 0.597917 0.770370 0.066667 0.070370
0 0.738542 0.566667 0.059375 0.111111
1 0.863021 0.639815 0.066667 0.120370
5 0.909896 0.805556 0.143750 0.059259
9 0.277865 0.595833 0.049479 0.137963
9 0.407292 0.594907 0.087500 0.169444
9 0.560937 0.611574 0.089583 0.130556
9 0.788542 0.608796 0.053125 0.132407
8 0.209896 0.647685 0.120833 0.226852
8 0.315104 0.657870 0.144792 0.250926
8 0.591406 0.676852 0.140104 0.227778
8 0.736979 0.652315 0.137500 0.282407
8 0.857292 0.688889 0.131250 0.205556
