2 0.153646 0.600000 0.043750 0.068519
4 0.136719 0.693519 0.051562 0.050000
1 0.242188 0.581481 0.040625 0.088889
4 0.219792 0.691667 0.046875 0.046296
2 0.313542 0.612037 0.042708 0.081481
3 0.299740 0.715741 0.035937 0.027778
1 0.401042 0.603704 0.048958 0.081481
6 0.385417 0.709259 0.079167 0.055556
1 0.573438 0.599074 0.038542 0.094444
4 0.573438 0.687037 0.045833 0.044444
1 0.673438 0.588889 0.043750 0.100000
4 0.681771 0.693519 0.045833 0.044444
1 0.790625 0.593519 0.046875 0.101852
4 0.791667 0.682407 0.044792 0.038889
1 0.879167 0.656481 0.069792 0.150000
4 0.885938 0.820833 0.071875 0.056481
8 0.151042 0.640741 0.105208 0.146296
8 0.239844 0.628241 0.100521 0.162037
8 0.324740 0.640741 0.063021 0.133333
8 0.396615 0.643519 0.096354 0.151852
8 0.572396 0.639815 0.110417 0.151852
8 0.674740 0.631019 0.097396 0.176852
8 0.783073 0.630556 0.100521 0.162963
8 0.866667 0.730556 0.196875 0.259259
