0 0.166146 0.632407 0.061458 0.111111
3 0.060417 0.835648 0.037500 0.030556
0 0.225521 0.589815 0.041667 0.083333
0 0.279167 0.610648 0.058333 0.106481
3 0.234115 0.829630 0.042188 0.051852
0 0.351042 0.575463 0.043750 0.080556
1 0.519792 0.606481 0.038542 0.077778
4 0.526563 0.688426 0.050000 0.043519
1 0.629167 0.610648 0.040625 0.093519
6 0.634896 0.703704 0.068750 0.059259
0 0.747917 0.580556 0.054167 0.105556
0 0.871615 0.615741 0.051562 0.098148
5 0.938542 0.843519 0.117708 0.062963
3 0.756771 0.827778 0.037500 0.040741
8 0.158594 0.693056 0.122396 0.230556
8 0.227083 0.622685 0.063542 0.143519
8 0.288542 0.728241 0.126042 0.323148
8 0.360417 0.623148 0.073958 0.168519
8 0.517969 0.627778 0.106771 0.161111
8 0.634115 0.639815 0.100521 0.159259
8 0.735938 0.677778 0.169792 0.285185
8 0.878125 0.693981 0.115625 0.256481
