7 0.083594 0.735648 0.067187 0.106481
7 0.046094 0.849537 0.051562 0.030556
0 0.244792 0.655556 0.055208 0.107407
0 0.236719 0.575926 0.048438 0.048148
5 0.188542 0.843519 0.111458 0.055556
0 0.346615 0.580556 0.035937 0.077778
3 0.325521 0.713889 0.016667 0.027778
5 0.351042 0.713889 0.037500 0.027778
0 0.484115 0.569444 0.040104 0.070370
1 0.524740 0.680556 0.057813 0.114815
4 0.538021 0.809722 0.058333 0.069444
0 0.601042 0.580556 0.045833 0.092593
3 0.610938 0.703704 0.020833 0.029630
0 0.703125 0.603704 0.046875 0.096296
3 0.696615 0.818519 0.032813 0.035185
1 0.841146 0.670370 0.061458 0.112963
5 0.888021 0.820370 0.091667 0.061111
8 0.855469 0.724074 0.126562 0.181481
8 0.709115 0.691204 0.121354 0.247222
8 0.600521 0.619444 0.077083 0.155556
8 0.532813 0.730556 0.137500 0.192593
8 0.484115 0.621296 0.097396 0.157407
8 0.344792 0.626852 0.082292 0.161111
8 0.237240 0.718519 0.123438 0.225926
8 0.244792 0.629167 0.078125 0.141667
9 0.105990 0.736111 0.141146 0.196296
