0 0.176042 0.589815 0.067708 0.109259
3 0.141667 0.762963 0.045833 0.031481
1 0.276042 0.568519 0.041667 0.077778
4 0.271094 0.638889 0.042188 0.044444
0 0.322396 0.580556 0.056250 0.118519
4 0.291667 0.754630 0.054167 0.083333
1 0.402865 0.560185 0.045312 0.094444
4 0.395313 0.647222 0.038542 0.044444
1 0.566146 0.570370 0.037500 0.077778
1 0.602865 0.609259 0.054688 0.111111
4 0.599740 0.763889 0.060937 0.055556
0 0.743490 0.536111 0.057813 0.105556
3 0.754167 0.793519 0.041667 0.051852
0 0.871615 0.618519 0.064062 0.133333
5 0.921094 0.800926 0.129688 0.068519
8 0.179948 0.652315 0.139063 0.230556
8 0.318229 0.657407 0.130208 0.264815
8 0.410677 0.593519 0.085938 0.164815
8 0.593750 0.673611 0.139583 0.241667
8 0.741146 0.643981 0.131250 0.306481
8 0.874740 0.669444 0.134896 0.233333
9 0.561198 0.604167 0.074479 0.126852
9 0.273438 0.602315 0.070833 0.136111
