0 0.951042 0.452778 0.033333 0.066667
8 0.946615 0.493519 0.075521 0.172222
0 0.893490 0.472222 0.035937 0.081481
8 0.884115 0.506944 0.080729 0.152778
6 0.896615 0.568056 0.055729 0.041667
0 0.825521 0.417593 0.029167 0.055556
8 0.815365 0.456019 0.077604 0.136111
5 0.809115 0.528241 0.034896 0.021296
1 0.871094 0.449074 0.029687 0.068519
0 0.774740 0.405093 0.022396 0.043519
8 0.762240 0.431944 0.053646 0.112037
0 0.804167 0.376852 0.017708 0.040741
8 0.799740 0.393519 0.034896 0.085185
1 0.746615 0.322685 0.016146 0.036111
8 0.741146 0.329630 0.031250 0.057407
1 0.727865 0.393056 0.023438 0.050926
8 0.712240 0.406019 0.052604 0.080556
1 0.706510 0.344444 0.018229 0.038889
9 0.702865 0.353241 0.031771 0.056481
0 0.667188 0.328241 0.014583 0.034259
8 0.665365 0.343056 0.043229 0.063889
1 0.677865 0.323611 0.015104 0.037963
0 0.635938 0.311111 0.015625 0.035185
4 0.638542 0.343519 0.023958 0.022222
8 0.634115 0.326389 0.038021 0.062037
0 0.574479 0.417593 0.028125 0.061111
8 0.570312 0.456019 0.069792 0.136111
6 0.425781 0.503241 0.029687 0.047222
0 0.499219 0.418056 0.029687 0.056481
8 0.501563 0.456019 0.071875 0.132407
0 0.436719 0.425463 0.030729 0.062037
8 0.431250 0.460185 0.076042 0.131481
1 0.360938 0.411574 0.028125 0.060185
8 0.365365 0.430093 0.076563 0.100926
0 0.303646 0.421296 0.029167 0.059259
8 0.305469 0.455093 0.071354 0.128704
1 0.272396 0.411111 0.026042 0.066667
8 0.258594 0.428704 0.060937 0.103704
0 0.437240 0.368056 0.022396 0.043519
8 0.440365 0.392130 0.052604 0.089815
1 0.349740 0.356481 0.021354 0.050000
8 0.344271 0.380556 0.053125 0.100000
1 0.398958 0.362037 0.020833 0.044444
9 0.404948 0.366667 0.047396 0.053704
1 0.552865 0.385648 0.024479 0.056481
8 0.541667 0.396759 0.046875 0.080556
0 0.578385 0.344444 0.018229 0.048148
8 0.579167 0.358796 0.035417 0.080556
4 0.416146 0.318519 0.014583 0.033333
0 0.486979 0.318056 0.017708 0.039815
8 0.487240 0.330556 0.034896 0.068519
1 0.525781 0.334259 0.015104 0.038889
8 0.525260 0.348148 0.039062 0.055556
0 0.538542 0.289815 0.014583 0.033333
8 0.539844 0.299537 0.029687 0.056481
2 0.517708 0.303704 0.016667 0.038889
8 0.514062 0.314352 0.032292 0.065741
0 0.445573 0.311111 0.020313 0.042593
8 0.443490 0.331019 0.047396 0.080556
0 0.416146 0.290741 0.015625 0.035185
8 0.414323 0.306019 0.040104 0.067593
1 0.391667 0.299537 0.014583 0.034259
8 0.389844 0.304167 0.032813 0.043519
1 0.307292 0.348148 0.018750 0.048148
8 0.306771 0.357870 0.048958 0.069444
1 0.330208 0.319907 0.018750 0.041667
2 0.348438 0.305556 0.018750 0.038889
8 0.354167 0.316204 0.035417 0.054630
1 0.110677 0.425926 0.028646 0.061111
9 0.108073 0.431019 0.080729 0.080556
0 0.167969 0.342130 0.023438 0.049074
8 0.178646 0.372222 0.061458 0.105556
5 0.172396 0.431019 0.025000 0.013889
1 0.069531 0.357407 0.020313 0.044444
8 0.074740 0.359722 0.035937 0.056481
1 0.009115 0.381019 0.017188 0.045370
9 0.021615 0.384722 0.042188 0.069444
1 0.110937 0.353704 0.021875 0.042593
2 0.146094 0.318519 0.020313 0.038889
8 0.141667 0.330556 0.033333 0.062963
1 0.217188 0.310185 0.016667 0.037037
8 0.219271 0.316667 0.035417 0.053704
