2 0.151042 0.602778 0.039583 0.072222
4 0.138021 0.693519 0.050000 0.040741
1 0.239063 0.590741 0.043750 0.085185
4 0.219792 0.687963 0.053125 0.050000
2 0.309375 0.618519 0.050000 0.081481
3 0.299740 0.718519 0.035937 0.029630
1 0.398438 0.604630 0.045833 0.094444
6 0.387240 0.705556 0.079687 0.055556
1 0.572917 0.598148 0.037500 0.092593
4 0.576042 0.687037 0.042708 0.044444
1 0.674219 0.582407 0.048438 0.101852
4 0.680469 0.693519 0.060937 0.044444
1 0.792188 0.594444 0.050000 0.100000
4 0.794792 0.682407 0.053125 0.038889
1 0.878125 0.657407 0.078125 0.144444
4 0.885938 0.825926 0.072917 0.051852
8 0.152865 0.643519 0.106771 0.151852
8 0.237240 0.629630 0.107813 0.175926
8 0.324219 0.643056 0.072396 0.128704
8 0.396615 0.637963 0.099479 0.159259
8 0.571875 0.641204 0.109375 0.152778
8 0.672917 0.630093 0.101042 0.178704
8 0.780469 0.630556 0.107813 0.159259
8 0.867188 0.725463 0.194792 0.256481
