0 0.085938 0.550926 0.045833 0.068519
1 0.056771 0.603704 0.061458 0.111111
0 0.180990 0.570370 0.054688 0.114815
6 0.146875 0.761111 0.090625 0.068519
1 0.297396 0.546296 0.047917 0.088889
6 0.279687 0.640741 0.065625 0.059259
1 0.482292 0.525926 0.036458 0.088889
4 0.476042 0.616667 0.033333 0.048148
1 0.381771 0.583333 0.062500 0.133333
4 0.364063 0.734259 0.060417 0.050000
0 0.650521 0.483333 0.029167 0.066667
1 0.676562 0.530556 0.062500 0.125926
0 0.733333 0.455556 0.042708 0.081481
1 0.841667 0.457407 0.037500 0.088889
0 0.803646 0.480556 0.056250 0.133333
0 0.954688 0.490741 0.066667 0.129630
5 0.826042 0.727778 0.068750 0.070370
8 0.083594 0.656944 0.114062 0.213889
8 0.187760 0.648148 0.136979 0.250000
8 0.105990 0.587963 0.082812 0.131481
8 0.302865 0.585185 0.095312 0.144444
8 0.394792 0.641204 0.156250 0.234259
8 0.488281 0.564352 0.094271 0.150926
8 0.643490 0.532870 0.053646 0.149074
8 0.677344 0.605556 0.146354 0.268519
8 0.738281 0.515278 0.072396 0.197222
8 0.806250 0.569907 0.140625 0.289815
8 0.853646 0.504630 0.073958 0.185185
8 0.936719 0.564352 0.126562 0.260185
