1 0.139063 0.500926 0.062500 0.105556
5 0.101562 0.623148 0.087500 0.079630
0 0.267188 0.495370 0.051042 0.124074
4 0.242188 0.637037 0.050000 0.055556
2 0.372917 0.493519 0.054167 0.125926
3 0.329688 0.668519 0.035417 0.050000
0 0.439063 0.479630 0.041667 0.085185
2 0.617188 0.488889 0.042708 0.088889
0 0.707292 0.502778 0.035417 0.083333
0 0.790365 0.509259 0.042188 0.085185
0 0.755990 0.551852 0.048438 0.111111
5 0.744792 0.730556 0.088542 0.053704
8 0.146094 0.544907 0.133854 0.187963
8 0.269010 0.552778 0.115104 0.218519
8 0.385937 0.555556 0.166667 0.238889
8 0.444271 0.517130 0.066667 0.149074
8 0.601042 0.529167 0.102083 0.162037
8 0.701042 0.543056 0.085417 0.145370
8 0.740365 0.617130 0.148438 0.232407
8 0.799219 0.555556 0.059896 0.161111
