0 0.181771 0.593519 0.062500 0.116667
3 0.141667 0.761574 0.032292 0.043519
1 0.277865 0.572685 0.035937 0.080556
4 0.273438 0.643519 0.037500 0.033333
0 0.322917 0.580556 0.062500 0.111111
4 0.291667 0.761574 0.058333 0.071296
1 0.404167 0.555556 0.041667 0.092593
4 0.391667 0.648611 0.035417 0.054630
1 0.571094 0.573611 0.032813 0.080556
0 0.601042 0.590741 0.054167 0.107407
4 0.596094 0.780556 0.057813 0.057407
2 0.769792 0.577778 0.064583 0.133333
4 0.767188 0.766667 0.041667 0.051852
0 0.872917 0.615741 0.071875 0.124074
5 0.921094 0.799537 0.142187 0.056481
8 0.177865 0.650000 0.133854 0.231481
8 0.316667 0.654630 0.135417 0.257407
8 0.592969 0.674537 0.135937 0.265741
8 0.750521 0.655093 0.130208 0.282407
8 0.872396 0.677315 0.125000 0.230556
8 0.270573 0.596759 0.065104 0.123148
9 0.407292 0.598148 0.086458 0.168519
9 0.555469 0.605093 0.070312 0.141667
