0 0.178646 0.592593 0.068750 0.118519
3 0.140365 0.767593 0.035937 0.038889
1 0.276042 0.568519 0.037500 0.088889
4 0.270313 0.642593 0.033333 0.033333
0 0.323437 0.580556 0.063542 0.122222
4 0.288021 0.755556 0.058333 0.072222
1 0.403646 0.557407 0.043750 0.098148
4 0.392188 0.651852 0.032292 0.051852
0 0.588542 0.608333 0.059375 0.125926
4 0.606771 0.772685 0.045833 0.069444
2 0.804688 0.582407 0.066667 0.133333
4 0.823438 0.753704 0.055208 0.062963
2 0.894792 0.612037 0.068750 0.127778
5 0.919792 0.805556 0.139583 0.059259
9 0.408594 0.596759 0.090104 0.165741
9 0.571094 0.597222 0.104688 0.137037
8 0.177344 0.650000 0.136979 0.231481
8 0.272396 0.597685 0.070833 0.130556
8 0.318490 0.655556 0.134896 0.264815
8 0.596615 0.671759 0.133854 0.243519
8 0.762240 0.656019 0.139063 0.271296
8 0.880990 0.669907 0.122396 0.239815
