8 0.069271 0.248148 0.088542 0.131481
8 0.135417 0.143056 0.055208 0.080556
8 0.090365 0.164815 0.054688 0.111111
8 0.380990 0.131944 0.042188 0.071296
8 0.327865 0.143056 0.038021 0.086111
8 0.307292 0.177778 0.038542 0.098148
8 0.343490 0.251389 0.060937 0.136111
9 0.397396 0.229167 0.063542 0.086111
8 0.416667 0.155556 0.055208 0.087037
8 0.474219 0.217593 0.042188 0.111111
8 0.451042 0.255556 0.084375 0.140741
8 0.524219 0.256019 0.072396 0.139815
8 0.569792 0.206019 0.047917 0.082407
8 0.646615 0.228241 0.054688 0.110185
8 0.596615 0.282407 0.060937 0.100000
8 0.634115 0.371296 0.099479 0.153704
8 0.540625 0.352315 0.093750 0.191667
8 0.442969 0.351852 0.092188 0.187037
8 0.266146 0.356019 0.123958 0.154630
8 0.318490 0.306944 0.082812 0.137963
8 0.142969 0.341204 0.129688 0.173148
8 0.214844 0.304630 0.067187 0.137037
8 0.265365 0.241204 0.064062 0.128704
9 0.709115 0.178241 0.039062 0.056481
9 0.730990 0.193519 0.055729 0.083333
8 0.790625 0.181019 0.043750 0.082407
8 0.761719 0.216204 0.051562 0.099074
8 0.816667 0.218519 0.055208 0.092593
8 0.885417 0.190278 0.042708 0.087963
8 0.832292 0.294444 0.073958 0.122222
9 0.910417 0.354167 0.079167 0.128704
8 0.962500 0.388889 0.075000 0.185185
8 0.032813 0.155556 0.052083 0.083333
8 0.551042 0.163426 0.041667 0.093519
2 0.037240 0.143519 0.030729 0.059259
1 0.129167 0.136111 0.025000 0.057407
1 0.061719 0.221759 0.031771 0.069444
2 0.324740 0.131019 0.026562 0.052778
2 0.338021 0.115741 0.018750 0.048148
0 0.377865 0.126852 0.020313 0.050000
2 0.410938 0.136574 0.026042 0.056481
0 0.452865 0.118056 0.021354 0.043519
0 0.478646 0.137500 0.023958 0.043519
0 0.457813 0.159722 0.026042 0.056481
0 0.151042 0.306019 0.047917 0.097222
0 0.269792 0.210185 0.033333 0.068519
0 0.302344 0.156019 0.023438 0.052778
0 0.339844 0.211574 0.027604 0.056481
1 0.215365 0.281019 0.039062 0.086111
1 0.254948 0.331019 0.047396 0.097222
1 0.312240 0.293519 0.040104 0.090741
1 0.389844 0.218519 0.031771 0.064815
5 0.399219 0.431019 0.061979 0.032407
0 0.449740 0.298611 0.039062 0.080556
2 0.442708 0.225926 0.032292 0.075926
0 0.470313 0.192130 0.027083 0.054630
0 0.516146 0.164815 0.025000 0.053704
8 0.519792 0.185185 0.047917 0.094444
1 0.556771 0.143056 0.023958 0.054630
0 0.569792 0.191204 0.023958 0.050926
0 0.523438 0.230556 0.029167 0.077778
5 0.514844 0.443056 0.038021 0.034259
2 0.537240 0.306019 0.051562 0.099074
1 0.626042 0.344907 0.045833 0.093519
1 0.609115 0.269907 0.031771 0.075000
0 0.649219 0.206019 0.027604 0.067593
1 0.717969 0.168981 0.018229 0.043519
1 0.745573 0.181019 0.024479 0.052778
0 0.762240 0.186111 0.020313 0.044444
1 0.786719 0.168519 0.025521 0.053704
0 0.823438 0.201389 0.023958 0.050926
1 0.892969 0.168981 0.024479 0.052778
0 0.866667 0.229167 0.026042 0.054630
8 0.868490 0.247222 0.039062 0.094444
0 0.846615 0.268981 0.028646 0.069444
0 0.905990 0.268981 0.039062 0.062037
8 0.901563 0.293056 0.046875 0.108333
1 0.929688 0.330556 0.038542 0.081481
1 0.986719 0.283796 0.026562 0.069444
9 0.972917 0.293981 0.054167 0.097222
2 0.079427 0.142130 0.031771 0.065741
