7 0.115625 0.755556 0.071875 0.116667
3 0.059896 0.832407 0.039583 0.038889
1 0.229167 0.605556 0.042708 0.090741
4 0.212240 0.681481 0.042188 0.037037
7 0.243490 0.737963 0.067187 0.124074
1 0.347396 0.600926 0.047917 0.087037
4 0.338542 0.682407 0.036458 0.050000
1 0.524219 0.619444 0.039062 0.087037
3 0.529167 0.702778 0.042708 0.024074
1 0.629167 0.614815 0.050000 0.088889
6 0.625521 0.693519 0.066667 0.059259
0 0.752344 0.598148 0.054688 0.118519
3 0.753646 0.826852 0.035417 0.038889
0 0.876042 0.614815 0.059375 0.103704
5 0.937240 0.843519 0.114062 0.059259
3 0.227344 0.835185 0.029687 0.044444
9 0.110417 0.731944 0.166667 0.186111
9 0.255208 0.741667 0.146875 0.203704
8 0.227865 0.632407 0.098437 0.138889
8 0.353125 0.635648 0.092708 0.158333
8 0.517188 0.644907 0.098958 0.132407
8 0.626042 0.648611 0.097917 0.128704
8 0.735938 0.686574 0.171875 0.280556
8 0.872917 0.697222 0.117708 0.250000
