1 0.009896 0.381019 0.018750 0.049074
9 0.021615 0.386111 0.042188 0.068519
1 0.112240 0.426852 0.028646 0.061111
9 0.110417 0.432407 0.081250 0.094444
0 0.162240 0.343056 0.019271 0.039815
8 0.176563 0.379630 0.052083 0.111111
1 0.071354 0.356481 0.021875 0.048148
8 0.076042 0.356019 0.034375 0.052778
1 0.111198 0.354630 0.022396 0.046296
8 0.117188 0.355556 0.045833 0.055556
1 0.182031 0.322222 0.021354 0.048148
8 0.193490 0.330556 0.041146 0.062963
5 0.171615 0.430556 0.024479 0.016667
1 0.215104 0.313426 0.018750 0.041667
8 0.219792 0.316667 0.036458 0.053704
2 0.145573 0.320833 0.020313 0.043519
0 0.303646 0.418056 0.028125 0.052778
8 0.305990 0.456019 0.073438 0.125000
1 0.271615 0.412500 0.025521 0.065741
8 0.258073 0.431019 0.058854 0.100926
1 0.308594 0.347222 0.020313 0.048148
8 0.307292 0.356019 0.048958 0.069444
1 0.360938 0.408333 0.026042 0.055556
8 0.366667 0.429630 0.076042 0.096296
6 0.427344 0.497222 0.033854 0.031481
4 0.416667 0.318056 0.011458 0.028704
0 0.438021 0.422222 0.026042 0.055556
8 0.429167 0.456481 0.082292 0.131481
1 0.348438 0.359259 0.018750 0.044444
8 0.341667 0.380556 0.044792 0.098148
1 0.331250 0.319444 0.019792 0.044444
1 0.400260 0.361111 0.021354 0.046296
9 0.404167 0.368056 0.047917 0.056481
2 0.349740 0.305093 0.019271 0.041667
8 0.354167 0.316204 0.038542 0.058333
1 0.391667 0.299074 0.014583 0.035185
8 0.389844 0.304630 0.032813 0.048148
0 0.416146 0.293519 0.014583 0.033333
8 0.416667 0.306481 0.040625 0.066667
0 0.439844 0.372222 0.019271 0.044444
8 0.441667 0.393519 0.055208 0.088889
0 0.444792 0.313889 0.018750 0.038889
8 0.447917 0.331944 0.047917 0.086111
0 0.487240 0.315278 0.019271 0.043519
8 0.489063 0.330556 0.038542 0.072222
0 0.499479 0.419907 0.033333 0.065741
8 0.503646 0.456019 0.071875 0.134259
0 0.572396 0.418519 0.027083 0.057407
8 0.572917 0.455556 0.066667 0.129630
1 0.552865 0.385648 0.024479 0.056481
8 0.542188 0.399537 0.044792 0.080556
0 0.579167 0.347685 0.019792 0.045370
8 0.577865 0.361574 0.036979 0.080556
1 0.524740 0.330556 0.014063 0.031481
8 0.524740 0.343056 0.038021 0.054630
1 0.539062 0.293519 0.014583 0.033333
8 0.540104 0.303704 0.029167 0.057407
2 0.517188 0.304167 0.016667 0.039815
8 0.511979 0.315741 0.032292 0.068519
6 0.816667 0.517593 0.061458 0.050000
0 0.966146 0.455556 0.036458 0.079630
8 0.954688 0.495833 0.082292 0.169444
8 0.887240 0.509259 0.084896 0.144444
0 0.895573 0.472222 0.036979 0.068519
0 0.827344 0.418056 0.029687 0.065741
8 0.812240 0.456019 0.080729 0.147222
1 0.872396 0.452778 0.029167 0.064815
0 0.769792 0.405556 0.022917 0.046296
8 0.762240 0.432407 0.054688 0.105556
0 0.804167 0.372685 0.019792 0.043519
8 0.797917 0.393519 0.038542 0.083333
6 0.706771 0.443519 0.026042 0.016667
1 0.730469 0.397685 0.022396 0.045370
8 0.714063 0.415278 0.055208 0.080556
1 0.706510 0.347685 0.019271 0.039815
9 0.705469 0.353241 0.033854 0.054630
0 0.667188 0.329167 0.013542 0.028704
8 0.667188 0.344907 0.046875 0.069444
1 0.746875 0.322222 0.017708 0.040741
8 0.739844 0.331019 0.030729 0.056481
1 0.640365 0.308333 0.017188 0.037037
8 0.634896 0.319907 0.036458 0.056481
1 0.678906 0.320370 0.016146 0.037037
6 0.895573 0.572222 0.056771 0.044444
