0 0.178125 0.591667 0.068750 0.116667
3 0.139063 0.768519 0.037500 0.040741
1 0.276562 0.574074 0.037500 0.081481
4 0.273438 0.640741 0.030208 0.037037
0 0.321875 0.577778 0.059375 0.125926
4 0.288542 0.755556 0.050000 0.074074
1 0.403646 0.555556 0.044792 0.092593
4 0.392188 0.653704 0.033333 0.055556
0 0.584375 0.603704 0.059375 0.111111
4 0.602344 0.774074 0.045312 0.068519
2 0.802865 0.593519 0.064062 0.131481
4 0.816667 0.755556 0.057292 0.059259
1 0.892188 0.618519 0.067708 0.137037
5 0.922396 0.806481 0.139583 0.057407
9 0.409115 0.597685 0.090104 0.169444
9 0.571615 0.604167 0.100521 0.132407
8 0.176823 0.652778 0.136979 0.229630
8 0.317708 0.656944 0.136458 0.258333
8 0.270573 0.597222 0.065104 0.131481
8 0.595313 0.675463 0.140625 0.243519
8 0.763802 0.659259 0.144271 0.270370
8 0.881771 0.670370 0.117708 0.240741
