0 0.093490 0.631481 0.070312 0.131481
3 0.042188 0.850926 0.051042 0.050000
0 0.242188 0.593519 0.042708 0.096296
7 0.197917 0.755556 0.070833 0.133333
0 0.339844 0.579630 0.039062 0.081481
3 0.326042 0.708333 0.023958 0.031481
0 0.489063 0.568519 0.044792 0.090741
0 0.606771 0.568519 0.045833 0.088889
1 0.515365 0.693519 0.060937 0.118519
4 0.539844 0.805556 0.045312 0.064815
0 0.701042 0.610648 0.055208 0.106481
3 0.699219 0.818519 0.035937 0.048148
1 0.841667 0.655556 0.060417 0.118519
5 0.884896 0.818519 0.093750 0.074074
3 0.610938 0.698611 0.028125 0.030556
8 0.107292 0.705093 0.131250 0.263889
8 0.246615 0.630093 0.092188 0.171296
8 0.343750 0.620370 0.094792 0.181481
8 0.492969 0.614815 0.096354 0.172222
8 0.605990 0.618519 0.101562 0.175926
9 0.531250 0.733333 0.134375 0.205556
8 0.707292 0.689815 0.131250 0.270370
8 0.854688 0.711574 0.134375 0.219444
9 0.217188 0.748148 0.145833 0.205556
