1 0.281771 0.424074 0.035417 0.074074
8 0.290365 0.455556 0.101562 0.142593
1 0.360417 0.410648 0.030208 0.056481
8 0.365365 0.430093 0.079687 0.093519
0 0.434375 0.418056 0.031250 0.058333
8 0.426563 0.455556 0.073958 0.129630
0 0.491146 0.417593 0.030208 0.064815
8 0.499740 0.452778 0.073438 0.137037
0 0.571615 0.418519 0.030729 0.057407
8 0.569792 0.448611 0.067708 0.130556
1 0.907292 0.490278 0.035417 0.078704
8 0.884115 0.518056 0.085938 0.141667
0 0.962240 0.443056 0.035937 0.073148
8 0.953646 0.493056 0.085417 0.173148
5 0.894792 0.577315 0.058333 0.037963
1 0.871094 0.448611 0.033854 0.067593
0 0.817969 0.402315 0.032813 0.054630
8 0.805469 0.448611 0.085938 0.156481
5 0.809115 0.521759 0.036979 0.030556
0 0.832292 0.372222 0.020833 0.044444
0 0.802865 0.368056 0.022396 0.039815
1 0.766667 0.405556 0.026042 0.053704
8 0.751042 0.440278 0.066667 0.108333
6 0.754948 0.478241 0.031771 0.032407
1 0.720313 0.382407 0.020833 0.044444
8 0.710938 0.406019 0.050000 0.089815
9 0.721615 0.368519 0.046354 0.057407
1 0.701042 0.341667 0.020833 0.040741
0 0.653646 0.329630 0.014583 0.029630
8 0.659115 0.343519 0.047396 0.062963
1 0.745313 0.317130 0.016667 0.032407
8 0.738542 0.325463 0.031250 0.056481
0 0.672396 0.311574 0.016667 0.037963
8 0.673438 0.320833 0.031250 0.054630
0 0.634115 0.305556 0.015104 0.031481
8 0.631771 0.318056 0.036458 0.063889
1 0.551042 0.380556 0.021875 0.050000
8 0.540365 0.393056 0.046354 0.080556
0 0.576042 0.341204 0.017708 0.041667
8 0.576042 0.356019 0.035417 0.071296
1 0.527865 0.331019 0.016146 0.032407
8 0.526563 0.342130 0.040625 0.056481
4 0.538542 0.294907 0.018750 0.019444
0 0.537500 0.282407 0.013542 0.029630
8 0.538542 0.295833 0.025000 0.056481
1 0.517188 0.302778 0.017708 0.035185
8 0.512240 0.310648 0.035937 0.056481
1 0.485938 0.318519 0.017708 0.040741
8 0.484115 0.330556 0.039062 0.061111
0 0.437500 0.367130 0.021875 0.049074
8 0.435417 0.384722 0.052083 0.093519
1 0.399740 0.341204 0.022396 0.045370
8 0.400000 0.354630 0.037500 0.074074
1 0.306771 0.346296 0.020833 0.046296
8 0.306771 0.355556 0.046875 0.064815
1 0.351042 0.356019 0.022917 0.054630
8 0.338021 0.379630 0.048958 0.100000
1 0.332292 0.316204 0.019792 0.039815
0 0.343490 0.294907 0.015104 0.030556
8 0.351042 0.305556 0.030208 0.055556
0 0.444792 0.305556 0.018750 0.035185
8 0.442188 0.318056 0.045833 0.071296
0 0.434635 0.284722 0.015104 0.032407
1 0.413542 0.305556 0.014583 0.037037
1 0.390365 0.291204 0.014063 0.034259
8 0.355990 0.293056 0.024479 0.047222
5 0.170313 0.427315 0.026042 0.019444
0 0.165365 0.355556 0.020313 0.040741
8 0.174740 0.381019 0.045312 0.095370
1 0.109115 0.426389 0.026562 0.052778
1 0.069792 0.341667 0.020833 0.044444
8 0.073438 0.351852 0.034375 0.064815
1 0.008594 0.372685 0.016146 0.043519
9 0.019792 0.380556 0.038542 0.062963
9 0.106771 0.431019 0.078125 0.073148
1 0.208594 0.313889 0.017188 0.035185
9 0.213542 0.314815 0.034375 0.038889
1 0.176042 0.315278 0.020833 0.037963
8 0.184115 0.324074 0.042188 0.068519
2 0.147396 0.311111 0.019792 0.042593
8 0.142187 0.324074 0.033333 0.068519
1 0.110417 0.347222 0.017708 0.044444
9 0.113021 0.352315 0.043750 0.047222
8 0.388542 0.293519 0.032292 0.046296
6 0.708594 0.431019 0.030729 0.032407
8 0.432292 0.293519 0.021875 0.057407
9 0.699219 0.348148 0.035937 0.055556
