0 0.182292 0.590741 0.064583 0.114815
3 0.139063 0.767593 0.034375 0.038889
1 0.276042 0.568519 0.035417 0.087037
4 0.270313 0.642593 0.033333 0.033333
0 0.321875 0.579630 0.065625 0.122222
4 0.285938 0.755556 0.060417 0.070370
1 0.403646 0.555556 0.043750 0.092593
4 0.392188 0.646296 0.041667 0.050000
0 0.588021 0.605556 0.058333 0.118519
4 0.604688 0.769444 0.045833 0.066667
2 0.801042 0.582407 0.067708 0.133333
2 0.891146 0.614815 0.063542 0.133333
4 0.826042 0.753704 0.056250 0.062963
5 0.919792 0.804630 0.131250 0.050000
8 0.179427 0.647685 0.142187 0.232407
8 0.268490 0.595370 0.063021 0.133333
8 0.320052 0.654167 0.139063 0.262037
8 0.596354 0.678241 0.140625 0.249074
8 0.765104 0.656481 0.145833 0.266667
9 0.409375 0.595370 0.084375 0.162963
8 0.883073 0.668056 0.117188 0.243519
