7 0.116146 0.753704 0.071875 0.129630
3 0.057813 0.830556 0.033333 0.037037
1 0.230990 0.603704 0.048438 0.088889
4 0.210938 0.680556 0.043750 0.044444
7 0.242188 0.744444 0.081250 0.135185
1 0.348438 0.605556 0.046875 0.096296
4 0.335938 0.682407 0.035417 0.059259
1 0.523438 0.624537 0.045833 0.080556
3 0.529167 0.698611 0.033333 0.034259
1 0.629167 0.619444 0.050000 0.088889
6 0.622396 0.694444 0.052083 0.061111
0 0.756771 0.605556 0.062500 0.118519
3 0.754167 0.826852 0.041667 0.050000
0 0.876563 0.627778 0.056250 0.114815
5 0.939844 0.841667 0.120313 0.064815
8 0.235417 0.630556 0.108333 0.131481
8 0.351562 0.635185 0.094792 0.164815
8 0.519010 0.640278 0.111979 0.121296
8 0.629167 0.652778 0.113542 0.129630
8 0.729948 0.683796 0.174479 0.271296
8 0.877865 0.701389 0.120313 0.249074
9 0.108594 0.734259 0.176563 0.174074
9 0.255990 0.743981 0.145313 0.204630
