0 0.150000 0.493519 0.062500 0.103704
5 0.092969 0.646296 0.114062 0.051852
0 0.257292 0.500926 0.053125 0.105556
4 0.207292 0.651852 0.044792 0.059259
0 0.392188 0.487963 0.050000 0.094444
3 0.319271 0.679630 0.029167 0.033333
0 0.439063 0.492593 0.035417 0.081481
0 0.597396 0.480556 0.039583 0.087037
0 0.684115 0.516667 0.042188 0.081481
0 0.802344 0.520833 0.045312 0.080556
0 0.772396 0.580556 0.058333 0.111111
5 0.744271 0.743519 0.095833 0.050000
8 0.154167 0.551852 0.106250 0.220370
8 0.248958 0.560648 0.123958 0.225000
8 0.386719 0.570370 0.119271 0.262963
8 0.449740 0.535185 0.064062 0.150000
8 0.599219 0.537500 0.101562 0.171296
8 0.690885 0.556481 0.082812 0.144444
8 0.810417 0.569444 0.062500 0.168519
8 0.738542 0.637500 0.150000 0.219444
