8 0.066146 0.240741 0.083333 0.129630
8 0.089063 0.165278 0.058333 0.100926
9 0.135417 0.152315 0.048958 0.075000
8 0.169271 0.332407 0.105208 0.177778
8 0.277865 0.355556 0.114062 0.155556
9 0.248698 0.255556 0.072396 0.103704
9 0.315365 0.310648 0.082812 0.143519
8 0.346615 0.244907 0.064062 0.137963
8 0.305990 0.177778 0.041146 0.090741
8 0.377865 0.137500 0.044271 0.069444
8 0.397917 0.217593 0.060417 0.103704
8 0.421615 0.155556 0.048438 0.077778
8 0.444792 0.128241 0.027083 0.075000
8 0.465365 0.218056 0.064062 0.125000
9 0.448698 0.278241 0.072396 0.099074
8 0.444792 0.350000 0.090625 0.181481
8 0.536719 0.344444 0.093229 0.192593
9 0.521615 0.181019 0.046354 0.102778
8 0.566146 0.171296 0.056250 0.075926
8 0.560417 0.206019 0.044792 0.082407
8 0.641667 0.231019 0.052083 0.095370
9 0.597396 0.287037 0.067708 0.094444
8 0.638542 0.368981 0.133333 0.167593
4 0.643750 0.431019 0.053125 0.039815
9 0.732292 0.192593 0.055208 0.083333
8 0.796615 0.187500 0.039062 0.069444
8 0.766667 0.213889 0.055208 0.094444
8 0.814844 0.218056 0.051562 0.087963
8 0.884115 0.201852 0.049479 0.072222
8 0.832292 0.300463 0.077083 0.119444
8 0.896615 0.333796 0.081771 0.162037
8 0.947917 0.289815 0.047917 0.112963
5 0.259115 0.425000 0.070312 0.031481
5 0.515365 0.443056 0.036979 0.030556
5 0.979948 0.468056 0.040104 0.030556
0 0.059115 0.206019 0.034896 0.063889
1 0.075521 0.143981 0.027083 0.062037
1 0.126042 0.143056 0.023958 0.054630
0 0.187240 0.289815 0.041146 0.087037
1 0.263542 0.243519 0.034375 0.075926
1 0.267188 0.324074 0.042708 0.081481
0 0.341667 0.206019 0.030208 0.060185
0 0.309375 0.160648 0.025000 0.056481
1 0.338021 0.126389 0.020833 0.049074
8 0.342969 0.136111 0.029687 0.070370
1 0.376563 0.131019 0.017708 0.050926
1 0.399219 0.202315 0.029687 0.065741
1 0.301823 0.294444 0.040104 0.085185
1 0.424219 0.143519 0.023438 0.055556
0 0.441146 0.112963 0.020833 0.044444
0 0.460938 0.184722 0.028125 0.056481
1 0.438542 0.261574 0.032292 0.069444
0 0.454167 0.303241 0.037500 0.089815
0 0.523438 0.156944 0.023958 0.050926
1 0.564844 0.193056 0.023438 0.049074
1 0.571615 0.156019 0.024479 0.043519
0 0.540365 0.303704 0.040104 0.100000
1 0.644792 0.218056 0.027083 0.065741
1 0.643490 0.341667 0.046354 0.101852
1 0.745573 0.177778 0.024479 0.050000
0 0.768490 0.192593 0.021354 0.048148
1 0.799740 0.181019 0.025521 0.050926
1 0.823438 0.203241 0.022917 0.050926
1 0.894792 0.193519 0.026042 0.050000
1 0.854167 0.275000 0.030208 0.068519
6 0.843490 0.341204 0.040104 0.028704
0 0.899740 0.293056 0.038021 0.069444
0 0.949740 0.261574 0.029687 0.056481
8 0.959115 0.366667 0.081771 0.211111
0 0.982292 0.305556 0.034375 0.090741
