7 0.114844 0.755556 0.070312 0.118519
3 0.057813 0.832407 0.037500 0.040741
1 0.232813 0.605556 0.043750 0.088889
4 0.212240 0.683333 0.042188 0.035185
7 0.242188 0.740741 0.068750 0.118519
1 0.346615 0.603704 0.048438 0.088889
4 0.338542 0.685648 0.035417 0.056481
1 0.526042 0.618519 0.043750 0.077778
3 0.529167 0.701852 0.033333 0.025926
1 0.629167 0.620370 0.041667 0.087037
6 0.625521 0.695370 0.058333 0.048148
0 0.751042 0.600926 0.059375 0.112963
3 0.754167 0.827778 0.038542 0.040741
0 0.876563 0.618519 0.060417 0.109259
5 0.939063 0.847685 0.118750 0.067593
3 0.228125 0.843519 0.031250 0.029630
8 0.228646 0.631019 0.097917 0.130556
8 0.352344 0.633333 0.085938 0.161111
8 0.517969 0.644444 0.107813 0.116667
8 0.629167 0.641204 0.107292 0.128704
8 0.733073 0.681481 0.171354 0.274074
8 0.880469 0.703241 0.115104 0.256481
9 0.108594 0.730093 0.164062 0.189815
9 0.258333 0.749074 0.144792 0.201852
