1 0.176042 0.618981 0.067708 0.119444
3 0.141667 0.803704 0.041667 0.037037
1 0.317188 0.593519 0.038542 0.066667
1 0.319792 0.655556 0.056250 0.109259
5 0.275521 0.780556 0.091667 0.051852
1 0.395313 0.618519 0.044792 0.092593
6 0.398438 0.698148 0.070833 0.055556
0 0.557813 0.555556 0.037500 0.081481
2 0.604688 0.635185 0.058333 0.105556
3 0.597917 0.815741 0.029167 0.046296
1 0.663542 0.590741 0.041667 0.085185
4 0.669271 0.689815 0.045833 0.046296
1 0.784896 0.620833 0.060417 0.130556
4 0.800521 0.780556 0.050000 0.062963
1 0.925521 0.650000 0.066667 0.118519
5 0.963021 0.818519 0.066667 0.059259
8 0.185156 0.683796 0.130729 0.230556
8 0.327344 0.707407 0.126562 0.196296
8 0.327865 0.618519 0.073438 0.114815
8 0.411719 0.651852 0.098437 0.148148
8 0.546615 0.604630 0.075521 0.162963
8 0.597917 0.702778 0.123958 0.235185
8 0.673698 0.631019 0.088021 0.154630
8 0.789844 0.684259 0.130729 0.262963
8 0.936719 0.701389 0.126562 0.219444
