2 0.061719 0.643519 0.057813 0.111111
1 0.139063 0.613426 0.062500 0.106481
4 0.018229 0.768519 0.035417 0.077778
6 0.148438 0.745370 0.088542 0.074074
1 0.260417 0.589815 0.044792 0.083333
6 0.254688 0.664815 0.066667 0.051852
1 0.457813 0.555556 0.037500 0.081481
4 0.458594 0.630556 0.042188 0.042593
1 0.371094 0.618519 0.057813 0.125926
4 0.363542 0.738889 0.056250 0.048148
5 0.374740 0.779630 0.085938 0.029630
1 0.622396 0.529630 0.031250 0.066667
1 0.701042 0.506481 0.042708 0.077778
1 0.661719 0.573611 0.048438 0.106481
1 0.774219 0.484722 0.039062 0.069444
2 0.748437 0.567593 0.058333 0.131481
6 0.791667 0.708333 0.094792 0.081481
1 0.914844 0.527778 0.067187 0.114815
4 0.934896 0.691667 0.077083 0.061111
8 0.059115 0.687500 0.117188 0.204630
8 0.173958 0.665741 0.134375 0.196296
8 0.276042 0.612037 0.097917 0.118519
8 0.381510 0.662500 0.152604 0.206481
8 0.465365 0.587963 0.084896 0.133333
8 0.617188 0.562963 0.050000 0.131481
8 0.650521 0.623611 0.112500 0.204630
8 0.704688 0.526852 0.050000 0.109259
8 0.796094 0.529630 0.081771 0.161111
8 0.768490 0.614815 0.146354 0.220370
8 0.914323 0.594444 0.147396 0.244444
