1 0.060417 0.603704 0.069792 0.111111
1 0.179688 0.579630 0.057292 0.118519
5 0.135417 0.770370 0.082292 0.055556
1 0.297396 0.545370 0.039583 0.079630
6 0.281771 0.644444 0.070833 0.055556
1 0.403646 0.554630 0.052083 0.112963
1 0.479167 0.513889 0.041667 0.081481
6 0.398438 0.718519 0.091667 0.088889
1 0.666667 0.538889 0.056250 0.144444
0 0.729688 0.473148 0.041667 0.105556
1 0.823438 0.517593 0.080208 0.142593
6 0.839063 0.677778 0.095833 0.125926
1 0.966667 0.510185 0.058333 0.131481
8 0.085677 0.661111 0.120313 0.212963
8 0.198177 0.636574 0.133854 0.232407
8 0.300260 0.581019 0.096354 0.150926
8 0.413281 0.622222 0.128646 0.248148
8 0.490104 0.554167 0.083333 0.152778
8 0.673438 0.610648 0.142708 0.252778
8 0.735417 0.517593 0.082292 0.179630
8 0.817187 0.585648 0.161458 0.273148
8 0.946094 0.582870 0.104688 0.278704
