0 0.135417 0.477778 0.062500 0.111111
5 0.091146 0.653704 0.114583 0.055556
0 0.254688 0.500000 0.056250 0.107407
4 0.207292 0.650926 0.044792 0.068519
0 0.389844 0.487963 0.054688 0.105556
3 0.319792 0.679630 0.030208 0.033333
0 0.439063 0.492593 0.033333 0.074074
7 0.602865 0.570370 0.064062 0.100000
7 0.709896 0.564815 0.050000 0.085185
7 0.810417 0.601852 0.055208 0.085185
7 0.754167 0.679630 0.070833 0.114815
8 0.135417 0.542130 0.147917 0.225000
8 0.249479 0.562500 0.128125 0.217593
8 0.387240 0.568519 0.120313 0.248148
8 0.449740 0.535648 0.068229 0.154630
9 0.601042 0.578704 0.105208 0.116667
9 0.699219 0.582407 0.085938 0.118519
9 0.743490 0.668056 0.158854 0.180556
9 0.815365 0.613426 0.105729 0.112037
