1 0.148438 0.630556 0.047917 0.077778
4 0.138021 0.703704 0.041667 0.044444
0 0.237240 0.593519 0.042188 0.087037
4 0.214844 0.705556 0.054688 0.059259
2 0.326042 0.582407 0.046875 0.087037
3 0.294271 0.725000 0.029167 0.031481
1 0.392969 0.612037 0.051562 0.094444
6 0.379688 0.718519 0.083333 0.051852
2 0.582292 0.590741 0.045833 0.077778
4 0.573438 0.703704 0.037500 0.044444
0 0.691667 0.568519 0.045833 0.087037
4 0.672396 0.683333 0.052083 0.062963
1 0.786719 0.593519 0.048438 0.090741
4 0.794271 0.690741 0.050000 0.048148
2 0.852344 0.634259 0.070312 0.131481
4 0.867188 0.818519 0.083333 0.062963
9 0.152865 0.655556 0.105729 0.127778
8 0.235417 0.641204 0.104167 0.175000
8 0.324740 0.630556 0.084896 0.168519
8 0.404687 0.653704 0.102083 0.166667
8 0.571875 0.641667 0.113542 0.162963
8 0.681250 0.625926 0.100000 0.185185
8 0.780990 0.632407 0.101562 0.168519
8 0.888542 0.711111 0.191667 0.268519
