0 0.094792 0.635185 0.075000 0.131481
3 0.044792 0.843519 0.052083 0.040741
7 0.201042 0.762963 0.070833 0.125926
0 0.242188 0.589815 0.042708 0.090741
0 0.351042 0.574074 0.042708 0.081481
3 0.322917 0.707407 0.026042 0.037037
0 0.485938 0.572222 0.041667 0.081481
1 0.510938 0.704630 0.055208 0.112963
4 0.538542 0.811111 0.033333 0.055556
0 0.607292 0.568519 0.043750 0.077778
3 0.611719 0.705556 0.026562 0.033333
0 0.703646 0.609259 0.055208 0.105556
3 0.696094 0.822222 0.032813 0.044444
1 0.840365 0.659259 0.060937 0.118519
5 0.884115 0.820833 0.098437 0.056481
8 0.104688 0.698611 0.132292 0.265741
8 0.246615 0.626852 0.097396 0.172222
8 0.344531 0.623148 0.098437 0.175926
8 0.489063 0.623148 0.094792 0.157407
8 0.604948 0.618519 0.105729 0.170370
9 0.533073 0.738426 0.134896 0.199074
8 0.708333 0.690278 0.132292 0.263889
8 0.853646 0.711574 0.132292 0.219444
9 0.220573 0.750463 0.149479 0.206481
