0 0.215365 0.577778 0.054688 0.103704
3 0.139063 0.764815 0.037500 0.040741
1 0.278125 0.568519 0.043750 0.087037
4 0.275521 0.634259 0.033333 0.037037
0 0.317188 0.580556 0.062500 0.120370
4 0.292969 0.737500 0.051562 0.093519
1 0.398438 0.555556 0.044792 0.096296
4 0.392969 0.646759 0.039062 0.069444
1 0.565365 0.580556 0.039062 0.068519
1 0.599740 0.619907 0.054688 0.119444
4 0.596094 0.770370 0.067187 0.075926
0 0.738542 0.566667 0.059375 0.111111
1 0.860417 0.636574 0.066667 0.119444
5 0.908594 0.803704 0.145313 0.066667
9 0.279167 0.600926 0.047917 0.137037
9 0.407031 0.595833 0.089063 0.167593
9 0.560417 0.615278 0.086458 0.136111
8 0.208333 0.646759 0.115625 0.236111
8 0.313542 0.656944 0.147917 0.256481
8 0.593490 0.676852 0.135937 0.238889
8 0.735938 0.655093 0.139583 0.276852
8 0.859115 0.687037 0.126562 0.211111
