7 0.088542 0.789815 0.076042 0.098148
3 0.048438 0.903704 0.053125 0.037037
0 0.250521 0.682407 0.060417 0.098148
0 0.242969 0.626852 0.039062 0.050000
5 0.190365 0.887963 0.119271 0.068519
0 0.346615 0.625000 0.042188 0.068519
3 0.327344 0.756481 0.020313 0.031481
5 0.356771 0.756481 0.037500 0.031481
0 0.477344 0.625000 0.042188 0.081481
0 0.597917 0.612963 0.044792 0.081481
3 0.613021 0.748148 0.025000 0.031481
1 0.519792 0.723148 0.056250 0.120370
4 0.533333 0.855556 0.042708 0.055556
0 0.697917 0.652778 0.048958 0.105556
3 0.696615 0.857407 0.035937 0.040741
1 0.838542 0.714815 0.060417 0.111111
5 0.892188 0.862037 0.101042 0.068519
8 0.855990 0.760185 0.124479 0.187037
8 0.709896 0.730556 0.122917 0.255556
8 0.598958 0.660648 0.083333 0.162037
8 0.530990 0.777315 0.135937 0.202778
8 0.489323 0.668519 0.075521 0.164815
8 0.347917 0.675000 0.083333 0.159259
8 0.254167 0.752778 0.122917 0.233333
9 0.112240 0.782870 0.147396 0.208333
