1 0.152865 0.655556 0.042188 0.081481
4 0.129688 0.718519 0.054167 0.040741
1 0.217188 0.627778 0.041667 0.092593
2 0.309375 0.616667 0.040625 0.077778
1 0.394792 0.625926 0.044792 0.081481
4 0.222917 0.718519 0.045833 0.044444
4 0.307292 0.725000 0.044792 0.044444
6 0.372917 0.728704 0.071875 0.042593
0 0.572917 0.628704 0.041667 0.079630
1 0.766146 0.615741 0.042708 0.090741
0 0.851042 0.674074 0.064583 0.131481
3 0.863021 0.855556 0.058333 0.040741
2 0.648438 0.635185 0.063542 0.118519
3 0.573438 0.730556 0.029167 0.033333
4 0.775521 0.700000 0.044792 0.055556
9 0.152344 0.677778 0.098437 0.125926
8 0.232813 0.662963 0.090625 0.153704
8 0.310417 0.662500 0.079167 0.152778
8 0.394792 0.666204 0.094792 0.145370
8 0.571094 0.712037 0.081771 0.242593
8 0.681771 0.709722 0.108333 0.263889
8 0.765365 0.649537 0.098437 0.158333
8 0.859115 0.730093 0.139063 0.237963
