1 0.151042 0.655556 0.043750 0.081481
4 0.127865 0.719444 0.054688 0.038889
7 0.228646 0.692593 0.060417 0.081481
7 0.304688 0.693519 0.050000 0.083333
7 0.392188 0.618519 0.043750 0.088889
6 0.381771 0.726852 0.078125 0.061111
1 0.566667 0.655556 0.038542 0.066667
4 0.566667 0.722222 0.048958 0.031481
7 0.769792 0.656481 0.051042 0.090741
7 0.876563 0.768519 0.085417 0.122222
1 0.688542 0.687037 0.057292 0.131481
4 0.694271 0.840741 0.083333 0.066667
9 0.230990 0.683333 0.097396 0.118519
9 0.311719 0.693981 0.085938 0.091667
9 0.559115 0.676852 0.099479 0.124074
9 0.767188 0.666204 0.093750 0.145370
9 0.863542 0.775926 0.159375 0.200000
9 0.151042 0.681944 0.102083 0.128704
8 0.395573 0.655556 0.096354 0.168519
8 0.686719 0.742593 0.158854 0.251852
3 0.860417 0.858796 0.057292 0.049074
