8 0.071094 0.248148 0.089063 0.131481
8 0.057292 0.188426 0.080208 0.099074
8 0.135417 0.146759 0.048958 0.069444
8 0.337240 0.143056 0.051562 0.089815
8 0.307292 0.175000 0.041667 0.094444
8 0.379167 0.140741 0.044792 0.064815
8 0.419792 0.156019 0.054167 0.082407
8 0.477865 0.161574 0.036979 0.106481
8 0.476042 0.219444 0.055208 0.125926
8 0.523698 0.189352 0.049479 0.102778
8 0.549740 0.143056 0.039062 0.076852
8 0.574219 0.206019 0.050521 0.071296
8 0.632292 0.229630 0.055208 0.105556
8 0.645312 0.368519 0.135417 0.179630
8 0.604167 0.333333 0.064583 0.131481
9 0.597917 0.288889 0.066667 0.098148
8 0.538021 0.355556 0.094792 0.175926
8 0.444792 0.350926 0.101042 0.187037
9 0.447917 0.273611 0.076042 0.115741
9 0.397396 0.229167 0.059375 0.087963
8 0.326042 0.305556 0.072917 0.148148
8 0.343490 0.247685 0.047396 0.130556
8 0.270573 0.243519 0.069271 0.124074
8 0.274740 0.344444 0.114062 0.175926
8 0.216146 0.304630 0.081250 0.148148
8 0.162240 0.335648 0.098437 0.180556
9 0.710417 0.179630 0.037500 0.057407
9 0.733594 0.193056 0.056771 0.073148
8 0.764844 0.218519 0.048438 0.096296
8 0.809896 0.218519 0.043750 0.088889
9 0.888542 0.201389 0.055208 0.073148
8 0.839844 0.293056 0.072396 0.119444
8 0.898438 0.332407 0.078125 0.161111
8 0.959896 0.366204 0.080208 0.202778
1 0.062240 0.222685 0.034896 0.080556
1 0.052344 0.168056 0.031771 0.062037
9 0.093490 0.168519 0.060937 0.103704
1 0.076563 0.147685 0.027083 0.067593
1 0.127865 0.142130 0.024479 0.054630
0 0.341667 0.130093 0.020833 0.050926
1 0.374740 0.131481 0.019271 0.051852
1 0.422396 0.143056 0.021875 0.056481
1 0.301042 0.159259 0.026042 0.055556
0 0.444271 0.111574 0.020833 0.043519
8 0.446094 0.130556 0.028646 0.083333
0 0.472396 0.131481 0.023958 0.046296
1 0.463542 0.193981 0.027083 0.069444
1 0.390625 0.218056 0.031250 0.062037
1 0.335417 0.218519 0.029167 0.066667
0 0.287240 0.218056 0.033854 0.065741
1 0.322917 0.280556 0.040625 0.085185
1 0.271094 0.309722 0.042188 0.093519
5 0.259115 0.419444 0.073438 0.027778
1 0.194792 0.280093 0.038542 0.091667
0 0.159896 0.293056 0.043750 0.091667
1 0.555469 0.130556 0.019271 0.051852
1 0.519792 0.168519 0.025000 0.059259
1 0.526042 0.266667 0.030208 0.081481
0 0.454688 0.296759 0.035417 0.080556
0 0.544792 0.315741 0.041667 0.094444
1 0.650521 0.336574 0.047917 0.106481
1 0.621875 0.312500 0.031250 0.080556
1 0.613542 0.273611 0.032292 0.069444
1 0.581771 0.199537 0.025000 0.056481
0 0.628646 0.206019 0.026042 0.062037
1 0.718750 0.168519 0.018750 0.042593
1 0.743490 0.183333 0.023438 0.051852
2 0.771615 0.193981 0.025521 0.052778
2 0.805990 0.202778 0.025521 0.053704
1 0.896615 0.193056 0.027604 0.050926
1 0.855469 0.270833 0.029687 0.073148
6 0.847917 0.342130 0.040625 0.028704
0 0.904687 0.292593 0.038542 0.075926
0 0.980990 0.311111 0.038021 0.094444
5 0.516146 0.443056 0.038542 0.036111
4 0.655990 0.431944 0.055729 0.039815
5 0.895833 0.416667 0.033333 0.025926
5 0.978906 0.468981 0.039062 0.028704
