0 0.192188 0.593519 0.066667 0.098148
3 0.139063 0.768519 0.035417 0.037037
1 0.279167 0.580556 0.040625 0.079630
4 0.277865 0.643519 0.035937 0.029630
0 0.338542 0.567593 0.054167 0.112963
0 0.401042 0.533333 0.041667 0.077778
1 0.568490 0.579630 0.032813 0.077778
1 0.601042 0.612963 0.058333 0.118519
4 0.594271 0.777778 0.066667 0.059259
1 0.754167 0.552778 0.043750 0.072222
1 0.804167 0.587963 0.064583 0.118519
4 0.814063 0.753704 0.057292 0.051852
0 0.970313 0.643519 0.050000 0.118519
9 0.554688 0.606481 0.077083 0.137037
8 0.190885 0.649074 0.132812 0.224074
8 0.290365 0.601852 0.072396 0.122222
8 0.339583 0.641204 0.131250 0.254630
8 0.409375 0.588426 0.084375 0.182407
8 0.595052 0.676852 0.138021 0.246296
8 0.742188 0.598611 0.079167 0.156481
8 0.801042 0.660648 0.138542 0.256481
8 0.941667 0.696759 0.115625 0.213889
