1 0.008854 0.378241 0.016667 0.054630
9 0.021354 0.381019 0.041667 0.071296
1 0.109896 0.422685 0.028125 0.054630
9 0.105990 0.429167 0.078646 0.082407
0 0.188021 0.343519 0.020833 0.042593
8 0.188542 0.378704 0.088542 0.107407
5 0.171615 0.425463 0.026562 0.019444
1 0.065104 0.347685 0.020833 0.045370
8 0.073698 0.355093 0.036979 0.063889
1 0.110937 0.349537 0.021875 0.043519
8 0.112240 0.356019 0.045312 0.054630
9 0.117188 0.388426 0.058333 0.056481
2 0.142969 0.316204 0.020313 0.043519
1 0.165365 0.343056 0.021354 0.036111
1 0.180208 0.314815 0.021875 0.040741
1 0.207552 0.313426 0.019271 0.036111
8 0.214844 0.312963 0.035937 0.044444
8 0.143490 0.322222 0.032813 0.055556
6 0.427865 0.493981 0.034896 0.039815
1 0.270313 0.412500 0.029167 0.056481
8 0.257292 0.428704 0.059375 0.096296
0 0.301563 0.417593 0.031250 0.055556
8 0.304688 0.454167 0.070833 0.121296
1 0.349740 0.356019 0.025521 0.054630
8 0.340365 0.379630 0.049479 0.107407
1 0.360938 0.406944 0.027083 0.062037
8 0.367188 0.428704 0.077083 0.101852
1 0.306771 0.347685 0.018750 0.045370
8 0.309115 0.356019 0.044271 0.065741
0 0.329948 0.313426 0.019271 0.037963
0 0.345313 0.297222 0.016667 0.037037
8 0.353646 0.308333 0.032292 0.055556
1 0.395313 0.356019 0.018750 0.037963
1 0.403646 0.365278 0.050000 0.058333
0 0.438021 0.368056 0.019792 0.049074
8 0.439844 0.391204 0.054688 0.091667
2 0.440365 0.426852 0.028646 0.064815
8 0.431771 0.454630 0.073958 0.129630
0 0.498177 0.417593 0.031771 0.066667
8 0.501563 0.454167 0.071875 0.134259
1 0.575781 0.421296 0.029687 0.066667
8 0.571615 0.456944 0.073438 0.137963
0 0.485677 0.314352 0.017188 0.041667
8 0.487240 0.331019 0.032813 0.069444
0 0.415365 0.287500 0.014063 0.030556
4 0.415365 0.318519 0.014063 0.031481
8 0.416667 0.305556 0.040625 0.070370
1 0.391667 0.296296 0.014583 0.035185
8 0.389844 0.299537 0.029687 0.043519
0 0.432292 0.285648 0.014583 0.030556
0 0.446094 0.307870 0.019271 0.041667
8 0.443490 0.328241 0.047396 0.076852
1 0.518490 0.305556 0.017188 0.037037
8 0.513542 0.312037 0.033333 0.055556
1 0.527865 0.332870 0.015104 0.037963
8 0.525000 0.342130 0.040625 0.062037
0 0.577344 0.342130 0.018229 0.041667
8 0.578646 0.355556 0.035417 0.072222
1 0.552865 0.382407 0.021354 0.055556
8 0.541667 0.393981 0.048958 0.089815
0 0.636719 0.312037 0.016146 0.038889
8 0.632292 0.322685 0.034375 0.056481
0 0.673958 0.318519 0.015625 0.038889
0 0.656510 0.321296 0.016146 0.037037
8 0.659896 0.341667 0.041667 0.068519
8 0.676042 0.325463 0.025000 0.050926
1 0.698177 0.335648 0.019271 0.041667
8 0.699740 0.343519 0.035937 0.059259
1 0.746094 0.318056 0.015104 0.036111
8 0.739323 0.328241 0.028646 0.056481
1 0.727865 0.360185 0.018229 0.031481
1 0.729167 0.393056 0.023958 0.049074
8 0.712240 0.412037 0.055729 0.081481
6 0.706771 0.440741 0.026042 0.024074
1 0.758594 0.390278 0.022396 0.049074
0 0.777344 0.404167 0.023438 0.045370
0 0.804688 0.369907 0.019792 0.047222
0 0.830990 0.368056 0.018229 0.037963
1 0.829167 0.420833 0.033333 0.069444
8 0.765365 0.431019 0.049479 0.106481
8 0.804167 0.390278 0.035417 0.084259
8 0.809115 0.457407 0.083854 0.148148
6 0.804688 0.518519 0.040625 0.037037
0 0.892969 0.468056 0.036979 0.073148
8 0.884115 0.512500 0.080729 0.156481
6 0.898438 0.568519 0.065625 0.050000
0 0.954427 0.451389 0.036979 0.075000
8 0.949740 0.493519 0.080729 0.170370
0 0.537240 0.287037 0.015104 0.031481
4 0.537240 0.300000 0.017188 0.020370
8 0.538542 0.300926 0.026042 0.055556
