8 0.068490 0.239352 0.086979 0.130556
8 0.094792 0.166667 0.051042 0.114815
8 0.135417 0.143519 0.055208 0.079630
8 0.380990 0.141667 0.043229 0.064815
8 0.305990 0.173611 0.040104 0.091667
8 0.340365 0.251852 0.048438 0.137037
8 0.292187 0.346296 0.112500 0.174074
8 0.166667 0.336574 0.097917 0.184259
8 0.420573 0.155556 0.053646 0.083333
9 0.395573 0.227315 0.058854 0.080556
8 0.450521 0.266204 0.078125 0.126852
8 0.442188 0.346296 0.104167 0.187037
5 0.514844 0.443056 0.040104 0.037963
8 0.568490 0.204167 0.044271 0.076852
8 0.526823 0.270833 0.071354 0.117593
8 0.539844 0.358333 0.094271 0.174074
8 0.630990 0.228704 0.057813 0.109259
8 0.634635 0.369444 0.100521 0.157407
9 0.710938 0.177778 0.037500 0.053704
9 0.729948 0.195370 0.055729 0.072222
9 0.792188 0.187963 0.040625 0.070370
8 0.764844 0.215278 0.048438 0.095370
8 0.816146 0.218519 0.055208 0.092593
8 0.884115 0.190741 0.043229 0.087037
8 0.837240 0.296759 0.073438 0.123148
8 0.904167 0.341667 0.083333 0.162963
8 0.960938 0.367130 0.078125 0.213889
8 0.551042 0.165741 0.043750 0.096296
8 0.034896 0.155556 0.042708 0.094444
8 0.330990 0.145370 0.043229 0.087037
8 0.477344 0.222685 0.051562 0.125000
8 0.214583 0.306944 0.072917 0.130556
8 0.513542 0.186111 0.052083 0.103704
8 0.326042 0.306019 0.084375 0.162037
0 0.058073 0.207870 0.033854 0.069444
2 0.041667 0.145370 0.029167 0.062963
2 0.084115 0.140278 0.027604 0.065741
1 0.127865 0.134722 0.025521 0.056481
0 0.328385 0.133796 0.023438 0.058333
0 0.299740 0.156019 0.026562 0.050926
0 0.334115 0.213889 0.028646 0.057407
0 0.292708 0.307870 0.040625 0.095370
4 0.273438 0.418056 0.028125 0.049074
1 0.202865 0.288426 0.041146 0.091667
0 0.159115 0.290278 0.041146 0.089815
1 0.379167 0.133796 0.020833 0.049074
1 0.423698 0.146759 0.022396 0.058333
1 0.387240 0.225000 0.030729 0.068519
1 0.467187 0.195833 0.027083 0.065741
1 0.532292 0.254167 0.031250 0.080556
0 0.505469 0.166204 0.025521 0.058333
0 0.443490 0.245833 0.032813 0.080556
0 0.434115 0.295370 0.042188 0.081481
0 0.465365 0.116204 0.020313 0.047222
8 0.455990 0.127315 0.042188 0.075000
0 0.483594 0.143519 0.023438 0.050000
0 0.568490 0.187500 0.022396 0.043519
0 0.632812 0.207407 0.028125 0.064815
0 0.549740 0.143981 0.023438 0.052778
1 0.541667 0.325463 0.042708 0.100926
1 0.636719 0.339815 0.045312 0.098148
1 0.716667 0.174074 0.018750 0.044444
1 0.744792 0.187037 0.022917 0.051852
1 0.797396 0.181481 0.026042 0.053704
1 0.766146 0.195370 0.023958 0.051852
1 0.892188 0.170833 0.025000 0.050926
2 0.854688 0.268519 0.035417 0.064815
2 0.904167 0.275463 0.030208 0.069444
0 0.823438 0.198148 0.023958 0.050000
0 0.920833 0.297222 0.037500 0.074074
0 0.981771 0.316204 0.035417 0.102778
2 0.273958 0.223148 0.035417 0.074074
