1 0.208333 0.439815 0.029167 0.061111
9 0.205990 0.455556 0.073438 0.094444
1 0.113281 0.410648 0.024479 0.050926
9 0.126042 0.418519 0.069792 0.068519
1 0.159896 0.390741 0.021875 0.046296
9 0.163542 0.393519 0.048958 0.050000
1 0.257292 0.403704 0.022917 0.042593
8 0.266667 0.426389 0.054167 0.086111
1 0.238542 0.350926 0.018750 0.038889
8 0.238542 0.355556 0.038542 0.059259
1 0.273438 0.354630 0.019792 0.037037
8 0.279167 0.366667 0.033333 0.062963
1 0.307292 0.340278 0.016667 0.032407
8 0.314063 0.347685 0.031250 0.056481
0 0.324219 0.447685 0.025521 0.056481
8 0.328125 0.480556 0.065625 0.124074
0 0.403646 0.455093 0.030208 0.054630
8 0.405990 0.485185 0.070312 0.118519
0 0.517969 0.441667 0.028646 0.057407
8 0.513542 0.480093 0.069792 0.134259
0 0.593490 0.443056 0.028646 0.062037
8 0.591667 0.481019 0.067708 0.134259
0 0.665365 0.456019 0.032813 0.063889
8 0.670573 0.490278 0.083854 0.132407
1 0.355990 0.431944 0.025521 0.063889
9 0.366667 0.448611 0.047917 0.093519
1 0.429167 0.430556 0.023958 0.061111
8 0.441667 0.455556 0.048958 0.107407
2 0.398438 0.393056 0.023958 0.041667
8 0.391146 0.412037 0.041667 0.081481
0 0.452865 0.391667 0.019271 0.037037
8 0.457292 0.418519 0.026042 0.090741
2 0.527865 0.403241 0.021354 0.045370
8 0.522396 0.423611 0.051042 0.087963
1 0.579688 0.411111 0.021875 0.044444
8 0.573438 0.430556 0.038542 0.085185
1 0.633594 0.418056 0.023438 0.050926
8 0.627344 0.431019 0.039062 0.076852
0 0.656771 0.378704 0.017708 0.038889
8 0.660417 0.393056 0.039583 0.071296
0 0.543490 0.368056 0.019271 0.045370
8 0.548438 0.389815 0.031250 0.083333
0 0.499740 0.368056 0.020313 0.037963
8 0.490365 0.390278 0.046354 0.075000
1 0.421094 0.355093 0.017188 0.039815
8 0.424740 0.365278 0.026562 0.060185
1 0.436198 0.343056 0.013021 0.032407
8 0.444271 0.352315 0.029167 0.047222
1 0.474740 0.331019 0.014063 0.032407
8 0.476042 0.336111 0.031250 0.044444
1 0.506771 0.339352 0.016667 0.037963
8 0.502865 0.346759 0.042188 0.056481
0 0.574740 0.349537 0.017188 0.037963
8 0.576823 0.362037 0.034896 0.068519
1 0.599740 0.330556 0.014063 0.035185
8 0.595313 0.343519 0.023958 0.055556
0 0.542188 0.343056 0.020833 0.039815
1 0.720052 0.347222 0.014063 0.033333
9 0.712240 0.360648 0.028646 0.062037
1 0.732292 0.354167 0.016667 0.036111
8 0.730990 0.366204 0.033854 0.060185
0 0.776563 0.351389 0.016667 0.036111
8 0.774740 0.355556 0.026562 0.051852
0 0.755469 0.368056 0.014063 0.036111
1 0.799219 0.368056 0.020313 0.043519
1 0.859375 0.348611 0.018750 0.041667
8 0.853646 0.356481 0.033333 0.059259
1 0.833594 0.390278 0.021354 0.041667
8 0.819792 0.403241 0.048958 0.067593
0 0.818490 0.410185 0.023438 0.044444
8 0.814063 0.435185 0.048958 0.092593
0 0.866667 0.415741 0.029167 0.048148
8 0.859115 0.430556 0.043229 0.081481
0 0.927865 0.411574 0.023438 0.043519
8 0.915365 0.430556 0.049479 0.083333
1 0.957292 0.418519 0.022917 0.046296
8 0.959115 0.431481 0.026562 0.075926
1 0.878385 0.460185 0.029687 0.061111
9 0.862500 0.478704 0.062500 0.098148
1 0.937240 0.464815 0.036979 0.072222
8 0.919792 0.497222 0.090625 0.131481
8 0.753125 0.382407 0.034375 0.070370
8 0.792188 0.381019 0.040625 0.071296
