1 0.138542 0.520370 0.059375 0.111111
6 0.101562 0.631481 0.112500 0.081481
1 0.267969 0.527778 0.051562 0.114815
4 0.244271 0.643519 0.046875 0.061111
2 0.369792 0.503704 0.061458 0.118519
3 0.330990 0.677778 0.029687 0.037037
0 0.435417 0.481481 0.039583 0.074074
0 0.621615 0.493519 0.042188 0.087037
0 0.726562 0.513889 0.037500 0.081481
0 0.798438 0.518519 0.037500 0.087037
0 0.762240 0.557407 0.054688 0.107407
5 0.750521 0.737037 0.091667 0.055556
8 0.151823 0.563426 0.133854 0.175000
8 0.272917 0.570370 0.116667 0.188889
8 0.394010 0.567593 0.154688 0.238889
8 0.449740 0.531019 0.074479 0.158333
8 0.605990 0.541204 0.101562 0.165741
8 0.704167 0.554167 0.096875 0.137963
8 0.746615 0.619907 0.145313 0.225000
8 0.813021 0.564352 0.063542 0.163889
