7 0.085938 0.792593 0.069792 0.103704
3 0.048438 0.901852 0.050000 0.037037
0 0.239063 0.694444 0.051042 0.109259
0 0.242448 0.630093 0.036979 0.063889
5 0.188542 0.882407 0.120833 0.066667
0 0.350000 0.625000 0.037500 0.068519
3 0.328125 0.759722 0.020833 0.030556
5 0.355469 0.755556 0.035937 0.025926
0 0.480729 0.621759 0.034375 0.076852
0 0.601302 0.613889 0.036979 0.079630
3 0.613542 0.746759 0.025000 0.030556
1 0.519792 0.720370 0.052083 0.109259
4 0.525521 0.847685 0.041667 0.069444
0 0.701042 0.650000 0.046875 0.100000
3 0.697396 0.862963 0.031250 0.037037
1 0.840625 0.716667 0.062500 0.114815
5 0.888542 0.864815 0.089583 0.062963
8 0.857292 0.757407 0.123958 0.183333
8 0.710938 0.730556 0.123958 0.253704
8 0.601042 0.656944 0.079167 0.163889
8 0.530990 0.778704 0.133854 0.205556
8 0.488021 0.668056 0.073958 0.162037
8 0.346615 0.674537 0.084896 0.163889
8 0.238542 0.764815 0.123958 0.227778
8 0.248438 0.675000 0.085417 0.144444
9 0.106510 0.787037 0.141146 0.205556
