0 0.179688 0.593519 0.066667 0.114815
3 0.139063 0.767593 0.037500 0.038889
1 0.276562 0.573148 0.037500 0.081481
4 0.274740 0.643519 0.029687 0.031481
0 0.319792 0.581481 0.060417 0.125926
4 0.291146 0.755556 0.057292 0.072222
1 0.401042 0.552778 0.043750 0.098148
4 0.392188 0.651852 0.033333 0.051852
1 0.576042 0.567593 0.032292 0.068519
1 0.597917 0.616667 0.051042 0.122222
4 0.597917 0.770370 0.054167 0.070370
0 0.746615 0.547222 0.039062 0.068519
2 0.789844 0.590741 0.064062 0.137037
1 0.894792 0.605556 0.064583 0.129630
4 0.810417 0.753704 0.062500 0.059259
6 0.914844 0.790741 0.145313 0.081481
8 0.179948 0.650926 0.138021 0.227778
8 0.271094 0.593981 0.064062 0.128704
8 0.319010 0.656944 0.134896 0.258333
8 0.595052 0.680556 0.138021 0.238889
8 0.761719 0.657870 0.132812 0.269444
8 0.879687 0.673148 0.123958 0.259259
9 0.407552 0.593519 0.088021 0.172222
9 0.565885 0.604630 0.093229 0.144444
