1 0.139063 0.518519 0.060417 0.111111
6 0.101042 0.630556 0.115625 0.085185
0 0.278646 0.505556 0.053125 0.109259
4 0.242188 0.649074 0.041667 0.064815
2 0.372396 0.505556 0.060417 0.118519
3 0.329688 0.677778 0.033333 0.037037
0 0.439063 0.485185 0.042708 0.081481
0 0.619271 0.494444 0.045833 0.081481
0 0.709115 0.514815 0.039062 0.074074
2 0.789062 0.520370 0.037500 0.074074
0 0.757812 0.560185 0.050000 0.112963
5 0.747917 0.737963 0.090625 0.055556
8 0.150521 0.558796 0.128125 0.182407
8 0.272396 0.568056 0.115625 0.217593
8 0.389323 0.568519 0.159896 0.242593
8 0.446875 0.528704 0.068750 0.151852
8 0.602083 0.542130 0.106250 0.165741
8 0.701042 0.556019 0.077083 0.147222
8 0.745313 0.624537 0.143750 0.237963
8 0.805469 0.565278 0.065104 0.165741
