8 0.068490 0.246759 0.084896 0.130556
8 0.030990 0.153704 0.055729 0.083333
8 0.088542 0.166667 0.059375 0.114815
8 0.134115 0.143056 0.057813 0.084259
8 0.334115 0.151389 0.049479 0.089815
8 0.382292 0.134259 0.044792 0.081481
8 0.307292 0.175000 0.038542 0.094444
8 0.263542 0.243056 0.065625 0.139815
8 0.341667 0.252315 0.060417 0.141667
8 0.316146 0.311111 0.086458 0.144444
9 0.263542 0.366204 0.127083 0.137963
8 0.212240 0.298148 0.080729 0.144444
8 0.140365 0.341667 0.130729 0.187037
8 0.418750 0.155556 0.056250 0.085185
8 0.451042 0.130556 0.030208 0.075926
8 0.474740 0.218056 0.041146 0.115741
9 0.396615 0.226389 0.060937 0.087963
8 0.451042 0.260185 0.082292 0.131481
8 0.476042 0.366667 0.117708 0.146296
5 0.398438 0.431019 0.062500 0.034259
5 0.514844 0.443056 0.040104 0.037963
8 0.521615 0.186111 0.048438 0.105556
8 0.569792 0.203241 0.050000 0.084259
8 0.525521 0.255556 0.066667 0.144444
8 0.548438 0.350926 0.092708 0.188889
8 0.646094 0.230093 0.059896 0.117593
8 0.597917 0.281019 0.057292 0.097222
8 0.636719 0.378704 0.101562 0.151852
9 0.709115 0.179167 0.039062 0.058333
9 0.732292 0.193056 0.060417 0.084259
8 0.793490 0.180556 0.040104 0.077778
8 0.764844 0.218056 0.053646 0.097222
8 0.816146 0.218056 0.055208 0.093519
8 0.884896 0.189815 0.043750 0.090741
8 0.865365 0.245833 0.040104 0.093519
8 0.836719 0.293519 0.065104 0.127778
8 0.905990 0.342593 0.084896 0.164815
8 0.962500 0.381019 0.075000 0.191667
1 0.064323 0.226389 0.030729 0.073148
2 0.036719 0.143056 0.029687 0.058333
2 0.076563 0.142130 0.030208 0.065741
1 0.127865 0.131019 0.026562 0.058333
2 0.382552 0.123148 0.022396 0.050000
0 0.337240 0.130556 0.021354 0.048148
0 0.301563 0.157407 0.025000 0.055556
0 0.338542 0.207407 0.029167 0.055556
0 0.270313 0.209259 0.033333 0.068519
1 0.317188 0.297222 0.040625 0.081481
1 0.213542 0.276389 0.037500 0.089815
0 0.140365 0.297685 0.050521 0.093519
1 0.252344 0.351852 0.048438 0.100000
1 0.421094 0.143519 0.024479 0.057407
1 0.393750 0.218519 0.031250 0.066667
0 0.451042 0.118519 0.021875 0.050000
0 0.474740 0.134722 0.023438 0.043519
0 0.470573 0.192593 0.028646 0.057407
1 0.450000 0.238889 0.034375 0.075926
1 0.526042 0.230556 0.031250 0.079630
2 0.505990 0.342130 0.053646 0.091667
0 0.554167 0.306019 0.041667 0.099074
0 0.518490 0.162500 0.024479 0.056481
0 0.534115 0.135185 0.021354 0.044444
8 0.545573 0.151852 0.041146 0.075926
0 0.569792 0.190741 0.025000 0.050000
1 0.639323 0.353241 0.046354 0.095370
1 0.609115 0.272222 0.035937 0.068519
0 0.649740 0.205556 0.028646 0.068519
1 0.716667 0.171759 0.020833 0.043519
1 0.746094 0.180556 0.026562 0.053704
1 0.787240 0.168056 0.026562 0.054630
0 0.769792 0.194907 0.023958 0.050926
1 0.823438 0.198148 0.025000 0.055556
1 0.892969 0.168519 0.026562 0.055556
1 0.863542 0.231019 0.026042 0.062037
0 0.838542 0.267130 0.029167 0.065741
0 0.912240 0.297685 0.039062 0.080556
1 0.971875 0.297685 0.043750 0.093519
