1 0.152865 0.655556 0.035937 0.077778
1 0.226042 0.631481 0.037500 0.079630
7 0.307292 0.692593 0.046875 0.081481
4 0.128646 0.717593 0.039583 0.046296
1 0.405469 0.615741 0.039062 0.087037
0 0.564063 0.643519 0.034375 0.079630
4 0.563542 0.718519 0.035417 0.044444
7 0.769271 0.678704 0.062500 0.094444
0 0.851042 0.674537 0.059375 0.130556
1 0.689063 0.677778 0.055208 0.125926
4 0.690365 0.830556 0.070312 0.070370
3 0.860938 0.856481 0.054167 0.040741
6 0.374219 0.719444 0.079687 0.051852
9 0.233073 0.667130 0.099479 0.132407
9 0.313542 0.693056 0.085417 0.076852
9 0.764323 0.665278 0.091146 0.126852
9 0.152344 0.677778 0.096354 0.122222
8 0.404687 0.658796 0.094792 0.162037
8 0.555990 0.716204 0.101562 0.225000
8 0.685417 0.736111 0.155208 0.253704
8 0.860938 0.743519 0.152083 0.255556
