8 0.068490 0.243056 0.085938 0.130556
9 0.137240 0.147222 0.053646 0.068519
8 0.382292 0.136111 0.039583 0.068519
8 0.307292 0.169444 0.040625 0.087037
8 0.272917 0.249074 0.079167 0.118519
8 0.338542 0.250463 0.059375 0.137963
8 0.273438 0.343519 0.112500 0.175926
8 0.165365 0.334259 0.096354 0.181481
8 0.421615 0.155556 0.050521 0.083333
8 0.400000 0.218519 0.065625 0.103704
8 0.446615 0.264815 0.072396 0.135185
8 0.444792 0.347685 0.098958 0.180556
5 0.514844 0.443056 0.040104 0.037963
8 0.568490 0.205556 0.051562 0.077778
8 0.534115 0.353241 0.092188 0.193519
8 0.630990 0.228704 0.057813 0.109259
8 0.651042 0.365278 0.130208 0.189815
9 0.710938 0.177778 0.037500 0.053704
9 0.732292 0.193056 0.056250 0.086111
8 0.765365 0.217130 0.050521 0.089815
8 0.816667 0.215741 0.055208 0.088889
8 0.884115 0.189815 0.042188 0.088889
8 0.838542 0.293981 0.066667 0.123148
8 0.913542 0.342593 0.100000 0.150000
8 0.959375 0.369444 0.081250 0.212963
8 0.343490 0.143056 0.066146 0.091667
8 0.476823 0.221296 0.056771 0.124074
9 0.212240 0.318519 0.067187 0.122222
8 0.518490 0.184259 0.049479 0.100000
5 0.255990 0.418519 0.073438 0.033333
9 0.311719 0.318519 0.060937 0.151852
9 0.596615 0.291204 0.064062 0.093519
1 0.062240 0.218056 0.032813 0.076852
1 0.063542 0.160185 0.032292 0.068519
1 0.036198 0.156019 0.030729 0.063889
1 0.124740 0.143519 0.026562 0.059259
2 0.348438 0.127778 0.025000 0.053704
1 0.376823 0.129167 0.021354 0.052778
0 0.299740 0.156019 0.025521 0.056481
0 0.337240 0.208333 0.029687 0.062963
7 0.309115 0.307407 0.039062 0.083333
0 0.274740 0.299537 0.042188 0.082407
1 0.196615 0.300463 0.039062 0.080556
0 0.160417 0.293519 0.041667 0.092593
0 0.294792 0.222685 0.032292 0.069444
1 0.276042 0.192593 0.028125 0.062963
1 0.423438 0.147222 0.022917 0.055556
1 0.402865 0.205556 0.031771 0.066667
1 0.463542 0.193519 0.027083 0.068519
0 0.465365 0.137963 0.024479 0.050000
0 0.442969 0.233333 0.032813 0.074074
0 0.455990 0.295833 0.040104 0.080556
0 0.535417 0.294907 0.043750 0.086111
0 0.516146 0.162963 0.027083 0.055556
0 0.559115 0.142593 0.022396 0.051852
8 0.554688 0.164815 0.042708 0.096296
2 0.569792 0.193981 0.025000 0.049074
0 0.632292 0.205556 0.027083 0.064815
0 0.644792 0.317130 0.047917 0.095370
1 0.717448 0.172685 0.019271 0.043519
1 0.745313 0.177778 0.026042 0.053704
2 0.776042 0.194444 0.023958 0.050000
2 0.814063 0.198148 0.025000 0.055556
1 0.797396 0.181019 0.023958 0.056481
1 0.892969 0.168981 0.026562 0.050926
1 0.851042 0.269444 0.031250 0.070370
1 0.909115 0.265278 0.038021 0.075000
8 0.899740 0.283796 0.056771 0.119444
6 0.844271 0.332407 0.042708 0.038889
2 0.939844 0.306019 0.045312 0.082407
0 0.978646 0.312500 0.042708 0.093519
