7 0.113542 0.761111 0.068750 0.118519
3 0.059115 0.836111 0.034896 0.044444
1 0.229167 0.602778 0.045833 0.079630
4 0.210938 0.680556 0.036458 0.040741
7 0.243490 0.741667 0.067187 0.116667
1 0.348438 0.603704 0.045833 0.088889
4 0.338542 0.684259 0.031250 0.055556
1 0.523438 0.622222 0.043750 0.081481
3 0.529167 0.705556 0.035417 0.025926
1 0.628646 0.617593 0.043750 0.087037
6 0.622917 0.698148 0.059375 0.055556
0 0.752865 0.598148 0.054688 0.118519
3 0.751563 0.825926 0.037500 0.037037
0 0.875521 0.619444 0.058333 0.101852
5 0.939844 0.843519 0.117188 0.061111
3 0.227865 0.840741 0.035937 0.029630
8 0.236198 0.629630 0.111979 0.135185
8 0.352604 0.638426 0.092708 0.154630
8 0.518490 0.643519 0.113021 0.116667
8 0.624740 0.641667 0.105729 0.129630
8 0.731771 0.681944 0.171875 0.278704
8 0.876823 0.702778 0.125521 0.250000
9 0.105469 0.733796 0.164062 0.186111
9 0.255729 0.746296 0.143750 0.201852
