1 0.123438 0.505556 0.055208 0.111111
6 0.089063 0.637963 0.106250 0.068519
0 0.252865 0.507407 0.054688 0.107407
4 0.207813 0.654630 0.041667 0.061111
0 0.391146 0.489815 0.052083 0.087037
5 0.335938 0.686111 0.095833 0.055556
0 0.440365 0.491667 0.039062 0.075926
1 0.601042 0.501852 0.041667 0.085185
4 0.594271 0.600000 0.029167 0.044444
1 0.688021 0.536111 0.041667 0.072222
0 0.785417 0.509259 0.043750 0.081481
1 0.751042 0.599074 0.057292 0.118519
5 0.744271 0.740741 0.095833 0.051852
8 0.140365 0.556944 0.119271 0.200926
8 0.252083 0.568056 0.121875 0.213889
8 0.383594 0.564815 0.119271 0.248148
8 0.450521 0.532870 0.066667 0.150926
8 0.591667 0.543056 0.092708 0.165741
8 0.796094 0.560185 0.076563 0.174074
9 0.690365 0.566204 0.091146 0.128704
9 0.743750 0.646759 0.138542 0.191667
