7 0.084115 0.737963 0.073438 0.124074
3 0.046615 0.843519 0.057813 0.044444
0 0.233594 0.580556 0.039062 0.075926
0 0.239063 0.652778 0.062500 0.116667
0 0.344792 0.577778 0.044792 0.074074
3 0.325000 0.716667 0.028125 0.029630
0 0.482292 0.574537 0.039583 0.082407
0 0.600521 0.569444 0.041667 0.092593
3 0.613542 0.701852 0.025000 0.037037
1 0.526563 0.689815 0.054167 0.116667
4 0.534896 0.807407 0.050000 0.061111
0 0.704688 0.607407 0.054167 0.101852
3 0.698438 0.819444 0.031250 0.037037
1 0.839063 0.676389 0.062500 0.119444
5 0.882292 0.821296 0.100000 0.062963
5 0.185938 0.834722 0.122917 0.069444
9 0.104688 0.737037 0.144792 0.207407
8 0.230990 0.718056 0.138021 0.234259
8 0.246875 0.628704 0.093750 0.161111
8 0.344010 0.624074 0.088021 0.168519
8 0.485417 0.616667 0.101042 0.168519
8 0.532292 0.731481 0.139583 0.211111
8 0.604167 0.616667 0.097917 0.177778
8 0.710417 0.692593 0.132292 0.266667
8 0.854167 0.724074 0.130208 0.205556
