1 0.154167 0.651852 0.043750 0.088889
4 0.129688 0.718519 0.048958 0.044444
1 0.218490 0.622222 0.042188 0.081481
4 0.222917 0.719444 0.041667 0.042593
2 0.310417 0.618519 0.037500 0.079630
4 0.306771 0.727778 0.037500 0.048148
1 0.394271 0.625926 0.041667 0.081481
6 0.372396 0.725000 0.068750 0.044444
0 0.574219 0.624074 0.039062 0.077778
3 0.571615 0.727778 0.032813 0.033333
1 0.762240 0.612037 0.045312 0.083333
4 0.775521 0.705556 0.048958 0.051852
0 0.851042 0.675000 0.061458 0.131481
3 0.857292 0.855556 0.061458 0.040741
2 0.651042 0.629630 0.056250 0.111111
9 0.151042 0.676389 0.094792 0.126852
8 0.229167 0.662500 0.101042 0.156481
8 0.310417 0.662500 0.079167 0.158333
8 0.396875 0.663426 0.092708 0.149074
8 0.569271 0.714815 0.079167 0.233333
8 0.679167 0.706019 0.112500 0.263889
8 0.764844 0.649074 0.098437 0.153704
8 0.857292 0.730556 0.135417 0.233333
