7 0.113542 0.768519 0.079167 0.129630
3 0.057813 0.834722 0.038542 0.043519
0 0.233594 0.600926 0.042188 0.087037
4 0.215625 0.680556 0.043750 0.042593
7 0.242188 0.739815 0.063542 0.127778
1 0.351042 0.593056 0.048958 0.093519
4 0.335938 0.681481 0.039583 0.055556
1 0.521615 0.623611 0.039062 0.080556
3 0.528646 0.699537 0.031250 0.030556
1 0.631771 0.614815 0.044792 0.088889
6 0.631771 0.693519 0.079167 0.057407
1 0.754167 0.593519 0.058333 0.109259
3 0.751563 0.819907 0.037500 0.043519
0 0.869792 0.618519 0.055208 0.101852
5 0.938021 0.843519 0.116667 0.062963
8 0.222396 0.627778 0.089583 0.148148
8 0.354167 0.631481 0.097917 0.168519
8 0.514844 0.643056 0.105729 0.145370
8 0.625521 0.643519 0.102083 0.144444
8 0.735938 0.686111 0.181250 0.268519
8 0.877865 0.698611 0.130729 0.269444
9 0.108594 0.731019 0.164062 0.202778
9 0.261198 0.746296 0.144271 0.205556
