7 0.117188 0.755556 0.070833 0.122222
3 0.060417 0.837500 0.037500 0.043519
1 0.231771 0.605556 0.042708 0.092593
4 0.213542 0.691667 0.038542 0.042593
7 0.242188 0.734722 0.068750 0.119444
1 0.348438 0.603704 0.046875 0.096296
4 0.335938 0.688426 0.036458 0.056481
1 0.523438 0.622685 0.038542 0.082407
4 0.529167 0.704630 0.033333 0.027778
1 0.626563 0.618519 0.044792 0.077778
6 0.626563 0.695370 0.062500 0.051852
0 0.754167 0.600463 0.058333 0.106481
3 0.754687 0.827778 0.038542 0.040741
0 0.875521 0.618519 0.057292 0.101852
5 0.941667 0.846759 0.116667 0.069444
3 0.229167 0.842593 0.033333 0.033333
8 0.230990 0.630093 0.093229 0.139815
8 0.354427 0.634722 0.089063 0.167593
8 0.517188 0.643519 0.108333 0.131481
8 0.627865 0.640741 0.107813 0.144444
8 0.730990 0.685648 0.168229 0.280556
8 0.878646 0.702778 0.122917 0.235185
9 0.110417 0.733333 0.166667 0.190741
9 0.258073 0.743519 0.145313 0.203704
