1 0.050521 0.618519 0.062500 0.111111
1 0.167969 0.604630 0.054688 0.112963
5 0.163542 0.768519 0.117708 0.037037
1 0.085938 0.568519 0.045833 0.048148
1 0.303646 0.543519 0.043750 0.072222
6 0.287240 0.642593 0.070312 0.048148
2 0.460938 0.568519 0.062500 0.118519
4 0.383594 0.718519 0.067187 0.059259
5 0.375521 0.768519 0.075000 0.022222
0 0.491146 0.498148 0.031250 0.068519
1 0.657813 0.497222 0.025000 0.055556
1 0.748177 0.479630 0.044271 0.085185
4 0.764844 0.570833 0.045312 0.056481
1 0.689063 0.527778 0.043750 0.133333
1 0.839063 0.466667 0.043750 0.088889
0 0.918229 0.481481 0.061458 0.133333
5 0.959896 0.705556 0.076042 0.070370
1 0.957292 0.443519 0.030208 0.072222
8 0.078646 0.667130 0.127083 0.180556
8 0.187240 0.650926 0.129688 0.198148
8 0.108594 0.600463 0.078646 0.087963
8 0.311458 0.578704 0.090625 0.138889
8 0.426563 0.631481 0.141667 0.238889
8 0.505469 0.548611 0.063021 0.169444
8 0.683333 0.598148 0.138542 0.270370
8 0.644792 0.540741 0.053125 0.135185
8 0.752865 0.518519 0.083854 0.161111
8 0.839844 0.505556 0.089063 0.162963
8 0.914062 0.558333 0.171875 0.300000
8 0.966667 0.490741 0.064583 0.146296
