7 0.115625 0.755556 0.071875 0.118519
3 0.056250 0.830556 0.037500 0.048148
0 0.232292 0.600926 0.044792 0.087037
4 0.207813 0.680556 0.039583 0.051852
7 0.244792 0.736574 0.068750 0.130556
1 0.348438 0.597685 0.046875 0.080556
4 0.335938 0.686574 0.037500 0.056481
1 0.524740 0.618519 0.042188 0.081481
3 0.529167 0.704630 0.037500 0.031481
1 0.633594 0.616667 0.042188 0.085185
4 0.632292 0.701852 0.075000 0.051852
0 0.751563 0.594444 0.058333 0.112963
3 0.751042 0.827778 0.034375 0.048148
0 0.875000 0.623611 0.056250 0.100926
5 0.937240 0.843519 0.120313 0.061111
9 0.107292 0.732407 0.153125 0.194444
9 0.258594 0.743981 0.145313 0.200926
8 0.224740 0.627778 0.089063 0.135185
8 0.348438 0.631944 0.098958 0.167593
8 0.519792 0.645833 0.115625 0.130556
8 0.627344 0.640741 0.100521 0.148148
8 0.732292 0.682407 0.179167 0.281481
8 0.880990 0.697222 0.136979 0.264815
