1 0.085938 0.487963 0.062500 0.118519
5 0.079167 0.599074 0.104167 0.072222
1 0.240365 0.502778 0.057813 0.109259
4 0.223438 0.614815 0.048958 0.066667
0 0.376042 0.453704 0.057292 0.107407
4 0.310417 0.627778 0.037500 0.051852
0 0.410938 0.455556 0.029167 0.066667
0 0.597917 0.462037 0.040625 0.081481
0 0.684115 0.479630 0.035937 0.074074
0 0.773438 0.488889 0.036458 0.074074
0 0.738542 0.510185 0.056250 0.105556
5 0.722917 0.693519 0.091667 0.050000
9 0.117188 0.526852 0.137500 0.183333
8 0.250000 0.543981 0.116667 0.184259
8 0.374219 0.532407 0.153646 0.250000
8 0.431771 0.500463 0.073958 0.165741
8 0.585417 0.508796 0.101042 0.160185
8 0.679948 0.522685 0.081771 0.149074
8 0.726302 0.581019 0.138021 0.226852
8 0.780469 0.530556 0.060937 0.157407
