0 0.094792 0.630556 0.072917 0.142593
3 0.044792 0.850926 0.058333 0.038889
0 0.242188 0.587037 0.043750 0.081481
7 0.196875 0.768519 0.075000 0.124074
0 0.346094 0.574074 0.042188 0.068519
3 0.322917 0.715741 0.028125 0.024074
0 0.490365 0.568519 0.045312 0.088889
0 0.607292 0.572222 0.044792 0.081481
3 0.613021 0.703704 0.025000 0.029630
0 0.701042 0.607407 0.054167 0.111111
3 0.694271 0.822222 0.033333 0.044444
1 0.509896 0.702778 0.066667 0.124074
4 0.538021 0.807407 0.042708 0.051852
1 0.841667 0.655556 0.058333 0.125926
5 0.882292 0.823148 0.102083 0.055556
9 0.214062 0.749074 0.140625 0.205556
8 0.104948 0.698148 0.131771 0.255556
8 0.246615 0.630556 0.090104 0.161111
8 0.346354 0.626389 0.092708 0.175000
8 0.488281 0.614352 0.097396 0.165741
9 0.532813 0.736574 0.139583 0.208333
8 0.607292 0.617593 0.101042 0.181481
8 0.707292 0.689815 0.130208 0.266667
8 0.854688 0.709722 0.134375 0.219444
