8 0.063542 0.236111 0.087500 0.131481
8 0.094792 0.156019 0.051042 0.113889
9 0.136719 0.153241 0.048438 0.075000
8 0.168490 0.330556 0.104688 0.175926
8 0.277344 0.355556 0.114062 0.155556
9 0.249219 0.254167 0.070312 0.104630
9 0.315365 0.305556 0.082812 0.146296
8 0.346615 0.243519 0.065104 0.138889
8 0.307292 0.174537 0.045833 0.093519
8 0.377865 0.135648 0.042188 0.069444
8 0.397396 0.205556 0.062500 0.109259
8 0.423698 0.155556 0.046354 0.083333
8 0.444792 0.128704 0.029167 0.077778
8 0.463542 0.218519 0.066667 0.125926
9 0.447917 0.279630 0.071875 0.100000
8 0.446615 0.351389 0.091146 0.186111
8 0.535417 0.343981 0.093750 0.187963
9 0.519792 0.180556 0.047917 0.100000
8 0.565365 0.156019 0.054688 0.099074
8 0.559115 0.205556 0.044271 0.083333
8 0.640365 0.230556 0.053646 0.096296
9 0.597396 0.287037 0.066667 0.094444
8 0.638542 0.373148 0.133333 0.168519
4 0.643490 0.431019 0.051562 0.039815
9 0.733594 0.192130 0.056771 0.082407
9 0.798698 0.184722 0.036979 0.069444
8 0.763542 0.215741 0.053125 0.094444
8 0.815365 0.218519 0.053646 0.083333
8 0.885938 0.202778 0.048958 0.070370
8 0.846615 0.243519 0.077604 0.094444
8 0.832292 0.301389 0.077083 0.123148
8 0.899219 0.343519 0.082812 0.150000
8 0.952865 0.290278 0.040104 0.112037
5 0.259115 0.427315 0.071354 0.034259
5 0.515365 0.443519 0.036979 0.033333
5 0.979167 0.468056 0.041667 0.032407
1 0.060417 0.205556 0.033333 0.074074
1 0.084115 0.130556 0.028646 0.062963
1 0.124740 0.143056 0.024479 0.054630
0 0.188021 0.287037 0.041667 0.081481
1 0.267188 0.322222 0.044792 0.094444
1 0.264323 0.240741 0.033854 0.074074
1 0.301042 0.293519 0.035417 0.081481
0 0.341667 0.206019 0.032292 0.060185
0 0.305990 0.155556 0.026562 0.057407
1 0.337240 0.124074 0.020313 0.048148
8 0.341667 0.131481 0.030208 0.075926
1 0.376563 0.131019 0.018750 0.050926
2 0.401042 0.188889 0.030208 0.061111
1 0.424740 0.145833 0.023438 0.056481
0 0.441146 0.115278 0.020833 0.047222
0 0.460417 0.189815 0.029167 0.061111
1 0.439844 0.262037 0.031771 0.068519
0 0.454688 0.304630 0.038542 0.090741
0 0.524740 0.161574 0.023438 0.056481
0 0.566667 0.132407 0.023958 0.050000
1 0.564063 0.192593 0.023958 0.046296
1 0.642188 0.217593 0.028125 0.064815
1 0.643490 0.342130 0.046354 0.102778
1 0.744792 0.178241 0.023958 0.052778
1 0.771615 0.193056 0.023438 0.050926
1 0.803646 0.180556 0.026042 0.051852
1 0.822396 0.204167 0.023958 0.050926
1 0.854688 0.225926 0.025000 0.050000
1 0.854688 0.274537 0.030208 0.069444
6 0.843490 0.341204 0.044271 0.028704
1 0.894792 0.193519 0.028125 0.050000
0 0.916667 0.305556 0.038542 0.077778
0 0.949740 0.265741 0.029687 0.059259
8 0.959115 0.368519 0.081771 0.201852
0 0.984896 0.312500 0.029167 0.093519
0 0.533594 0.297685 0.039062 0.093519
