1 0.151042 0.655556 0.045833 0.081481
4 0.124219 0.718519 0.051562 0.040741
7 0.229167 0.698611 0.056250 0.093519
7 0.306771 0.685648 0.054167 0.093519
1 0.394271 0.618519 0.045833 0.081481
6 0.375521 0.719444 0.073958 0.066667
1 0.569792 0.656481 0.042708 0.074074
4 0.564063 0.718519 0.035417 0.042593
1 0.756771 0.618519 0.044792 0.081481
4 0.763542 0.695370 0.051042 0.048148
1 0.689063 0.690741 0.062500 0.137037
4 0.694792 0.835648 0.079167 0.069444
7 0.876563 0.771296 0.085417 0.125926
9 0.148438 0.681019 0.096875 0.136111
8 0.400000 0.656481 0.086458 0.161111
8 0.687240 0.743519 0.163021 0.250000
8 0.757292 0.654167 0.089583 0.158333
9 0.232813 0.680556 0.100000 0.109259
9 0.312240 0.691204 0.088021 0.095370
9 0.557552 0.680556 0.103646 0.120370
9 0.861719 0.770370 0.151562 0.196296
