0 0.963542 0.446759 0.038542 0.069444
8 0.954688 0.493519 0.085417 0.168519
0 0.896615 0.468056 0.034896 0.076852
8 0.883594 0.510185 0.082812 0.155556
6 0.894271 0.566204 0.058333 0.056481
1 0.828646 0.422685 0.031250 0.069444
8 0.814844 0.457407 0.081771 0.137037
6 0.812240 0.518981 0.048438 0.030556
1 0.871615 0.443519 0.027604 0.055556
0 0.760156 0.397685 0.025521 0.054630
8 0.754167 0.429167 0.052083 0.115741
0 0.802865 0.368056 0.023438 0.041667
8 0.798438 0.386111 0.040625 0.081481
0 0.832292 0.368981 0.018750 0.037963
8 0.841667 0.393519 0.034375 0.083333
1 0.727865 0.392130 0.022396 0.049074
8 0.713542 0.410185 0.055208 0.081481
6 0.704948 0.437500 0.022396 0.019444
1 0.745573 0.316667 0.016146 0.037037
8 0.738542 0.326389 0.030208 0.056481
1 0.701823 0.339352 0.018229 0.034259
0 0.654167 0.330556 0.014583 0.031481
8 0.659115 0.344907 0.042188 0.062037
8 0.699740 0.348148 0.036979 0.055556
0 0.672656 0.313889 0.017188 0.037037
0 0.636458 0.309259 0.015625 0.038889
8 0.632292 0.319907 0.035417 0.058333
8 0.674219 0.319444 0.029687 0.051852
1 0.009115 0.373148 0.017188 0.044444
9 0.020573 0.379167 0.040104 0.063889
1 0.110417 0.416204 0.029167 0.054630
8 0.105990 0.426852 0.077604 0.087037
1 0.164844 0.368519 0.025521 0.046296
8 0.172917 0.386574 0.051042 0.080556
5 0.170313 0.425000 0.027083 0.018519
0 0.072656 0.336111 0.020313 0.046296
8 0.073438 0.347685 0.037500 0.069444
1 0.104167 0.356019 0.020833 0.036111
1 0.174219 0.309259 0.020313 0.044444
8 0.182292 0.327778 0.041667 0.077778
2 0.149740 0.305556 0.019271 0.042593
8 0.141667 0.319907 0.038542 0.069444
1 0.210417 0.314815 0.017708 0.037037
9 0.213542 0.316204 0.034375 0.039815
1 0.571875 0.421296 0.031250 0.066667
8 0.570052 0.453704 0.072396 0.131481
6 0.427344 0.495370 0.039062 0.038889
0 0.489063 0.418056 0.029167 0.060185
8 0.499740 0.453241 0.072396 0.132407
2 0.434115 0.428241 0.029687 0.062037
8 0.426563 0.456944 0.078125 0.130556
1 0.360417 0.412500 0.030208 0.067593
8 0.366667 0.428241 0.076042 0.099074
0 0.302344 0.418519 0.029687 0.059259
8 0.302865 0.452315 0.071354 0.123148
1 0.270573 0.412037 0.029687 0.062963
8 0.257292 0.423611 0.057292 0.093519
0 0.349740 0.353241 0.027604 0.054630
8 0.341667 0.370370 0.042708 0.098148
1 0.307031 0.345833 0.021354 0.045370
8 0.307292 0.355093 0.045833 0.065741
0 0.330990 0.314815 0.019271 0.037037
0 0.344271 0.296296 0.015625 0.038889
8 0.351042 0.305556 0.031250 0.059259
1 0.392188 0.293519 0.014583 0.031481
8 0.389323 0.297222 0.030729 0.044444
1 0.413021 0.305556 0.017708 0.042593
8 0.412240 0.311574 0.038021 0.045370
1 0.443229 0.309259 0.019792 0.044444
8 0.442188 0.318056 0.042708 0.063889
0 0.482292 0.311574 0.017708 0.041667
8 0.484115 0.329630 0.033854 0.072222
1 0.494792 0.384259 0.020833 0.044444
1 0.551042 0.381019 0.023958 0.052778
8 0.542448 0.393056 0.047396 0.076852
0 0.576042 0.342593 0.020833 0.044444
8 0.577865 0.355556 0.034896 0.074074
0 0.436719 0.362500 0.022396 0.043519
8 0.438542 0.384722 0.048958 0.093519
1 0.396094 0.360185 0.022396 0.044444
1 0.526823 0.331019 0.015104 0.032407
8 0.527344 0.338889 0.032813 0.050000
1 0.518490 0.302778 0.016146 0.037037
8 0.512240 0.311111 0.034896 0.055556
0 0.537240 0.285185 0.014063 0.031481
8 0.538542 0.295833 0.026042 0.054630
8 0.330469 0.326389 0.026562 0.069444
9 0.401042 0.365278 0.046875 0.054630
