0 0.090365 0.552778 0.039062 0.075926
0 0.054688 0.599074 0.057292 0.105556
0 0.180469 0.566667 0.057813 0.111111
6 0.149740 0.758333 0.092188 0.072222
0 0.297396 0.539815 0.043750 0.079630
6 0.282292 0.642593 0.063542 0.062963
0 0.390365 0.581481 0.060937 0.125926
4 0.376042 0.727778 0.051042 0.044444
5 0.366667 0.770370 0.066667 0.029630
0 0.479167 0.513889 0.034375 0.081481
4 0.479167 0.616667 0.033333 0.040741
0 0.656771 0.502778 0.054167 0.112963
0 0.732292 0.443519 0.044792 0.079630
1 0.839063 0.455556 0.043750 0.088889
4 0.861719 0.568519 0.035937 0.044444
0 0.960938 0.480556 0.069792 0.133333
0 0.791667 0.480556 0.063542 0.120370
5 0.827083 0.725926 0.066667 0.055556
8 0.083594 0.649074 0.114062 0.216667
8 0.105469 0.581481 0.084896 0.127778
8 0.191146 0.643056 0.141667 0.258333
8 0.302865 0.579167 0.097396 0.156481
8 0.393490 0.633796 0.154688 0.239815
8 0.487500 0.557870 0.096875 0.162037
8 0.669010 0.592130 0.131771 0.287963
8 0.734375 0.506019 0.081250 0.195370
8 0.795833 0.568519 0.143750 0.285185
8 0.853646 0.505556 0.079167 0.185185
8 0.936979 0.561111 0.126042 0.292593
