8 0.066146 0.243519 0.083333 0.118519
8 0.091667 0.160648 0.057292 0.108333
8 0.137240 0.148148 0.050521 0.068519
8 0.163021 0.355556 0.097917 0.144444
8 0.277344 0.356019 0.115104 0.154630
9 0.205990 0.318519 0.088021 0.124074
9 0.315365 0.311111 0.085938 0.144444
9 0.246615 0.256019 0.071354 0.104630
8 0.345313 0.254630 0.060417 0.138889
8 0.307292 0.180556 0.043750 0.079630
9 0.396615 0.225463 0.061979 0.080556
8 0.337240 0.154167 0.039062 0.076852
8 0.378646 0.138426 0.045833 0.073148
8 0.419271 0.155556 0.061458 0.085185
8 0.474740 0.160648 0.041146 0.106481
9 0.516146 0.200926 0.048958 0.074074
8 0.624219 0.223611 0.065104 0.106481
9 0.572396 0.179630 0.063542 0.064815
9 0.569271 0.216204 0.057292 0.058333
8 0.446615 0.349537 0.092188 0.180556
8 0.534115 0.355556 0.092188 0.172222
8 0.639844 0.368056 0.130729 0.167593
9 0.502865 0.293056 0.041146 0.084259
5 0.259115 0.426852 0.069271 0.035185
5 0.513542 0.443056 0.037500 0.032407
9 0.710938 0.178704 0.034375 0.050000
9 0.730990 0.193056 0.053646 0.075000
8 0.765365 0.218519 0.048438 0.088889
8 0.816667 0.218056 0.052083 0.082407
8 0.875521 0.191204 0.052083 0.076852
8 0.831771 0.303241 0.077083 0.123148
8 0.894271 0.354630 0.091667 0.129630
8 0.958073 0.380556 0.083854 0.172222
9 0.597917 0.286574 0.065625 0.093519
5 0.979688 0.468519 0.040625 0.033333
1 0.717969 0.173611 0.018229 0.043519
8 0.443490 0.130556 0.030729 0.083333
8 0.469792 0.218056 0.060417 0.117593
9 0.543490 0.156019 0.039062 0.062037
1 0.062240 0.220833 0.034896 0.073148
1 0.077344 0.138426 0.027604 0.063889
1 0.132292 0.143056 0.023958 0.056481
1 0.140365 0.329167 0.046354 0.087963
1 0.180990 0.301389 0.040104 0.076852
1 0.265365 0.241204 0.033854 0.073148
1 0.302865 0.306019 0.042188 0.082407
1 0.268490 0.320833 0.043229 0.089815
0 0.344792 0.218519 0.031250 0.068519
1 0.307292 0.172222 0.026042 0.055556
0 0.337240 0.141204 0.021354 0.049074
1 0.374740 0.129630 0.019271 0.051852
1 0.388542 0.218519 0.030208 0.066667
1 0.418490 0.143056 0.023438 0.056481
0 0.442448 0.115741 0.021354 0.048148
0 0.468490 0.131019 0.022396 0.047222
1 0.477344 0.191204 0.027604 0.062037
1 0.440365 0.267130 0.031771 0.069444
9 0.426563 0.280556 0.071875 0.100000
0 0.462500 0.305556 0.037500 0.088889
1 0.512240 0.192130 0.023438 0.054630
1 0.546094 0.151852 0.021354 0.048148
1 0.506771 0.289815 0.031250 0.072222
0 0.532813 0.318056 0.043750 0.095370
1 0.577865 0.169444 0.026562 0.048148
1 0.573438 0.215278 0.023958 0.052778
0 0.622917 0.203704 0.027083 0.059259
1 0.643490 0.337963 0.046354 0.100000
4 0.644271 0.430093 0.048958 0.041667
1 0.742188 0.181019 0.023958 0.052778
0 0.766667 0.194907 0.021875 0.047222
1 0.794792 0.186574 0.023958 0.054630
9 0.792188 0.192593 0.035417 0.059259
1 0.823438 0.204630 0.022917 0.050000
1 0.887240 0.178704 0.026562 0.051852
1 0.852865 0.278704 0.029687 0.068519
6 0.843490 0.335648 0.041146 0.030556
1 0.917188 0.329630 0.039583 0.081481
1 0.974740 0.276852 0.031771 0.064815
8 0.962240 0.291204 0.055729 0.095370
1 0.987240 0.343519 0.025521 0.094444
1 0.909115 0.272685 0.040104 0.069444
