0 0.963021 0.446759 0.037500 0.076852
8 0.955469 0.493519 0.086979 0.170370
0 0.897135 0.475000 0.041146 0.079630
8 0.882292 0.505556 0.079167 0.146296
6 0.894792 0.564815 0.059375 0.053704
1 0.827344 0.418519 0.032813 0.070370
8 0.809115 0.456019 0.071354 0.141667
6 0.814063 0.518056 0.045833 0.028704
1 0.771615 0.405556 0.022396 0.055556
6 0.768490 0.468519 0.029687 0.033333
8 0.757292 0.430556 0.055208 0.107407
0 0.832292 0.368056 0.020833 0.036111
0 0.802865 0.368519 0.021354 0.038889
8 0.799740 0.385648 0.033854 0.080556
8 0.841667 0.393056 0.035417 0.086111
1 0.727865 0.392130 0.023438 0.047222
1 0.758333 0.388889 0.021875 0.048148
8 0.714063 0.406019 0.055208 0.086111
6 0.704688 0.438426 0.022917 0.023148
0 0.652865 0.330556 0.019271 0.029630
8 0.659115 0.343056 0.042188 0.060185
1 0.698958 0.333796 0.017708 0.037963
8 0.699740 0.343519 0.035937 0.061111
1 0.746094 0.318519 0.014063 0.035185
8 0.738542 0.323148 0.031250 0.055556
0 0.673177 0.313889 0.016146 0.037037
8 0.673438 0.318519 0.029167 0.048148
0 0.636198 0.309722 0.017188 0.037963
8 0.630990 0.318056 0.032813 0.063889
1 0.571615 0.422222 0.031771 0.068519
8 0.572396 0.453241 0.068750 0.126852
1 0.551042 0.381019 0.026042 0.050926
8 0.541146 0.393519 0.046875 0.081481
0 0.576042 0.343056 0.017708 0.041667
8 0.577344 0.355556 0.038021 0.075926
0 0.537240 0.285185 0.014063 0.029630
4 0.537240 0.299074 0.016146 0.018519
8 0.538021 0.293056 0.028125 0.054630
1 0.517188 0.303704 0.015625 0.035185
8 0.510938 0.310648 0.030208 0.056481
1 0.526563 0.330556 0.014583 0.037037
8 0.524740 0.341204 0.038021 0.056481
8 0.491667 0.393519 0.054167 0.070370
0 0.489063 0.418519 0.029167 0.061111
8 0.497917 0.448148 0.077083 0.131481
1 0.359115 0.412037 0.029687 0.055556
8 0.365365 0.420833 0.076563 0.093519
0 0.302344 0.418056 0.029687 0.058333
8 0.304167 0.451389 0.070833 0.125000
2 0.430469 0.430556 0.030729 0.061111
6 0.429688 0.497685 0.040625 0.043519
8 0.418490 0.456019 0.090104 0.115741
1 0.270573 0.411111 0.027604 0.062963
8 0.259115 0.422685 0.061979 0.093519
1 0.349740 0.355556 0.025521 0.055556
8 0.341667 0.379630 0.041667 0.101852
1 0.305469 0.343519 0.021354 0.042593
8 0.305990 0.356019 0.048438 0.067593
0 0.331771 0.313889 0.018750 0.038889
0 0.345313 0.297222 0.016667 0.035185
8 0.353125 0.306019 0.031250 0.058333
1 0.390365 0.291204 0.015104 0.032407
8 0.389583 0.298148 0.029167 0.051852
1 0.396615 0.358333 0.021354 0.042593
9 0.402865 0.362963 0.047396 0.057407
0 0.444531 0.305093 0.019271 0.041667
8 0.442969 0.324074 0.052604 0.081481
0 0.437240 0.365741 0.021354 0.048148
8 0.438021 0.381019 0.048958 0.087963
8 0.492188 0.393519 0.053125 0.068519
1 0.412240 0.306019 0.016146 0.039815
8 0.412240 0.310185 0.039062 0.055556
0 0.482031 0.313889 0.018229 0.037037
8 0.484115 0.328241 0.033854 0.073148
1 0.210417 0.314815 0.016667 0.033333
9 0.214844 0.315278 0.032813 0.041667
1 0.177865 0.313426 0.020313 0.043519
8 0.185938 0.328241 0.039583 0.071296
1 0.112240 0.428704 0.026562 0.055556
9 0.106771 0.431944 0.078125 0.076852
0 0.163542 0.364815 0.026042 0.046296
8 0.174740 0.381019 0.051562 0.099074
5 0.170573 0.427778 0.028646 0.020370
1 0.008073 0.377315 0.015104 0.049074
9 0.020313 0.380556 0.039583 0.062963
1 0.071615 0.343056 0.022396 0.047222
8 0.074740 0.350463 0.039062 0.069444
1 0.147917 0.306019 0.021875 0.043519
8 0.143490 0.318519 0.033854 0.066667
