7 0.115365 0.755556 0.070312 0.118519
3 0.059115 0.837500 0.035937 0.043519
1 0.233594 0.605556 0.042188 0.085185
4 0.212240 0.684259 0.032813 0.037037
7 0.244271 0.741667 0.065625 0.120370
1 0.348438 0.601852 0.045833 0.088889
4 0.338542 0.684259 0.034375 0.062963
1 0.522396 0.618519 0.042708 0.077778
3 0.529167 0.701852 0.033333 0.025926
1 0.630990 0.614815 0.045312 0.088889
6 0.625521 0.693519 0.058333 0.059259
0 0.754167 0.598611 0.054167 0.119444
3 0.754167 0.825926 0.033333 0.037037
0 0.876563 0.621759 0.062500 0.106481
5 0.939063 0.844444 0.118750 0.057407
3 0.224740 0.840741 0.032813 0.037037
9 0.105469 0.734259 0.160938 0.175926
9 0.258854 0.745833 0.148958 0.208333
8 0.240365 0.626852 0.122396 0.124074
8 0.354687 0.634722 0.092708 0.165741
8 0.519010 0.646296 0.111979 0.116667
8 0.627865 0.634259 0.105729 0.137037
8 0.730990 0.686111 0.171354 0.268519
8 0.873437 0.695370 0.121875 0.250000
