0 0.180990 0.590741 0.070312 0.114815
3 0.141667 0.767593 0.033333 0.038889
1 0.276042 0.568519 0.035417 0.087037
4 0.277344 0.632407 0.029687 0.033333
0 0.319792 0.580556 0.063542 0.112963
4 0.290625 0.756481 0.053125 0.074074
1 0.404167 0.555556 0.045833 0.101852
4 0.392969 0.646296 0.039062 0.050000
1 0.574219 0.568519 0.039062 0.066667
0 0.597917 0.587500 0.054167 0.093519
4 0.594271 0.777778 0.054167 0.059259
2 0.771094 0.578704 0.067187 0.135185
4 0.763542 0.759722 0.057292 0.056481
0 0.872396 0.618519 0.060417 0.125926
5 0.921094 0.805556 0.142187 0.059259
8 0.180990 0.654167 0.135937 0.226852
8 0.318490 0.657407 0.134896 0.262963
8 0.270313 0.595370 0.066667 0.124074
8 0.593490 0.679630 0.139063 0.255556
8 0.749740 0.654167 0.120313 0.280556
8 0.873437 0.676852 0.131250 0.235185
9 0.409375 0.594444 0.084375 0.162963
9 0.554688 0.602315 0.070833 0.126852
