8 0.066667 0.236111 0.088542 0.131481
8 0.067187 0.174537 0.098958 0.121296
8 0.135417 0.144907 0.058333 0.080556
8 0.380990 0.141204 0.043229 0.065741
8 0.307292 0.173148 0.038542 0.094444
8 0.252865 0.245833 0.061979 0.128704
8 0.340365 0.250000 0.047396 0.133333
8 0.328646 0.297222 0.087500 0.168519
8 0.283333 0.344907 0.100000 0.175000
8 0.165365 0.334259 0.102604 0.181481
8 0.422396 0.156481 0.051042 0.079630
8 0.398438 0.218056 0.060417 0.100926
8 0.449740 0.264352 0.074479 0.136111
8 0.444271 0.351389 0.102083 0.189815
5 0.514844 0.443056 0.040104 0.037963
8 0.517188 0.184722 0.048958 0.106481
8 0.566667 0.206019 0.047917 0.082407
8 0.523438 0.262963 0.068750 0.144444
8 0.540365 0.360185 0.094271 0.174074
8 0.629687 0.228704 0.055208 0.105556
8 0.633594 0.373148 0.100521 0.153704
9 0.710938 0.177778 0.037500 0.053704
9 0.730990 0.193981 0.056771 0.080556
9 0.791667 0.193056 0.044792 0.067593
8 0.763021 0.218056 0.048958 0.091667
8 0.818490 0.218519 0.054688 0.092593
8 0.885938 0.189815 0.043750 0.090741
8 0.837760 0.300926 0.078646 0.131481
8 0.906771 0.334722 0.087500 0.165741
8 0.960938 0.373611 0.077083 0.195370
9 0.551042 0.158333 0.042708 0.064815
8 0.333594 0.143519 0.047396 0.088889
8 0.478646 0.222685 0.050000 0.123148
0 0.058594 0.208796 0.035937 0.073148
1 0.057292 0.149074 0.030208 0.064815
1 0.080469 0.141667 0.026562 0.062963
1 0.128646 0.133796 0.025000 0.058333
0 0.328385 0.126389 0.021354 0.049074
1 0.377865 0.134722 0.020313 0.050926
8 0.282292 0.217130 0.041667 0.099074
0 0.301563 0.156944 0.026042 0.054630
0 0.334115 0.214352 0.029687 0.060185
0 0.251042 0.220370 0.035417 0.074074
0 0.282813 0.300000 0.044792 0.079630
0 0.164844 0.293519 0.042188 0.096296
1 0.203646 0.304167 0.036458 0.084259
9 0.216667 0.318056 0.060417 0.113889
1 0.306250 0.262037 0.037500 0.090741
1 0.422917 0.145833 0.021875 0.058333
0 0.392188 0.204630 0.029167 0.066667
0 0.444792 0.234722 0.033333 0.075000
0 0.467187 0.194444 0.026042 0.064815
0 0.514062 0.160185 0.025000 0.055556
0 0.456771 0.107407 0.020833 0.042593
8 0.449740 0.125926 0.034896 0.081481
1 0.444792 0.306019 0.045833 0.089815
1 0.540365 0.325463 0.039062 0.100926
1 0.631771 0.343981 0.048958 0.093519
1 0.523438 0.230093 0.028125 0.078704
1 0.555990 0.151852 0.020313 0.048148
0 0.570312 0.192593 0.023958 0.053704
0 0.632292 0.206944 0.028125 0.062037
1 0.716667 0.173148 0.017708 0.044444
1 0.745313 0.182407 0.025000 0.053704
1 0.794792 0.189815 0.025000 0.053704
1 0.824740 0.202778 0.023438 0.055556
1 0.892708 0.170370 0.025000 0.050000
1 0.857292 0.272685 0.029167 0.067593
0 0.762240 0.197222 0.023438 0.048148
0 0.918490 0.295833 0.042188 0.075000
1 0.981771 0.330556 0.035417 0.105556
