1 0.030990 0.490741 0.060937 0.122222
5 0.038802 0.603704 0.076563 0.081481
1 0.196615 0.499537 0.057813 0.106481
3 0.184896 0.640741 0.034375 0.037037
0 0.338542 0.460648 0.047917 0.119444
4 0.271615 0.627778 0.036979 0.062963
0 0.374219 0.455556 0.029687 0.064815
0 0.554688 0.462963 0.040625 0.074074
0 0.642188 0.478704 0.034375 0.064815
0 0.697917 0.518519 0.054167 0.103704
5 0.685417 0.687500 0.091667 0.043519
8 0.204167 0.546296 0.121875 0.187037
8 0.333594 0.542130 0.160938 0.265741
8 0.388542 0.506019 0.068750 0.156481
8 0.543490 0.508796 0.101562 0.165741
8 0.634115 0.519444 0.079687 0.144444
8 0.682813 0.577315 0.131250 0.219444
8 0.736719 0.535648 0.057813 0.145370
9 0.069792 0.532407 0.138542 0.198148
