0 0.135417 0.475000 0.054167 0.105556
5 0.085938 0.642593 0.118750 0.055556
0 0.254688 0.505556 0.058333 0.111111
4 0.205469 0.649074 0.042188 0.064815
0 0.386719 0.483333 0.051562 0.096296
3 0.319792 0.675000 0.031250 0.042593
0 0.438542 0.488889 0.040625 0.074074
7 0.606771 0.571296 0.045833 0.090741
7 0.710938 0.559259 0.053125 0.088889
7 0.811458 0.606481 0.051042 0.087037
7 0.752344 0.674074 0.070312 0.133333
9 0.599219 0.576389 0.105729 0.123148
9 0.699740 0.577778 0.095312 0.124074
9 0.816667 0.613426 0.103125 0.112037
9 0.745833 0.665741 0.162500 0.190741
8 0.136458 0.542593 0.146875 0.229630
8 0.250260 0.567130 0.127604 0.225000
8 0.387240 0.571759 0.126562 0.260185
8 0.447917 0.534722 0.067708 0.149074
