8 0.064062 0.245833 0.080208 0.117593
8 0.059635 0.195370 0.072396 0.088889
8 0.109115 0.166667 0.054688 0.094444
8 0.146094 0.143519 0.049479 0.083333
8 0.342187 0.135185 0.032292 0.081481
8 0.379167 0.137500 0.042708 0.069444
8 0.418490 0.158333 0.054688 0.081481
9 0.397135 0.221296 0.066146 0.090741
8 0.466667 0.209259 0.075000 0.135185
8 0.517969 0.185648 0.046354 0.099074
8 0.342969 0.252315 0.053646 0.137963
9 0.564844 0.211574 0.049479 0.069444
8 0.624740 0.228704 0.072396 0.105556
9 0.597656 0.288426 0.068229 0.093519
8 0.639062 0.372222 0.133333 0.162963
8 0.533594 0.349074 0.092188 0.194444
8 0.446615 0.353241 0.089063 0.187963
8 0.251042 0.246296 0.069792 0.112963
9 0.207292 0.319444 0.072917 0.114815
8 0.276562 0.356019 0.115625 0.156481
8 0.322135 0.291667 0.096354 0.177778
8 0.157292 0.337500 0.104167 0.175000
5 0.259115 0.427315 0.070312 0.037963
9 0.449219 0.281019 0.072396 0.106481
5 0.516146 0.443056 0.037500 0.032407
8 0.702344 0.177315 0.042188 0.099074
9 0.732292 0.191667 0.056250 0.083333
8 0.767969 0.219444 0.057813 0.090741
8 0.816146 0.218056 0.050000 0.095370
8 0.885938 0.198148 0.048958 0.074074
8 0.840365 0.295833 0.068229 0.117593
8 0.897135 0.343519 0.083854 0.151852
8 0.967448 0.378704 0.065104 0.183333
1 0.067187 0.227315 0.033333 0.073148
1 0.049740 0.182870 0.032813 0.058333
1 0.097396 0.152315 0.027083 0.058333
1 0.140365 0.131019 0.024479 0.054630
1 0.073698 0.136574 0.024479 0.047222
0 0.150260 0.296296 0.044271 0.088889
1 0.267188 0.324537 0.044792 0.089815
1 0.301042 0.247222 0.039583 0.087037
1 0.263281 0.232870 0.033854 0.080556
0 0.280208 0.182870 0.025000 0.056481
0 0.332292 0.217130 0.029167 0.062037
0 0.304948 0.161574 0.024479 0.056481
1 0.321615 0.143519 0.022396 0.055556
1 0.335938 0.120370 0.020833 0.050000
1 0.372135 0.129167 0.019271 0.049074
1 0.401042 0.212963 0.029167 0.066667
0 0.452344 0.303704 0.036979 0.083333
0 0.461458 0.170833 0.028125 0.054630
1 0.424219 0.148148 0.021354 0.055556
0 0.531510 0.297685 0.038021 0.089815
0 0.510938 0.165741 0.025000 0.053704
1 0.567969 0.204630 0.022396 0.051852
8 0.567187 0.178241 0.060417 0.076852
0 0.577865 0.161111 0.026562 0.044444
0 0.615365 0.206481 0.026562 0.062963
1 0.615885 0.281944 0.031771 0.076852
1 0.646615 0.342130 0.048438 0.100926
4 0.644010 0.433796 0.050521 0.037963
1 0.712240 0.149537 0.017188 0.043519
1 0.746094 0.177315 0.023438 0.052778
1 0.778646 0.199537 0.026042 0.047222
1 0.801562 0.175000 0.026042 0.055556
1 0.813021 0.195370 0.023958 0.053704
1 0.897135 0.188889 0.025521 0.050000
1 0.858594 0.274074 0.029687 0.070370
1 0.910417 0.307407 0.036458 0.081481
0 0.982292 0.335648 0.034375 0.100926
