7 0.089063 0.782407 0.072917 0.103704
3 0.047396 0.898611 0.052083 0.034259
0 0.237240 0.693519 0.051562 0.114815
0 0.242448 0.625926 0.035937 0.059259
0 0.349479 0.625463 0.037500 0.071296
3 0.328125 0.760185 0.022917 0.029630
5 0.356771 0.759722 0.037500 0.030556
5 0.192188 0.887500 0.111458 0.056481
0 0.479948 0.623148 0.041146 0.075926
0 0.598437 0.614815 0.038542 0.077778
3 0.615365 0.750463 0.022396 0.025000
1 0.515365 0.728704 0.057813 0.120370
4 0.529167 0.844444 0.041667 0.064815
0 0.702344 0.646759 0.050521 0.100926
3 0.700000 0.863889 0.031250 0.033333
1 0.842969 0.720370 0.056771 0.105556
5 0.888542 0.867593 0.100000 0.053704
9 0.109115 0.786574 0.138021 0.204630
8 0.237240 0.762037 0.123438 0.231481
8 0.248438 0.677315 0.089583 0.150926
8 0.345313 0.674537 0.080208 0.163889
8 0.483333 0.669444 0.068750 0.159259
8 0.529167 0.768981 0.134375 0.208333
8 0.601042 0.661111 0.080208 0.168519
8 0.709115 0.729167 0.124479 0.254630
8 0.857292 0.756944 0.127083 0.186111
