3 0.057813 0.840741 0.033333 0.037037
7 0.113542 0.757407 0.079167 0.125926
0 0.231771 0.605556 0.045833 0.085185
4 0.209896 0.681481 0.040625 0.037037
7 0.244792 0.742593 0.064583 0.125926
1 0.350521 0.600000 0.041667 0.094444
4 0.338021 0.687037 0.030208 0.055556
1 0.525521 0.618519 0.041667 0.081481
3 0.529167 0.700000 0.033333 0.031481
1 0.631771 0.609259 0.045833 0.081481
6 0.629167 0.698148 0.067708 0.055556
0 0.753646 0.593519 0.059375 0.112963
3 0.754167 0.823148 0.033333 0.044444
0 0.874219 0.622222 0.060937 0.105556
5 0.939063 0.847222 0.112500 0.068519
9 0.109115 0.733333 0.159896 0.194444
9 0.259635 0.743056 0.143229 0.215741
8 0.233073 0.631019 0.105729 0.143519
8 0.354167 0.639352 0.086458 0.163889
8 0.521094 0.646296 0.110937 0.125926
8 0.621615 0.631944 0.096354 0.141667
8 0.729688 0.683796 0.179167 0.273148
8 0.880990 0.698148 0.124479 0.246296
