1 0.060417 0.604630 0.068750 0.109259
1 0.192188 0.601852 0.055208 0.105556
5 0.141667 0.769444 0.091667 0.048148
1 0.298438 0.550463 0.044792 0.080556
6 0.277865 0.642593 0.064062 0.055556
1 0.476042 0.531481 0.039583 0.083333
4 0.476042 0.618519 0.037500 0.037037
2 0.387240 0.597222 0.070312 0.122222
6 0.379688 0.740741 0.100000 0.088889
1 0.671875 0.542593 0.059375 0.148148
0 0.735938 0.468519 0.045833 0.081481
1 0.792188 0.489815 0.064583 0.135185
0 0.826042 0.443519 0.039583 0.083333
1 0.966667 0.506481 0.059375 0.144444
5 0.823438 0.730556 0.070833 0.050000
8 0.089063 0.658333 0.122917 0.218519
8 0.208594 0.651389 0.123438 0.217593
8 0.300521 0.581019 0.100000 0.147222
8 0.397917 0.643056 0.141667 0.213889
8 0.488021 0.567593 0.098958 0.151852
8 0.672396 0.612963 0.141667 0.257407
8 0.737240 0.529630 0.078646 0.196296
8 0.817187 0.573148 0.156250 0.283333
8 0.846615 0.500463 0.083854 0.193519
8 0.948438 0.579167 0.102083 0.273148
