1 0.135937 0.500000 0.056250 0.107407
5 0.106250 0.627778 0.087500 0.074074
0 0.265625 0.496296 0.053125 0.122222
4 0.242969 0.643519 0.051562 0.061111
2 0.371094 0.491667 0.057813 0.120370
3 0.330990 0.666667 0.042188 0.044444
0 0.439063 0.478704 0.045833 0.083333
2 0.617188 0.492593 0.053125 0.096296
0 0.706771 0.510185 0.037500 0.087037
0 0.788542 0.512037 0.035417 0.083333
0 0.753646 0.559259 0.054167 0.111111
5 0.742188 0.732407 0.098958 0.072222
8 0.145313 0.552315 0.139583 0.199074
8 0.268490 0.558333 0.116146 0.222222
8 0.383073 0.556944 0.168229 0.237963
8 0.444271 0.520833 0.062500 0.150926
8 0.601042 0.535648 0.102083 0.167593
8 0.698438 0.549074 0.085417 0.151852
8 0.801042 0.559259 0.066667 0.164815
8 0.741927 0.619444 0.143229 0.224074
