0 0.094792 0.635185 0.075000 0.131481
3 0.044792 0.843519 0.055208 0.048148
1 0.249219 0.580556 0.051562 0.096296
7 0.191667 0.763889 0.070833 0.112963
0 0.338542 0.579630 0.045833 0.077778
3 0.326042 0.714815 0.028125 0.033333
0 0.489063 0.568519 0.044792 0.081481
0 0.621615 0.568519 0.042188 0.094444
1 0.519792 0.690741 0.062500 0.118519
4 0.538542 0.814815 0.037500 0.059259
0 0.701042 0.605556 0.055208 0.111111
3 0.696615 0.818519 0.032813 0.037037
1 0.838021 0.677778 0.058333 0.111111
5 0.883594 0.819444 0.092188 0.072222
3 0.611719 0.703704 0.026562 0.029630
8 0.105990 0.702315 0.132812 0.258333
8 0.251042 0.621759 0.094792 0.173148
8 0.341406 0.628704 0.091146 0.172222
8 0.494271 0.615741 0.106250 0.181481
9 0.534115 0.730556 0.135937 0.218519
8 0.612240 0.616667 0.100521 0.175926
8 0.709375 0.688426 0.128125 0.269444
8 0.852865 0.718519 0.134896 0.205556
9 0.216667 0.749537 0.148958 0.206481
