0 0.179688 0.592593 0.060417 0.129630
3 0.141667 0.764815 0.033333 0.037037
1 0.276042 0.570370 0.035417 0.077778
4 0.273438 0.641667 0.033333 0.035185
0 0.320312 0.580556 0.062500 0.124074
4 0.288542 0.755556 0.056250 0.070370
1 0.403125 0.558333 0.043750 0.098148
4 0.392188 0.646296 0.031250 0.051852
1 0.573438 0.570370 0.029167 0.077778
1 0.602344 0.603704 0.054688 0.118519
4 0.597396 0.770370 0.050000 0.070370
2 0.788542 0.581481 0.066667 0.129630
4 0.819271 0.758333 0.062500 0.064815
1 0.881771 0.617593 0.059375 0.142593
5 0.922396 0.805556 0.135417 0.059259
8 0.177604 0.653704 0.134375 0.227778
8 0.268490 0.597222 0.066146 0.122222
8 0.319531 0.656019 0.132812 0.258333
8 0.597917 0.671296 0.139583 0.255556
8 0.757552 0.654167 0.127604 0.273148
8 0.873698 0.671296 0.118229 0.238889
9 0.408854 0.592130 0.089583 0.169444
9 0.560156 0.599074 0.072396 0.144444
