8 0.069792 0.244444 0.088542 0.125926
8 0.141667 0.144444 0.051042 0.075926
8 0.379688 0.143056 0.043750 0.065741
8 0.306771 0.174537 0.038542 0.093519
8 0.265625 0.238889 0.065625 0.127778
8 0.341667 0.243056 0.044792 0.125000
8 0.274740 0.343056 0.108854 0.176852
8 0.163021 0.336574 0.096875 0.182407
8 0.421094 0.157407 0.050521 0.083333
9 0.395313 0.224074 0.063542 0.094444
9 0.447917 0.267593 0.071875 0.131481
8 0.446615 0.344907 0.101562 0.186111
5 0.514844 0.443056 0.040104 0.037963
8 0.571094 0.207407 0.050521 0.074074
8 0.537240 0.358333 0.098437 0.174074
8 0.629687 0.228241 0.055208 0.106481
8 0.646094 0.368519 0.136979 0.174074
9 0.710938 0.177778 0.037500 0.053704
9 0.732292 0.193056 0.055208 0.073148
8 0.763542 0.215741 0.047917 0.092593
8 0.814063 0.218519 0.051042 0.090741
8 0.884115 0.189815 0.042188 0.088889
8 0.841146 0.303704 0.077083 0.116667
8 0.899740 0.338426 0.076563 0.156481
8 0.034115 0.159259 0.043229 0.081481
8 0.332292 0.143519 0.044792 0.088889
8 0.474740 0.223611 0.056771 0.121296
8 0.214323 0.303241 0.081771 0.145370
8 0.524740 0.182407 0.049479 0.100000
5 0.255990 0.418519 0.073438 0.033333
8 0.327865 0.303241 0.072396 0.154630
9 0.597917 0.286111 0.063542 0.094444
8 0.960417 0.368056 0.079167 0.202778
1 0.063542 0.225463 0.031250 0.075000
1 0.057292 0.165278 0.033333 0.065741
1 0.036198 0.153241 0.028646 0.058333
8 0.059115 0.181944 0.072396 0.104630
1 0.136719 0.136574 0.026562 0.056481
1 0.301563 0.157407 0.026042 0.059259
1 0.423438 0.144444 0.023958 0.059259
1 0.377865 0.136111 0.020313 0.046296
1 0.392188 0.215741 0.029167 0.064815
0 0.334896 0.129630 0.021875 0.053704
0 0.335938 0.214352 0.029167 0.062037
1 0.314063 0.272685 0.037500 0.093519
0 0.272917 0.293056 0.041667 0.086111
1 0.194792 0.281019 0.042708 0.091667
0 0.151042 0.293519 0.042708 0.092593
2 0.277865 0.214815 0.034896 0.075926
1 0.462500 0.194907 0.028125 0.065741
0 0.442188 0.243056 0.033333 0.075000
0 0.452865 0.294444 0.038021 0.083333
1 0.529167 0.275000 0.029167 0.081481
9 0.522917 0.281019 0.041667 0.093519
1 0.540365 0.330556 0.046354 0.105556
0 0.523438 0.156019 0.023958 0.058333
0 0.443490 0.111111 0.020313 0.044444
8 0.446615 0.127778 0.027604 0.077778
0 0.471615 0.130556 0.022396 0.040741
0 0.549219 0.139352 0.020313 0.049074
8 0.547917 0.147222 0.030208 0.068519
1 0.572917 0.201852 0.020833 0.053704
0 0.626563 0.205556 0.027083 0.062963
1 0.612240 0.275463 0.029687 0.069444
1 0.621615 0.310648 0.030729 0.080556
8 0.602865 0.337500 0.067187 0.130556
1 0.648698 0.330556 0.049479 0.103704
4 0.652865 0.427778 0.052604 0.048148
1 0.716667 0.172685 0.019792 0.043519
1 0.747396 0.186574 0.025000 0.054630
1 0.796615 0.191204 0.023438 0.052778
1 0.819792 0.205093 0.022917 0.054630
1 0.892188 0.169907 0.025000 0.050926
1 0.862240 0.280556 0.029687 0.072222
2 0.774740 0.193056 0.022396 0.049074
0 0.913542 0.300463 0.040625 0.075000
0 0.980990 0.315741 0.036979 0.092593
6 0.847396 0.343056 0.042708 0.026852
