1 0.172917 0.630556 0.065625 0.131481
3 0.145313 0.798148 0.043750 0.055556
1 0.318490 0.592593 0.042188 0.059259
1 0.318490 0.657407 0.054688 0.111111
5 0.275521 0.782407 0.100000 0.044444
1 0.395313 0.627778 0.044792 0.088889
6 0.400521 0.703704 0.066667 0.044444
0 0.552865 0.555556 0.035937 0.075926
2 0.604167 0.630556 0.055208 0.111111
3 0.596615 0.818519 0.032813 0.037037
1 0.666146 0.592593 0.044792 0.096296
4 0.667188 0.692593 0.051042 0.037037
1 0.782813 0.622222 0.054167 0.131481
4 0.799740 0.781481 0.051562 0.059259
1 0.925521 0.653704 0.063542 0.114815
5 0.963542 0.815741 0.072917 0.061111
8 0.178646 0.681944 0.130208 0.237963
8 0.325781 0.710185 0.118229 0.194444
8 0.318490 0.614352 0.058854 0.099074
8 0.409896 0.657407 0.107292 0.135185
8 0.543490 0.602315 0.083854 0.165741
8 0.597656 0.699537 0.121354 0.223148
8 0.669792 0.630093 0.083333 0.165741
8 0.787240 0.681944 0.132812 0.243519
8 0.937240 0.701389 0.123438 0.212037
