8 0.064844 0.243981 0.084896 0.119444
8 0.057813 0.193056 0.072917 0.091667
8 0.106771 0.167130 0.051042 0.091667
8 0.142969 0.143056 0.051562 0.080556
8 0.342448 0.132407 0.031771 0.081481
8 0.305990 0.168981 0.029687 0.076852
8 0.381771 0.137037 0.043750 0.068519
8 0.417969 0.158333 0.054688 0.075926
9 0.396615 0.221759 0.065104 0.087963
8 0.470313 0.209722 0.073958 0.130556
8 0.517969 0.183333 0.045312 0.100000
8 0.341667 0.249537 0.053125 0.130556
9 0.564063 0.210648 0.046875 0.069444
8 0.626042 0.227315 0.067708 0.104630
9 0.596615 0.287037 0.068229 0.094444
8 0.638542 0.370370 0.133333 0.162963
8 0.535417 0.346296 0.092708 0.194444
8 0.444792 0.346759 0.090625 0.180556
9 0.254167 0.255093 0.070833 0.102778
9 0.205990 0.318519 0.072396 0.114815
8 0.276042 0.356019 0.117708 0.156481
8 0.321094 0.290741 0.089063 0.181481
8 0.157292 0.336574 0.103125 0.180556
5 0.259115 0.427315 0.070312 0.037963
9 0.447917 0.280556 0.072917 0.103704
5 0.516146 0.443056 0.037500 0.032407
8 0.701042 0.176389 0.042708 0.099074
9 0.733594 0.190278 0.058854 0.080556
8 0.767188 0.218519 0.056250 0.087037
8 0.815365 0.216204 0.049479 0.093519
8 0.885938 0.198148 0.047917 0.070370
8 0.839063 0.293519 0.067708 0.116667
8 0.894792 0.341667 0.081250 0.155556
1 0.980469 0.286574 0.030729 0.067593
9 0.963021 0.393056 0.073958 0.150926
5 0.979167 0.468056 0.041667 0.032407
1 0.065365 0.225926 0.032813 0.074074
1 0.053646 0.180093 0.031250 0.058333
1 0.096615 0.152778 0.026562 0.059259
1 0.134115 0.131481 0.025521 0.055556
0 0.146615 0.293519 0.045312 0.087037
1 0.267188 0.322685 0.044792 0.093519
1 0.265365 0.241667 0.033854 0.072222
0 0.313542 0.243519 0.036458 0.083333
0 0.332813 0.218056 0.028125 0.067593
0 0.279167 0.183333 0.025000 0.055556
8 0.283594 0.204167 0.040104 0.093519
1 0.304688 0.161111 0.025000 0.055556
1 0.320573 0.143519 0.019271 0.053704
2 0.336719 0.118981 0.020313 0.050926
1 0.379167 0.130556 0.018750 0.048148
1 0.421615 0.152315 0.023438 0.052778
1 0.401042 0.214352 0.028125 0.063889
0 0.450521 0.297222 0.037500 0.081481
0 0.457813 0.173611 0.029167 0.056481
0 0.510938 0.166204 0.023958 0.054630
0 0.530990 0.293981 0.039062 0.089815
1 0.567187 0.204167 0.023958 0.050926
8 0.565365 0.176852 0.059896 0.077778
1 0.576562 0.160648 0.023958 0.043519
0 0.616667 0.206019 0.025000 0.060185
1 0.615365 0.280556 0.030729 0.074074
1 0.646615 0.343519 0.047396 0.101852
4 0.644792 0.431481 0.052083 0.037037
1 0.712240 0.148148 0.018229 0.044444
1 0.746615 0.176389 0.023438 0.050926
1 0.777865 0.200463 0.023438 0.050926
1 0.818490 0.195833 0.023438 0.056481
1 0.801042 0.173611 0.025000 0.056481
1 0.896615 0.186111 0.024479 0.046296
1 0.858594 0.271759 0.027604 0.069444
0 0.912240 0.302315 0.038021 0.076852
