1 0.062240 0.606481 0.067187 0.116667
1 0.192188 0.605556 0.057292 0.111111
5 0.141667 0.768519 0.095833 0.062963
1 0.298438 0.550926 0.045833 0.081481
6 0.280469 0.642593 0.060937 0.048148
0 0.473438 0.525926 0.040625 0.081481
4 0.475521 0.618519 0.037500 0.040741
1 0.396094 0.577778 0.057813 0.125926
5 0.369792 0.761111 0.069792 0.068519
1 0.672917 0.543519 0.057292 0.140741
0 0.735938 0.466667 0.043750 0.081481
0 0.813021 0.442593 0.041667 0.077778
2 0.841667 0.518519 0.083333 0.133333
1 0.969271 0.505556 0.054167 0.137037
5 0.823438 0.725000 0.070833 0.057407
8 0.087500 0.655556 0.125000 0.218519
8 0.212240 0.655556 0.121354 0.209259
8 0.301042 0.581019 0.102083 0.145370
8 0.406250 0.629167 0.146875 0.230556
8 0.488021 0.563889 0.097917 0.144444
8 0.667708 0.614352 0.133333 0.263889
8 0.739062 0.509722 0.081250 0.165741
8 0.813542 0.469907 0.072917 0.132407
8 0.819531 0.584259 0.167187 0.253704
8 0.949740 0.581019 0.100521 0.282407
