1 0.209115 0.436574 0.028646 0.060185
8 0.206771 0.456019 0.072917 0.093519
1 0.112240 0.412500 0.025521 0.052778
9 0.119792 0.418519 0.060417 0.070370
1 0.259115 0.403704 0.024479 0.053704
8 0.267448 0.423148 0.052604 0.081481
1 0.165625 0.386111 0.022917 0.048148
9 0.166667 0.390741 0.047917 0.055556
2 0.275000 0.353241 0.022917 0.043519
8 0.282813 0.366667 0.038542 0.064815
1 0.311719 0.344444 0.017188 0.038889
8 0.313021 0.352778 0.035417 0.050000
1 0.315365 0.464815 0.029687 0.064815
8 0.310417 0.490741 0.091667 0.118519
4 0.304688 0.526389 0.034375 0.037963
1 0.406771 0.457870 0.028125 0.065741
0 0.515365 0.447222 0.029687 0.055556
8 0.515365 0.483333 0.073438 0.131481
1 0.574219 0.468519 0.027604 0.070370
8 0.582292 0.493519 0.062500 0.112963
0 0.666146 0.443519 0.029167 0.062963
8 0.666667 0.481019 0.071875 0.134259
1 0.648698 0.445833 0.019271 0.056481
8 0.635938 0.468519 0.044792 0.092593
1 0.360938 0.446296 0.028125 0.061111
9 0.364583 0.460648 0.056250 0.095370
1 0.428646 0.450926 0.023958 0.057407
9 0.444792 0.464815 0.059375 0.088889
0 0.391146 0.395370 0.025000 0.046296
8 0.393750 0.416204 0.046875 0.082407
1 0.442448 0.391667 0.022396 0.044444
8 0.444792 0.417130 0.051042 0.093519
0 0.523438 0.398611 0.021875 0.043519
8 0.522917 0.418056 0.050000 0.089815
1 0.579167 0.413426 0.023958 0.049074
8 0.579688 0.430556 0.056250 0.083333
1 0.634115 0.427778 0.021354 0.053704
9 0.627865 0.433796 0.043229 0.075000
0 0.657813 0.378704 0.019792 0.046296
8 0.660417 0.393519 0.043750 0.079630
1 0.534115 0.368056 0.019271 0.041667
8 0.544792 0.392130 0.038542 0.080556
0 0.484115 0.379630 0.019271 0.042593
8 0.489063 0.393056 0.038542 0.069444
1 0.424740 0.351852 0.017188 0.037037
8 0.421094 0.360185 0.029687 0.055556
0 0.574740 0.350926 0.017188 0.037037
8 0.576042 0.366667 0.035417 0.068519
1 0.615885 0.368056 0.017188 0.036111
8 0.615365 0.378704 0.038021 0.053704
1 0.436198 0.340278 0.016146 0.034259
8 0.439844 0.343056 0.026562 0.049074
1 0.475000 0.334259 0.014583 0.033333
8 0.475521 0.336574 0.028125 0.043519
1 0.505469 0.340741 0.015104 0.038889
1 0.505990 0.348611 0.033854 0.056481
0 0.541146 0.333333 0.017708 0.037037
8 0.541667 0.350463 0.033333 0.069444
1 0.599740 0.334722 0.015104 0.032407
8 0.595313 0.342593 0.025000 0.051852
1 0.719792 0.343519 0.012500 0.033333
1 0.732292 0.354630 0.014583 0.033333
8 0.730990 0.368519 0.035937 0.068519
1 0.774219 0.350926 0.016146 0.038889
8 0.774219 0.355556 0.029687 0.057407
0 0.755990 0.368519 0.016146 0.038889
1 0.793490 0.369907 0.019271 0.043519
1 0.858594 0.348148 0.017188 0.042593
8 0.851042 0.357407 0.031250 0.061111
1 0.831771 0.391204 0.020833 0.041667
0 0.816667 0.411111 0.023958 0.044444
8 0.814844 0.431944 0.048438 0.086111
0 0.865365 0.418519 0.026562 0.046296
8 0.859896 0.431019 0.038542 0.075000
1 0.959115 0.423148 0.023438 0.053704
1 0.877344 0.451389 0.029687 0.060185
8 0.862240 0.469444 0.058854 0.103704
0 0.924219 0.445370 0.035937 0.061111
8 0.919792 0.490741 0.071875 0.144444
1 0.984115 0.484722 0.029687 0.075000
8 0.404687 0.486111 0.073958 0.118519
5 0.163021 0.543519 0.040625 0.020370
5 0.269271 0.458333 0.025000 0.022222
8 0.753906 0.380556 0.033854 0.064815
8 0.792969 0.380556 0.038021 0.064815
6 0.924740 0.561574 0.039062 0.028704
8 0.957292 0.437963 0.032292 0.079630
