1 0.151042 0.655556 0.041667 0.081481
4 0.125000 0.723611 0.053125 0.041667
7 0.228125 0.693519 0.053125 0.088889
7 0.306771 0.688889 0.054167 0.088889
1 0.393490 0.619444 0.043229 0.088889
6 0.378646 0.727778 0.081250 0.059259
1 0.571094 0.655556 0.042188 0.070370
4 0.564844 0.719444 0.045312 0.037037
1 0.759115 0.616667 0.045312 0.085185
4 0.763021 0.702778 0.050000 0.053704
7 0.878646 0.780556 0.081250 0.118519
1 0.685417 0.685648 0.063542 0.130556
4 0.692969 0.835648 0.076563 0.056481
9 0.151042 0.681481 0.097917 0.120370
8 0.399479 0.657870 0.088542 0.158333
8 0.685417 0.747685 0.163542 0.245370
8 0.759115 0.655093 0.093229 0.162037
9 0.234115 0.683333 0.103646 0.122222
9 0.311719 0.691204 0.089063 0.097222
9 0.559896 0.679167 0.103125 0.115741
9 0.862240 0.772222 0.158854 0.187037
