8 0.063542 0.240741 0.079167 0.120370
8 0.062240 0.184259 0.071354 0.105556
8 0.141667 0.143519 0.048958 0.074074
8 0.168490 0.333333 0.105729 0.181481
8 0.277865 0.355556 0.114062 0.155556
9 0.249740 0.255556 0.070312 0.101852
9 0.315365 0.305556 0.082812 0.144444
8 0.305469 0.179167 0.036979 0.089815
8 0.377344 0.134722 0.045312 0.069444
8 0.397396 0.225926 0.063542 0.088889
8 0.421094 0.155556 0.054688 0.081481
8 0.444792 0.130556 0.029167 0.079630
8 0.479167 0.165741 0.037500 0.100000
8 0.463542 0.218056 0.066667 0.125000
9 0.447917 0.280093 0.072917 0.102778
8 0.446615 0.346759 0.090104 0.180556
8 0.534115 0.343519 0.095312 0.190741
8 0.519792 0.181019 0.048958 0.100926
9 0.566667 0.177778 0.058333 0.072222
8 0.564063 0.206019 0.045833 0.076852
8 0.641146 0.234259 0.054167 0.094444
9 0.596615 0.290741 0.067187 0.088889
8 0.640365 0.368056 0.129688 0.169444
4 0.642188 0.430556 0.053125 0.040741
9 0.732292 0.193519 0.056250 0.079630
9 0.796615 0.189815 0.036979 0.066667
8 0.766146 0.215741 0.051042 0.092593
8 0.815625 0.218519 0.050000 0.083333
8 0.885938 0.203241 0.048958 0.071296
8 0.833073 0.299074 0.075521 0.118519
8 0.896615 0.336574 0.082812 0.156481
8 0.949219 0.290278 0.049479 0.112037
5 0.259896 0.426852 0.069792 0.035185
5 0.515365 0.443056 0.038021 0.032407
5 0.978646 0.468519 0.042708 0.031481
8 0.344271 0.243056 0.066667 0.139815
8 0.952865 0.365278 0.094271 0.200926
8 0.705990 0.161111 0.039062 0.081481
1 0.062500 0.218056 0.034375 0.075000
1 0.056771 0.167593 0.032292 0.057407
2 0.034115 0.143056 0.028646 0.060185
1 0.135417 0.134259 0.022917 0.055556
0 0.186719 0.290278 0.042188 0.086111
1 0.267188 0.321759 0.044792 0.093519
1 0.264323 0.243056 0.033854 0.073148
1 0.275521 0.193056 0.026042 0.063889
8 0.284115 0.206019 0.045312 0.089815
1 0.301042 0.293056 0.039583 0.084259
0 0.340365 0.205556 0.030729 0.064815
1 0.305469 0.161574 0.025521 0.056481
1 0.336719 0.121759 0.020313 0.056481
8 0.341667 0.131019 0.031250 0.075000
2 0.369792 0.126852 0.020833 0.050000
1 0.396615 0.216204 0.029687 0.065741
1 0.423438 0.143056 0.022917 0.056481
0 0.442188 0.110648 0.020833 0.043519
1 0.472917 0.143056 0.021875 0.050926
0 0.460938 0.184259 0.028125 0.055556
1 0.439844 0.260648 0.029687 0.069444
0 0.454167 0.304167 0.038542 0.091667
0 0.522917 0.159259 0.025000 0.055556
1 0.571094 0.161574 0.025521 0.043519
0 0.567969 0.193519 0.024479 0.046296
1 0.642188 0.223148 0.028125 0.062963
1 0.542188 0.303241 0.036458 0.099074
1 0.643490 0.341204 0.047396 0.104630
0 0.709115 0.141204 0.018229 0.032407
1 0.745313 0.180556 0.025000 0.050000
1 0.769792 0.193519 0.021875 0.051852
1 0.801823 0.181019 0.025521 0.050926
1 0.823438 0.203704 0.022917 0.050000
1 0.854167 0.274537 0.029167 0.069444
6 0.843490 0.341204 0.042188 0.028704
1 0.897396 0.193519 0.027083 0.050000
0 0.905990 0.293056 0.036979 0.071296
0 0.949740 0.262037 0.028646 0.055556
1 0.985938 0.315741 0.028125 0.103704
