7 0.085417 0.730556 0.073958 0.098148
3 0.044792 0.850000 0.055208 0.033333
0 0.235417 0.578704 0.037500 0.057407
0 0.241146 0.659259 0.052083 0.105556
5 0.187500 0.842593 0.112500 0.059259
0 0.347396 0.580556 0.038542 0.068519
3 0.325521 0.714815 0.026042 0.025926
5 0.357292 0.712037 0.035417 0.031481
0 0.480469 0.570370 0.039062 0.077778
0 0.593490 0.568519 0.045312 0.088889
0 0.529167 0.685185 0.052083 0.118519
3 0.613542 0.706481 0.028125 0.024074
4 0.541146 0.808333 0.056250 0.061111
0 0.704167 0.607407 0.051042 0.103704
3 0.696615 0.818519 0.032813 0.033333
1 0.838542 0.677778 0.057292 0.111111
5 0.884115 0.827778 0.092188 0.055556
9 0.106510 0.737037 0.141146 0.203704
8 0.237240 0.722222 0.123438 0.225926
8 0.247917 0.627778 0.087500 0.146296
8 0.346875 0.630556 0.082292 0.159259
8 0.482812 0.624537 0.095833 0.163889
8 0.532813 0.733333 0.137500 0.196296
8 0.599740 0.618056 0.081771 0.163889
8 0.709635 0.692593 0.122396 0.251852
8 0.855990 0.722685 0.125521 0.182407
