7 0.088021 0.737500 0.075000 0.093519
3 0.044792 0.845370 0.050000 0.037037
0 0.242188 0.658333 0.063542 0.111111
0 0.234896 0.579630 0.047917 0.059259
5 0.188542 0.840741 0.112500 0.059259
0 0.346094 0.577778 0.042188 0.066667
3 0.325521 0.714815 0.020833 0.029630
5 0.356771 0.711574 0.037500 0.043519
0 0.487240 0.568519 0.039062 0.072222
0 0.597656 0.581944 0.045312 0.091667
0 0.701042 0.606481 0.054167 0.096296
1 0.526042 0.691667 0.056250 0.120370
4 0.538542 0.806481 0.059375 0.062963
4 0.698698 0.821759 0.029687 0.037963
1 0.839063 0.681944 0.056250 0.104630
5 0.889323 0.825000 0.092188 0.059259
3 0.610938 0.704630 0.020833 0.027778
9 0.106771 0.736111 0.137500 0.203704
8 0.237240 0.720833 0.123438 0.219444
8 0.244792 0.625463 0.082292 0.143519
8 0.347396 0.629630 0.079167 0.157407
8 0.485938 0.621296 0.095833 0.164815
8 0.531250 0.731019 0.137500 0.200926
8 0.599219 0.621759 0.079687 0.156481
8 0.707292 0.692130 0.120833 0.249074
8 0.855469 0.724074 0.123438 0.185185
