1 0.034896 0.467593 0.064583 0.116667
5 0.042188 0.579630 0.083333 0.077778
1 0.196094 0.481481 0.057813 0.107407
4 0.184115 0.601852 0.051562 0.062963
0 0.326042 0.438889 0.055208 0.114815
4 0.284115 0.593519 0.045312 0.062963
5 0.284896 0.640741 0.112500 0.033333
0 0.372917 0.442593 0.041667 0.066667
0 0.556771 0.445370 0.037500 0.072222
2 0.645312 0.475000 0.041667 0.079630
0 0.697917 0.504630 0.047917 0.101852
5 0.688021 0.677778 0.091667 0.051852
9 0.073958 0.513426 0.138542 0.204630
8 0.208073 0.525000 0.121354 0.187037
8 0.338542 0.510185 0.146875 0.237037
8 0.391667 0.492130 0.070833 0.158333
8 0.546615 0.501389 0.094271 0.173148
8 0.634115 0.512500 0.079687 0.141667
8 0.685156 0.567130 0.130729 0.219444
8 0.739062 0.527778 0.052083 0.146296
