1 0.150521 0.655556 0.040625 0.077778
4 0.123438 0.718519 0.048958 0.035185
7 0.226042 0.693519 0.052083 0.077778
7 0.304167 0.693056 0.047917 0.069444
1 0.397396 0.618519 0.047917 0.074074
6 0.376042 0.729630 0.072917 0.055556
1 0.571875 0.655556 0.043750 0.068519
4 0.566667 0.718519 0.040625 0.038889
7 0.769792 0.659722 0.050000 0.093519
7 0.877344 0.779630 0.079687 0.114815
1 0.691146 0.691667 0.062500 0.131481
4 0.694792 0.834722 0.080208 0.056481
9 0.149740 0.681019 0.103646 0.132407
9 0.229167 0.681019 0.101042 0.121296
9 0.313021 0.693056 0.086458 0.084259
9 0.559635 0.680556 0.100521 0.114815
9 0.767448 0.667593 0.099479 0.142593
9 0.863542 0.779167 0.157292 0.193519
8 0.396094 0.656019 0.095312 0.163889
8 0.688542 0.743519 0.164583 0.257407
3 0.860156 0.860185 0.055729 0.042593
