1 0.207292 0.443519 0.026042 0.055556
9 0.207813 0.455556 0.069792 0.094444
1 0.112240 0.413426 0.023438 0.049074
9 0.114844 0.418056 0.048438 0.065741
1 0.163542 0.384722 0.019792 0.043519
8 0.169792 0.390278 0.044792 0.058333
1 0.257292 0.401852 0.020833 0.048148
8 0.267448 0.427315 0.052604 0.100926
2 0.243490 0.360648 0.019271 0.043519
8 0.246094 0.368056 0.031771 0.056481
0 0.268490 0.360185 0.019271 0.042593
8 0.268490 0.380093 0.043229 0.082407
8 0.303385 0.346759 0.017188 0.037963
8 0.310417 0.352315 0.032292 0.049074
2 0.284375 0.355556 0.017708 0.042593
1 0.321875 0.454167 0.028125 0.063889
1 0.308594 0.480556 0.082812 0.129630
0 0.401042 0.456019 0.032292 0.062037
8 0.412240 0.480556 0.083854 0.116667
1 0.521615 0.451389 0.027604 0.063889
8 0.510938 0.480556 0.086458 0.131481
0 0.579688 0.474074 0.029167 0.064815
8 0.582031 0.495370 0.065104 0.109259
0 0.669792 0.455556 0.031250 0.064815
8 0.667188 0.485185 0.070833 0.131481
1 0.648438 0.443519 0.017708 0.048148
8 0.634115 0.468056 0.047396 0.095370
1 0.360938 0.440741 0.026042 0.059259
9 0.361719 0.456019 0.055729 0.095370
0 0.387240 0.393519 0.022396 0.044444
8 0.388542 0.409722 0.042708 0.080556
1 0.423438 0.428704 0.025000 0.057407
8 0.435417 0.453704 0.052083 0.109259
0 0.525521 0.397685 0.019792 0.043519
8 0.523438 0.418056 0.051042 0.087963
1 0.580990 0.418056 0.021354 0.045370
9 0.579688 0.430556 0.056250 0.074074
1 0.637240 0.405556 0.023438 0.055556
8 0.633594 0.426852 0.045312 0.085185
1 0.415365 0.354630 0.018229 0.035185
8 0.421615 0.367130 0.029687 0.062037
0 0.436719 0.331019 0.014063 0.034259
8 0.439063 0.343519 0.037500 0.061111
1 0.473438 0.331944 0.015625 0.034259
8 0.474740 0.333333 0.029687 0.044444
0 0.482292 0.381019 0.019792 0.037963
8 0.488542 0.393056 0.039583 0.067593
0 0.538542 0.365741 0.017708 0.037037
0 0.655990 0.373148 0.019271 0.044444
8 0.663542 0.392130 0.036458 0.076852
1 0.505208 0.344444 0.016667 0.040741
8 0.505990 0.346759 0.032813 0.056481
2 0.536979 0.337037 0.017708 0.037037
0 0.573958 0.351389 0.019792 0.039815
8 0.574219 0.364815 0.035937 0.066667
0 0.605469 0.338889 0.016146 0.038889
8 0.600521 0.354630 0.031250 0.072222
1 0.720573 0.343519 0.015104 0.033333
1 0.734115 0.354167 0.014063 0.036111
8 0.731771 0.360648 0.034375 0.056481
1 0.777865 0.353704 0.017188 0.037037
1 0.755990 0.368056 0.017188 0.037963
8 0.752344 0.381019 0.034896 0.063889
1 0.797917 0.375000 0.018750 0.042593
8 0.792969 0.380556 0.036979 0.064815
0 0.843490 0.340278 0.017188 0.036111
8 0.845313 0.354630 0.043750 0.064815
1 0.840365 0.392593 0.020313 0.037037
9 0.824740 0.404630 0.051562 0.061111
1 0.861458 0.422685 0.023958 0.050926
2 0.839323 0.435648 0.025521 0.052778
9 0.818750 0.444907 0.062500 0.080556
1 0.878646 0.454167 0.025000 0.056481
8 0.863542 0.476852 0.055208 0.101852
1 0.958333 0.424537 0.023958 0.056481
8 0.957292 0.435185 0.035417 0.081481
0 0.919792 0.447222 0.033333 0.068519
8 0.919792 0.487037 0.078125 0.155556
0 0.988542 0.481019 0.022917 0.063889
5 0.164844 0.543056 0.040104 0.023148
5 0.269531 0.461111 0.023438 0.024074
8 0.546615 0.389815 0.038021 0.090741
1 0.617188 0.368519 0.017708 0.038889
8 0.612240 0.381019 0.038021 0.056481
1 0.442969 0.401852 0.023438 0.053704
8 0.451042 0.419907 0.041667 0.099074
