8 0.069271 0.249537 0.088542 0.130556
8 0.134115 0.143981 0.054688 0.080556
8 0.092188 0.163889 0.053125 0.105556
8 0.341667 0.155556 0.063542 0.074074
8 0.304167 0.177315 0.044792 0.099074
8 0.342969 0.250000 0.060937 0.135185
8 0.396615 0.211574 0.063021 0.117593
8 0.423438 0.157870 0.046875 0.086111
8 0.470313 0.218981 0.050000 0.113889
8 0.523438 0.261111 0.068750 0.142593
8 0.571615 0.206019 0.050521 0.082407
8 0.649219 0.224074 0.061979 0.118519
8 0.597135 0.285185 0.055729 0.100000
8 0.634896 0.366204 0.101042 0.165741
8 0.541146 0.359259 0.094792 0.177778
8 0.444792 0.345370 0.091667 0.190741
8 0.270313 0.358333 0.154167 0.164815
8 0.322917 0.305556 0.111458 0.146296
8 0.143490 0.343056 0.133854 0.184259
8 0.212760 0.302778 0.070312 0.140741
8 0.279687 0.201852 0.048958 0.087037
8 0.258073 0.256019 0.053646 0.104630
9 0.709115 0.175000 0.039062 0.055556
8 0.734115 0.187037 0.045312 0.096296
8 0.789062 0.179630 0.040625 0.090741
8 0.764583 0.215278 0.056250 0.100926
8 0.813542 0.221759 0.045833 0.089815
8 0.884896 0.192130 0.041667 0.091667
8 0.834115 0.292130 0.072396 0.130556
8 0.896615 0.349074 0.088021 0.153704
8 0.963021 0.382407 0.073958 0.192593
8 0.032031 0.155556 0.055729 0.075926
8 0.551042 0.155556 0.034375 0.064815
2 0.031510 0.150926 0.032813 0.061111
1 0.061719 0.226852 0.030729 0.072222
2 0.080990 0.143056 0.028646 0.063889
1 0.126042 0.131944 0.026042 0.056481
1 0.331510 0.145833 0.021354 0.052778
0 0.302344 0.156019 0.025521 0.052778
0 0.270573 0.188426 0.024479 0.058333
0 0.339583 0.212037 0.028125 0.057407
1 0.263542 0.243519 0.033333 0.074074
1 0.298698 0.280093 0.040104 0.087963
1 0.215365 0.275463 0.039062 0.087963
0 0.149740 0.300463 0.046354 0.099074
1 0.253646 0.329167 0.048958 0.099074
0 0.387240 0.118519 0.019271 0.048148
8 0.384115 0.131019 0.044271 0.076852
2 0.392188 0.188889 0.033333 0.068519
1 0.422917 0.145833 0.023958 0.058333
0 0.455990 0.119444 0.019271 0.044444
0 0.471094 0.193056 0.028646 0.058333
0 0.441146 0.293519 0.037500 0.081481
5 0.397917 0.432870 0.060417 0.028704
1 0.551562 0.323611 0.042708 0.102778
1 0.623437 0.336111 0.044792 0.096296
5 0.514062 0.446296 0.037500 0.033333
1 0.609115 0.272222 0.032813 0.072222
1 0.524219 0.231944 0.029687 0.078704
1 0.527344 0.176852 0.023438 0.050000
1 0.557292 0.148611 0.020833 0.047222
0 0.568490 0.189352 0.023438 0.047222
0 0.654948 0.195370 0.028646 0.062963
1 0.716667 0.172222 0.018750 0.044444
2 0.739583 0.164352 0.025000 0.049074
0 0.789062 0.156019 0.023958 0.043519
1 0.764062 0.193056 0.022917 0.052778
0 0.817187 0.203704 0.023958 0.050000
1 0.892448 0.171296 0.024479 0.050000
0 0.837760 0.259259 0.025521 0.062963
1 0.859375 0.239815 0.021875 0.055556
8 0.866667 0.252315 0.038542 0.086111
1 0.916667 0.315741 0.039583 0.081481
0 0.902865 0.271759 0.038021 0.065741
1 0.986719 0.286574 0.026562 0.069444
9 0.967969 0.302778 0.060937 0.103704
