0 0.135417 0.480556 0.063542 0.103704
5 0.092188 0.649074 0.108333 0.053704
0 0.256771 0.504630 0.054167 0.116667
4 0.204167 0.653704 0.045833 0.062963
0 0.388542 0.489815 0.047917 0.098148
3 0.322917 0.679630 0.029167 0.033333
0 0.439063 0.492593 0.037500 0.074074
7 0.610938 0.579630 0.057292 0.096296
7 0.710938 0.562037 0.045833 0.090741
7 0.816667 0.611111 0.065625 0.094444
7 0.757292 0.679630 0.073958 0.129630
9 0.599740 0.579167 0.104688 0.121296
9 0.698438 0.580556 0.092708 0.124074
9 0.818490 0.612037 0.105729 0.109259
9 0.745573 0.665741 0.163021 0.177778
8 0.134115 0.546296 0.146354 0.229630
8 0.258073 0.562963 0.115104 0.224074
8 0.388542 0.567593 0.119792 0.251852
8 0.447917 0.537037 0.067708 0.153704
