7 0.081771 0.733333 0.073958 0.118519
3 0.042188 0.847685 0.054167 0.043519
0 0.234375 0.579630 0.040625 0.077778
0 0.239063 0.659722 0.064583 0.130556
5 0.187240 0.841667 0.120313 0.068519
0 0.346875 0.580556 0.037500 0.079630
3 0.322917 0.708333 0.031250 0.031481
0 0.485938 0.577778 0.047917 0.088889
1 0.527344 0.693519 0.054688 0.124074
4 0.535417 0.805556 0.055208 0.061111
0 0.601042 0.577778 0.041667 0.100000
3 0.610938 0.701852 0.029167 0.040741
0 0.704688 0.605556 0.054167 0.111111
3 0.697396 0.818519 0.035417 0.040741
1 0.835938 0.677778 0.061458 0.111111
5 0.883594 0.826852 0.092188 0.064815
8 0.233594 0.709722 0.136979 0.243519
8 0.244792 0.593519 0.075000 0.094444
8 0.341406 0.625463 0.092188 0.173148
8 0.484635 0.621296 0.106771 0.166667
8 0.532813 0.730556 0.139583 0.207407
8 0.600521 0.618056 0.083333 0.176852
8 0.709115 0.693056 0.132812 0.269444
8 0.852865 0.718981 0.129688 0.193519
9 0.107292 0.735648 0.145833 0.219444
