7 0.085938 0.732407 0.079167 0.100000
3 0.044792 0.848611 0.050000 0.030556
0 0.242969 0.655556 0.051562 0.114815
5 0.192188 0.843519 0.112500 0.055556
0 0.238542 0.581944 0.038542 0.063889
0 0.349479 0.580093 0.040625 0.073148
3 0.327083 0.715741 0.021875 0.025926
5 0.354167 0.716204 0.035417 0.030556
0 0.486198 0.571759 0.033854 0.073148
0 0.597917 0.579630 0.040625 0.092593
3 0.610938 0.705556 0.029167 0.022222
1 0.527865 0.694444 0.054688 0.111111
4 0.539062 0.810185 0.050000 0.066667
0 0.701042 0.605556 0.053125 0.100000
3 0.696615 0.818519 0.032813 0.038889
3 0.841667 0.677778 0.052083 0.107407
5 0.887240 0.825926 0.095312 0.051852
9 0.107292 0.737037 0.138542 0.194444
8 0.238021 0.718519 0.120833 0.224074
8 0.244792 0.625463 0.085417 0.143519
8 0.344271 0.629630 0.082292 0.157407
8 0.480469 0.621296 0.101562 0.159259
8 0.530990 0.732407 0.140104 0.196296
8 0.599219 0.619444 0.079687 0.155556
8 0.707292 0.690741 0.120833 0.251852
8 0.854167 0.721296 0.123958 0.185185
