0 0.180469 0.594444 0.060937 0.127778
3 0.138542 0.762963 0.033333 0.037037
1 0.279167 0.572685 0.041667 0.080556
0 0.322917 0.580556 0.056250 0.125926
4 0.276042 0.640741 0.033333 0.037037
4 0.288542 0.756481 0.054167 0.066667
1 0.402865 0.555556 0.039062 0.088889
4 0.391146 0.651852 0.031250 0.059259
1 0.571615 0.573611 0.032813 0.080556
0 0.601042 0.593519 0.054167 0.101852
4 0.595313 0.782407 0.056250 0.059259
2 0.769271 0.578704 0.062500 0.131481
4 0.766667 0.768519 0.044792 0.059259
0 0.872917 0.618519 0.062500 0.127778
5 0.919271 0.803704 0.137500 0.051852
9 0.404687 0.596759 0.093750 0.165741
9 0.554167 0.603241 0.068750 0.136111
8 0.177344 0.652778 0.131771 0.229630
8 0.318490 0.652778 0.134896 0.257407
8 0.268490 0.595370 0.064062 0.124074
8 0.595833 0.671759 0.140625 0.269444
8 0.750521 0.656019 0.126042 0.278704
8 0.871615 0.671296 0.125521 0.235185
