0 0.182812 0.594444 0.058333 0.125926
3 0.140365 0.766667 0.035937 0.037037
1 0.276042 0.568519 0.040625 0.088889
4 0.273438 0.640741 0.037500 0.037037
0 0.321094 0.588889 0.057813 0.125926
4 0.288542 0.756481 0.056250 0.072222
1 0.401042 0.556481 0.042708 0.090741
4 0.392969 0.651852 0.035937 0.051852
1 0.567187 0.568519 0.031250 0.070370
1 0.601042 0.605556 0.051042 0.114815
4 0.596615 0.768519 0.057813 0.051852
0 0.734896 0.532407 0.051042 0.098148
3 0.749740 0.797222 0.042188 0.044444
0 0.865365 0.579630 0.055729 0.103704
5 0.916146 0.803704 0.135417 0.051852
8 0.177604 0.649537 0.136458 0.225000
8 0.317188 0.656481 0.135417 0.257407
8 0.407813 0.594907 0.088542 0.160185
8 0.593229 0.674074 0.144792 0.253704
8 0.738542 0.639815 0.132292 0.301852
8 0.859896 0.656481 0.123958 0.264815
9 0.271615 0.596759 0.066146 0.137963
9 0.558073 0.604167 0.074479 0.137963
