7 0.116667 0.757407 0.068750 0.118519
3 0.057813 0.830556 0.040625 0.040741
1 0.232292 0.605556 0.045833 0.087037
4 0.213542 0.681481 0.037500 0.037037
7 0.244271 0.741667 0.062500 0.135185
1 0.346094 0.602778 0.042188 0.090741
4 0.335938 0.684259 0.033333 0.055556
1 0.523438 0.620833 0.043750 0.080556
3 0.529167 0.703704 0.036458 0.029630
1 0.626042 0.614815 0.043750 0.085185
6 0.622917 0.692593 0.060417 0.051852
0 0.751563 0.601852 0.060417 0.114815
3 0.753646 0.827778 0.039583 0.040741
0 0.877865 0.620833 0.060937 0.106481
5 0.939063 0.845833 0.112500 0.069444
3 0.227865 0.841667 0.029687 0.035185
8 0.229948 0.637500 0.090104 0.143519
8 0.351823 0.634259 0.093229 0.159259
8 0.519271 0.636111 0.111458 0.131481
8 0.627865 0.637963 0.099479 0.137037
8 0.730990 0.684259 0.174479 0.268519
8 0.876042 0.702778 0.126042 0.246296
9 0.109375 0.730556 0.171875 0.185185
9 0.259375 0.748611 0.142708 0.202778
