2 0.060417 0.643519 0.063542 0.124074
4 0.020573 0.768519 0.040104 0.077778
1 0.143229 0.619444 0.061458 0.103704
6 0.144792 0.744907 0.097917 0.093519
1 0.257292 0.592593 0.046875 0.088889
6 0.254167 0.661574 0.069792 0.054630
1 0.371094 0.618519 0.057813 0.125926
4 0.366667 0.739815 0.062500 0.046296
5 0.376563 0.772685 0.085417 0.019444
1 0.459115 0.553704 0.041146 0.077778
4 0.454688 0.630556 0.037500 0.040741
1 0.622917 0.527778 0.035417 0.070370
1 0.701042 0.505556 0.043750 0.085185
1 0.776563 0.480556 0.041667 0.066667
1 0.660417 0.561574 0.050000 0.108333
2 0.750521 0.562500 0.058333 0.119444
6 0.796094 0.702778 0.092188 0.075926
1 0.910417 0.526389 0.065625 0.119444
4 0.936719 0.687500 0.064062 0.056481
8 0.061198 0.686111 0.121354 0.200000
8 0.175781 0.666204 0.130729 0.200926
8 0.276042 0.611574 0.098958 0.119444
8 0.379167 0.666667 0.148958 0.205556
8 0.464844 0.585648 0.090104 0.136111
8 0.616146 0.560185 0.050000 0.129630
8 0.647917 0.615741 0.108333 0.218519
8 0.704167 0.531481 0.051042 0.122222
8 0.770573 0.618056 0.146354 0.228704
8 0.794792 0.527778 0.081250 0.157407
8 0.914323 0.731481 0.143229 0.509259
