1 0.151042 0.653704 0.039583 0.074074
4 0.126042 0.716667 0.050000 0.040741
1 0.219271 0.630556 0.045833 0.090741
4 0.217188 0.720370 0.043750 0.038889
0 0.301042 0.614815 0.042708 0.088889
4 0.305469 0.727778 0.035937 0.033333
1 0.399740 0.619907 0.045312 0.080556
6 0.374219 0.730556 0.073438 0.040741
0 0.572396 0.630556 0.035417 0.077778
3 0.569792 0.728704 0.027083 0.031481
1 0.760938 0.630556 0.046875 0.085185
2 0.666667 0.637500 0.060417 0.130556
4 0.616146 0.730556 0.043750 0.044444
2 0.851042 0.687500 0.064583 0.130556
3 0.857292 0.855556 0.055208 0.038889
9 0.151042 0.680556 0.094792 0.120370
8 0.229167 0.667130 0.100000 0.147222
8 0.313021 0.658333 0.087500 0.164815
8 0.401823 0.667130 0.090104 0.158333
8 0.566667 0.712500 0.084375 0.225000
8 0.675521 0.710648 0.121875 0.256481
8 0.760938 0.661574 0.094792 0.134259
8 0.860417 0.742130 0.141667 0.225000
