8 0.065104 0.244444 0.082292 0.116667
8 0.066927 0.175000 0.081771 0.127778
8 0.109635 0.167593 0.050521 0.090741
8 0.142708 0.147685 0.048958 0.076852
8 0.341406 0.136574 0.033854 0.078704
8 0.304948 0.172685 0.033854 0.084259
8 0.380729 0.138889 0.043750 0.064815
8 0.420573 0.158796 0.054688 0.091667
9 0.397917 0.220370 0.065625 0.101852
8 0.472917 0.221296 0.079167 0.124074
8 0.518750 0.185648 0.046875 0.099074
8 0.347917 0.245833 0.064583 0.149074
9 0.564844 0.209259 0.048438 0.070370
8 0.625000 0.226389 0.070833 0.108333
9 0.598437 0.288889 0.067708 0.092593
8 0.639844 0.372222 0.130729 0.162963
8 0.533073 0.348148 0.094271 0.190741
8 0.445833 0.350463 0.087500 0.182407
8 0.263021 0.244444 0.070833 0.127778
8 0.205208 0.300000 0.078125 0.150000
8 0.277344 0.355556 0.115104 0.155556
8 0.324219 0.296759 0.093229 0.175000
8 0.151042 0.335648 0.109375 0.175000
5 0.259115 0.425463 0.070312 0.034259
9 0.449219 0.284259 0.074479 0.101852
5 0.516146 0.443056 0.037500 0.032407
8 0.702344 0.174074 0.040104 0.092593
9 0.733073 0.192130 0.058854 0.078704
8 0.768229 0.218981 0.055208 0.087963
8 0.814583 0.215741 0.045833 0.094444
8 0.886719 0.196759 0.048438 0.080556
8 0.830990 0.296759 0.068229 0.123148
8 0.896875 0.339815 0.078125 0.155556
8 0.951302 0.368981 0.097396 0.206481
6 0.974740 0.440741 0.050521 0.044444
1 0.070052 0.225926 0.031771 0.072222
0 0.066927 0.142593 0.029687 0.057407
1 0.038021 0.143056 0.028125 0.058333
1 0.099219 0.155556 0.025521 0.059259
1 0.130729 0.136574 0.025000 0.054630
0 0.139323 0.298611 0.043229 0.093519
1 0.199219 0.271296 0.040104 0.092593
1 0.270052 0.322685 0.045312 0.087963
0 0.280729 0.213889 0.033333 0.066667
1 0.298177 0.254630 0.040104 0.090741
0 0.334375 0.201389 0.032292 0.058333
0 0.305729 0.160648 0.026042 0.054630
1 0.336719 0.123148 0.020313 0.050000
1 0.382292 0.132407 0.018750 0.050000
0 0.442969 0.116667 0.019271 0.046296
8 0.445052 0.135185 0.028646 0.079630
1 0.422135 0.142593 0.022396 0.055556
0 0.404427 0.202315 0.027604 0.062037
0 0.461979 0.190278 0.026042 0.062037
1 0.473177 0.151852 0.022396 0.051852
0 0.513542 0.165278 0.023958 0.056481
0 0.453385 0.304630 0.036979 0.088889
1 0.539062 0.303704 0.039583 0.098148
1 0.570052 0.200926 0.023438 0.051852
9 0.547917 0.159722 0.045833 0.063889
1 0.557031 0.150000 0.021354 0.044444
0 0.616146 0.200926 0.026042 0.053704
1 0.614062 0.280556 0.031250 0.075926
1 0.647135 0.341667 0.047396 0.101852
4 0.644531 0.429630 0.053646 0.042593
1 0.712240 0.150000 0.018229 0.042593
1 0.746875 0.180093 0.023958 0.050926
2 0.780990 0.201389 0.023438 0.050926
2 0.808333 0.196296 0.023958 0.051852
1 0.847656 0.270370 0.029687 0.068519
1 0.897656 0.182407 0.026562 0.050000
6 0.853646 0.335648 0.035417 0.032407
0 0.909635 0.300000 0.038021 0.074074
1 0.960156 0.269907 0.029687 0.062037
8 0.952344 0.287037 0.045312 0.100000
1 0.986979 0.317130 0.026042 0.100926
