8 0.069271 0.247685 0.088542 0.130556
8 0.135417 0.141204 0.058333 0.086111
8 0.092969 0.165741 0.051562 0.114815
8 0.332813 0.155556 0.044792 0.068519
8 0.304167 0.177315 0.044792 0.099074
8 0.343490 0.247685 0.060937 0.132407
8 0.395573 0.218056 0.059896 0.099074
8 0.419792 0.155556 0.051042 0.085185
8 0.472396 0.218519 0.046875 0.114815
8 0.524740 0.261574 0.072396 0.143519
8 0.569792 0.205093 0.047917 0.084259
8 0.644792 0.227315 0.059375 0.112037
8 0.597917 0.280556 0.055208 0.098148
8 0.635417 0.368056 0.098958 0.163889
8 0.538542 0.356019 0.092708 0.167593
8 0.444792 0.344444 0.089583 0.194444
8 0.268490 0.353241 0.132812 0.175000
8 0.326042 0.305556 0.106250 0.142593
8 0.143490 0.343056 0.133854 0.184259
8 0.212240 0.301852 0.067187 0.137037
8 0.280469 0.201389 0.048438 0.087963
8 0.257292 0.243056 0.058333 0.084259
9 0.709115 0.177778 0.039062 0.055556
8 0.734115 0.180556 0.045312 0.096296
8 0.788021 0.180556 0.040625 0.083333
8 0.763542 0.218519 0.058333 0.100000
8 0.814323 0.218519 0.047396 0.088889
8 0.884896 0.192130 0.041667 0.091667
8 0.832292 0.293056 0.070833 0.130556
9 0.902865 0.356019 0.088021 0.128704
8 0.963021 0.380556 0.073958 0.192593
8 0.033594 0.156019 0.053646 0.075000
9 0.547917 0.156019 0.039583 0.069444
1 0.062240 0.225926 0.034896 0.074074
2 0.034115 0.148148 0.031771 0.057407
1 0.082292 0.141667 0.030208 0.064815
1 0.123438 0.129167 0.027083 0.056481
0 0.334115 0.118519 0.020313 0.048148
1 0.359896 0.128241 0.018750 0.050926
8 0.371615 0.134259 0.045312 0.068519
1 0.329167 0.153241 0.020833 0.052778
0 0.302344 0.155556 0.025521 0.053704
0 0.340365 0.210185 0.027604 0.055556
0 0.271615 0.187037 0.024479 0.055556
1 0.423438 0.143981 0.023958 0.058333
0 0.384375 0.202778 0.031250 0.064815
1 0.298698 0.280556 0.038021 0.087037
1 0.262240 0.239352 0.033854 0.071296
1 0.214844 0.277315 0.039062 0.087963
1 0.260417 0.315741 0.051042 0.096296
0 0.148698 0.297685 0.047396 0.093519
0 0.462240 0.134259 0.024479 0.044444
0 0.469792 0.191667 0.029167 0.059259
1 0.518750 0.168056 0.025000 0.056481
8 0.518490 0.186574 0.045312 0.093519
1 0.557292 0.149537 0.020833 0.049074
0 0.569792 0.189815 0.023958 0.048148
0 0.648438 0.205093 0.029167 0.063889
1 0.608594 0.269907 0.033854 0.073148
1 0.524740 0.231019 0.028646 0.076852
5 0.398438 0.430556 0.060417 0.033333
5 0.514323 0.443519 0.036979 0.033333
0 0.441667 0.293519 0.039583 0.083333
2 0.559896 0.328241 0.043750 0.100926
1 0.624740 0.334722 0.047396 0.093519
1 0.716667 0.170833 0.018750 0.043519
2 0.739844 0.160648 0.025521 0.054630
1 0.787240 0.168056 0.024479 0.054630
1 0.763542 0.193056 0.023958 0.052778
0 0.816667 0.203704 0.025000 0.051852
1 0.892188 0.170370 0.026042 0.055556
1 0.859115 0.237963 0.024479 0.055556
0 0.840365 0.259722 0.029687 0.056481
0 0.902865 0.268519 0.039062 0.064815
8 0.894792 0.291204 0.055208 0.102778
1 0.923438 0.339815 0.042708 0.083333
1 0.985938 0.285648 0.027083 0.069444
9 0.970573 0.302315 0.058854 0.102778
