8 0.069792 0.248148 0.092708 0.131481
8 0.055990 0.181481 0.079687 0.100000
8 0.091146 0.168056 0.058333 0.102778
8 0.135417 0.144444 0.048958 0.074074
8 0.165365 0.340741 0.099479 0.181481
8 0.277344 0.355556 0.116146 0.159259
9 0.209115 0.318519 0.065104 0.116667
8 0.318490 0.294907 0.090104 0.169444
9 0.251563 0.254167 0.069792 0.112037
8 0.345573 0.248148 0.058854 0.144444
8 0.305469 0.181019 0.042188 0.084259
9 0.398698 0.218056 0.059896 0.089815
8 0.338542 0.143056 0.051042 0.100926
8 0.379688 0.143056 0.042708 0.065741
8 0.421875 0.156481 0.056250 0.087037
8 0.474740 0.168056 0.045312 0.102778
8 0.470313 0.218056 0.066667 0.134259
8 0.447917 0.268056 0.076042 0.126852
8 0.523698 0.191204 0.050521 0.093519
8 0.627865 0.228704 0.057813 0.105556
9 0.569792 0.172685 0.055208 0.069444
9 0.567969 0.211111 0.047396 0.068519
8 0.442969 0.343056 0.104688 0.193519
8 0.538542 0.356019 0.096875 0.178704
8 0.646094 0.368519 0.138021 0.172222
8 0.605990 0.331019 0.070312 0.130556
9 0.515365 0.283333 0.057813 0.094444
5 0.259115 0.426852 0.069271 0.035185
5 0.513542 0.443056 0.037500 0.032407
9 0.710417 0.176389 0.036458 0.052778
9 0.732292 0.193519 0.055208 0.074074
8 0.763542 0.213889 0.050000 0.088889
8 0.816146 0.218519 0.053125 0.083333
8 0.881771 0.191204 0.050000 0.087963
8 0.835938 0.297685 0.075000 0.119444
8 0.893490 0.355093 0.093229 0.134259
8 0.957292 0.363889 0.085417 0.224074
9 0.597917 0.291204 0.066667 0.095370
8 0.791667 0.190278 0.036458 0.065741
8 0.896094 0.291667 0.053646 0.103704
1 0.059115 0.222685 0.036979 0.069444
1 0.044792 0.168056 0.031250 0.063889
1 0.077865 0.150463 0.029687 0.069444
1 0.127865 0.141204 0.025521 0.056481
2 0.346615 0.118519 0.026562 0.051852
1 0.372917 0.134722 0.020833 0.056481
1 0.263542 0.232870 0.036458 0.075000
1 0.201563 0.305556 0.037500 0.083333
1 0.269271 0.322222 0.047917 0.094444
1 0.302344 0.263426 0.040104 0.093519
1 0.305469 0.168056 0.026562 0.058333
1 0.389844 0.211111 0.030729 0.068519
1 0.428646 0.144907 0.023958 0.060185
0 0.422917 0.113426 0.023958 0.049074
1 0.468490 0.143519 0.023438 0.055556
1 0.526823 0.279630 0.031771 0.083333
1 0.648698 0.340278 0.043229 0.102778
1 0.624219 0.306944 0.032813 0.084259
1 0.524219 0.177315 0.026562 0.062037
1 0.544792 0.152778 0.022917 0.051852
0 0.466146 0.188889 0.029167 0.062963
0 0.439844 0.243056 0.035937 0.078704
0 0.461719 0.293056 0.039062 0.082407
0 0.541667 0.316667 0.038542 0.094444
0 0.625000 0.206019 0.028125 0.063889
1 0.579688 0.178704 0.025000 0.055556
1 0.565365 0.205556 0.025521 0.053704
0 0.340625 0.217130 0.031250 0.069444
0 0.152865 0.299074 0.048438 0.094444
1 0.716667 0.170833 0.018750 0.043519
1 0.746615 0.185648 0.023438 0.056481
1 0.766146 0.193519 0.023958 0.051852
1 0.823438 0.205556 0.027083 0.059259
1 0.793490 0.180556 0.024479 0.051852
1 0.892969 0.173611 0.025521 0.056481
1 0.857292 0.275000 0.029167 0.068519
1 0.904948 0.273611 0.034896 0.069444
1 0.919271 0.330093 0.040625 0.082407
0 0.969792 0.297685 0.050000 0.093519
6 0.852865 0.341667 0.042188 0.029630
4 0.654167 0.430556 0.052083 0.040741
4 0.429167 0.417593 0.029167 0.037037
5 0.979167 0.468056 0.040625 0.030556
