0 0.181771 0.590741 0.062500 0.114815
3 0.139063 0.766667 0.037500 0.037037
1 0.278646 0.568519 0.039583 0.088889
4 0.273438 0.642593 0.029167 0.033333
0 0.322396 0.579630 0.060417 0.118519
4 0.288542 0.757407 0.056250 0.066667
1 0.402344 0.557407 0.042188 0.092593
4 0.394271 0.650926 0.037500 0.044444
1 0.576042 0.566667 0.035417 0.074074
1 0.602865 0.604630 0.051562 0.116667
2 0.785417 0.577778 0.063542 0.125926
1 0.879167 0.618519 0.069792 0.131481
4 0.816146 0.755556 0.054167 0.042593
5 0.921875 0.803704 0.140625 0.051852
4 0.595313 0.768519 0.062500 0.062963
8 0.875000 0.671296 0.117708 0.235185
8 0.757031 0.653241 0.126562 0.273148
8 0.593229 0.675926 0.139583 0.257407
9 0.559115 0.600463 0.077604 0.143519
9 0.408594 0.593981 0.089063 0.162037
8 0.178125 0.651852 0.137500 0.227778
8 0.320312 0.656481 0.134375 0.257407
8 0.271615 0.596296 0.069271 0.125926
