7 0.086719 0.790741 0.076563 0.111111
3 0.048438 0.903704 0.054167 0.037037
0 0.251563 0.683333 0.052083 0.103704
5 0.193490 0.887037 0.129688 0.059259
0 0.241146 0.618519 0.043750 0.038889
0 0.347917 0.626852 0.041667 0.081481
3 0.326042 0.759259 0.022917 0.025926
5 0.357292 0.761111 0.039583 0.029630
0 0.477865 0.625926 0.039062 0.081481
0 0.597917 0.611111 0.041667 0.094444
3 0.614844 0.744444 0.029687 0.025926
1 0.523438 0.722222 0.054167 0.125926
4 0.532292 0.857407 0.041667 0.066667
0 0.697917 0.643519 0.048958 0.103704
3 0.700521 0.862963 0.033333 0.037037
1 0.838021 0.715741 0.057292 0.109259
5 0.891667 0.862037 0.098958 0.057407
8 0.856771 0.760648 0.122917 0.187963
8 0.709115 0.733333 0.120313 0.253704
8 0.599740 0.661111 0.082812 0.155556
8 0.529687 0.777315 0.136458 0.208333
8 0.488542 0.671759 0.070833 0.162037
8 0.349219 0.676389 0.080729 0.160185
8 0.252344 0.758333 0.123438 0.231481
9 0.113021 0.787037 0.148958 0.201852
