0 0.187240 0.605556 0.054688 0.118519
3 0.137240 0.765741 0.039062 0.046296
1 0.322917 0.586574 0.055208 0.132407
4 0.300521 0.743519 0.065625 0.066667
2 0.369271 0.549074 0.040625 0.087037
1 0.573438 0.587500 0.038542 0.069444
1 0.597396 0.617593 0.056250 0.116667
4 0.594271 0.769444 0.070833 0.070370
0 0.746094 0.555556 0.067187 0.116667
3 0.750521 0.784722 0.041667 0.043519
0 0.854688 0.579630 0.059375 0.114815
5 0.907292 0.809722 0.144792 0.069444
8 0.184635 0.657407 0.136979 0.214815
8 0.334635 0.650000 0.128646 0.244444
8 0.393490 0.587500 0.089063 0.167593
8 0.595573 0.679167 0.140104 0.236111
8 0.745313 0.643056 0.126042 0.286111
8 0.870313 0.655093 0.146875 0.262037
8 0.288542 0.593519 0.060417 0.133333
9 0.555990 0.610648 0.077604 0.130556
