8 0.069271 0.247222 0.088542 0.131481
8 0.134115 0.143056 0.054688 0.080556
8 0.094792 0.157407 0.053125 0.118519
8 0.330469 0.156019 0.039062 0.073148
8 0.304688 0.178241 0.044792 0.099074
8 0.343490 0.243981 0.060937 0.136111
9 0.396615 0.225926 0.063021 0.088889
8 0.418490 0.155556 0.053646 0.083333
8 0.472396 0.218519 0.046875 0.114815
8 0.526563 0.258333 0.066667 0.144444
8 0.571615 0.206019 0.050521 0.082407
8 0.646615 0.228704 0.057813 0.111111
8 0.599740 0.281019 0.052604 0.097222
8 0.634896 0.368056 0.098958 0.163889
8 0.542969 0.362500 0.095312 0.169444
8 0.444792 0.344444 0.090625 0.187037
9 0.263542 0.368519 0.127083 0.137037
8 0.322917 0.305556 0.111458 0.146296
8 0.143490 0.343056 0.133854 0.184259
8 0.214844 0.303704 0.067187 0.137037
8 0.280469 0.201852 0.048438 0.087037
8 0.258073 0.256019 0.053646 0.104630
9 0.709115 0.179167 0.039062 0.056481
8 0.732292 0.189815 0.055208 0.087037
8 0.790365 0.181019 0.045312 0.082407
8 0.763542 0.218519 0.058333 0.100000
8 0.816667 0.218056 0.055208 0.095370
8 0.882292 0.187500 0.043750 0.093519
8 0.832292 0.293519 0.073958 0.129630
8 0.904167 0.342130 0.086458 0.156481
8 0.963021 0.386574 0.073958 0.193519
8 0.033594 0.156019 0.053646 0.075000
9 0.546615 0.156019 0.040104 0.067593
1 0.062240 0.218981 0.036979 0.075000
1 0.035417 0.143519 0.030208 0.059259
2 0.085938 0.139352 0.029167 0.062037
1 0.127865 0.131019 0.024479 0.058333
0 0.335938 0.117593 0.020833 0.048148
1 0.328646 0.147685 0.021875 0.056481
0 0.364323 0.118981 0.019271 0.049074
8 0.369792 0.133333 0.045833 0.081481
0 0.301563 0.155556 0.025000 0.057407
0 0.270313 0.186111 0.025000 0.055556
0 0.338542 0.209259 0.026042 0.055556
1 0.388021 0.217130 0.029167 0.065741
1 0.422917 0.143981 0.022917 0.056481
0 0.455990 0.118519 0.019271 0.044444
8 0.463542 0.131481 0.041667 0.075926
0 0.468490 0.191204 0.027604 0.058333
0 0.517188 0.162037 0.023958 0.055556
8 0.521615 0.188426 0.045312 0.099074
1 0.555990 0.143519 0.020313 0.048148
0 0.569792 0.189815 0.022917 0.048148
0 0.646615 0.205556 0.028646 0.062963
1 0.609115 0.271759 0.032813 0.080556
1 0.524219 0.229630 0.032813 0.074074
1 0.298438 0.281019 0.036458 0.089815
1 0.215625 0.278704 0.040625 0.088889
0 0.147917 0.306019 0.047917 0.102778
1 0.249740 0.354630 0.047396 0.090741
5 0.399219 0.430556 0.060937 0.031481
0 0.443490 0.293519 0.039062 0.079630
2 0.563021 0.330556 0.043750 0.101852
5 0.513542 0.443056 0.037500 0.034259
1 0.622917 0.335648 0.045833 0.093519
1 0.717969 0.172222 0.019271 0.044444
1 0.746615 0.173611 0.023438 0.056481
1 0.786719 0.168519 0.024479 0.053704
1 0.762240 0.193519 0.023438 0.051852
1 0.824740 0.199074 0.023438 0.055556
1 0.891667 0.169444 0.023958 0.051852
0 0.867969 0.228704 0.027604 0.051852
0 0.840365 0.261574 0.027604 0.056481
8 0.867188 0.249074 0.038542 0.094444
0 0.915625 0.300463 0.040625 0.075000
1 0.985938 0.285185 0.027083 0.068519
9 0.968490 0.304630 0.063021 0.109259
