1 0.151042 0.630556 0.045833 0.081481
4 0.138542 0.703704 0.043750 0.044444
0 0.234896 0.592593 0.043750 0.088889
4 0.213542 0.705556 0.052083 0.051852
2 0.324219 0.582407 0.048438 0.085185
4 0.291667 0.723611 0.030208 0.030556
1 0.391146 0.617593 0.052083 0.094444
6 0.376563 0.715741 0.084375 0.035185
2 0.582292 0.593519 0.039583 0.077778
4 0.569792 0.705556 0.034375 0.037037
0 0.688542 0.569907 0.048958 0.080556
4 0.674219 0.692593 0.051562 0.066667
1 0.788542 0.592593 0.053125 0.092593
1 0.794792 0.691667 0.053125 0.053704
2 0.856771 0.630556 0.080208 0.127778
4 0.879167 0.820370 0.078125 0.061111
8 0.152865 0.656019 0.102604 0.132407
8 0.235417 0.643056 0.100000 0.171296
8 0.321094 0.631019 0.082812 0.162037
8 0.402604 0.654630 0.102083 0.153704
8 0.573438 0.638889 0.112500 0.157407
8 0.680990 0.626389 0.095312 0.182407
8 0.785417 0.634722 0.108333 0.169444
8 0.891146 0.716667 0.188542 0.283333
