0 0.134896 0.478704 0.058333 0.109259
5 0.089063 0.651852 0.112500 0.051852
0 0.254688 0.505556 0.058333 0.103704
4 0.203646 0.651852 0.043750 0.059259
0 0.385417 0.491667 0.054167 0.116667
3 0.319792 0.679630 0.027083 0.033333
0 0.438021 0.493519 0.033333 0.085185
7 0.609115 0.569444 0.051562 0.090741
7 0.708594 0.566667 0.045312 0.081481
7 0.806250 0.600926 0.050000 0.087037
7 0.753646 0.674074 0.064583 0.118519
9 0.601042 0.579167 0.108333 0.123148
9 0.702865 0.581944 0.095312 0.123148
9 0.815885 0.611574 0.100521 0.117593
9 0.745833 0.663426 0.164583 0.182407
8 0.134635 0.543519 0.146354 0.227778
8 0.248698 0.562963 0.128646 0.224074
8 0.388542 0.575000 0.118750 0.274074
8 0.448958 0.532870 0.066667 0.156481
