0 0.134115 0.473148 0.060937 0.105556
5 0.089063 0.646296 0.114583 0.051852
0 0.255469 0.505556 0.051562 0.111111
4 0.204167 0.655556 0.041667 0.066667
0 0.385417 0.484259 0.053125 0.101852
3 0.319792 0.673148 0.035417 0.044444
0 0.440365 0.486111 0.035937 0.079630
7 0.603125 0.562037 0.053125 0.090741
7 0.710417 0.568519 0.051042 0.092593
7 0.810417 0.599074 0.054167 0.090741
7 0.755469 0.680556 0.064062 0.125926
8 0.136198 0.541204 0.138021 0.226852
8 0.248958 0.566667 0.127083 0.224074
8 0.388542 0.569907 0.118750 0.254630
8 0.450781 0.532870 0.060937 0.149074
9 0.601042 0.574074 0.103125 0.131481
9 0.701042 0.580556 0.094792 0.125926
9 0.743490 0.668056 0.163021 0.180556
9 0.815625 0.612037 0.106250 0.109259
