0 0.182812 0.592593 0.058333 0.118519
3 0.139063 0.761111 0.037500 0.040741
1 0.276042 0.568519 0.040625 0.077778
4 0.267188 0.640741 0.033333 0.037037
1 0.318490 0.584722 0.060937 0.128704
4 0.290365 0.755556 0.064062 0.074074
1 0.403646 0.557407 0.043750 0.088889
4 0.391146 0.650000 0.032292 0.055556
1 0.569792 0.573148 0.037500 0.081481
1 0.601042 0.609259 0.058333 0.125926
4 0.597917 0.770370 0.060417 0.070370
0 0.736719 0.535185 0.051562 0.092593
3 0.750521 0.793519 0.041667 0.042593
0 0.866667 0.580556 0.058333 0.111111
5 0.919271 0.805556 0.137500 0.055556
9 0.269792 0.597685 0.069792 0.130556
9 0.557813 0.603241 0.075000 0.136111
8 0.178125 0.651389 0.137500 0.232407
8 0.318490 0.658796 0.138021 0.262037
8 0.408333 0.596759 0.085417 0.160185
8 0.592187 0.675926 0.138542 0.250000
8 0.739323 0.640278 0.131771 0.304630
8 0.862240 0.656019 0.126562 0.258333
