1 0.059896 0.605556 0.064583 0.100000
0 0.182812 0.570370 0.058333 0.107407
5 0.145313 0.768519 0.089583 0.059259
1 0.294792 0.547222 0.041667 0.087037
6 0.277865 0.643519 0.070312 0.059259
1 0.404167 0.555556 0.059375 0.114815
1 0.472396 0.505556 0.039583 0.081481
4 0.478646 0.611111 0.039583 0.040741
6 0.397917 0.729630 0.098958 0.081481
1 0.667188 0.540741 0.061458 0.137037
0 0.726042 0.468519 0.051042 0.081481
1 0.807292 0.509259 0.071875 0.148148
1 0.834115 0.440741 0.040104 0.081481
1 0.967969 0.502778 0.060937 0.164815
6 0.839063 0.679630 0.098958 0.129630
8 0.088021 0.657870 0.115625 0.213889
8 0.197135 0.644907 0.116146 0.234259
8 0.301042 0.583333 0.101042 0.153704
8 0.412760 0.620370 0.130729 0.244444
8 0.486719 0.551389 0.082812 0.154630
8 0.671354 0.611111 0.134375 0.259259
8 0.734896 0.518519 0.083333 0.187037
8 0.813802 0.579167 0.164062 0.287963
8 0.846615 0.504630 0.079687 0.185185
8 0.948438 0.581481 0.102083 0.266667
