0 0.135417 0.475926 0.053125 0.100000
5 0.089063 0.642593 0.112500 0.062963
0 0.256771 0.503704 0.054167 0.103704
4 0.206771 0.650000 0.045833 0.055556
0 0.388542 0.485185 0.052083 0.107407
3 0.319792 0.681481 0.031250 0.040741
0 0.439063 0.493519 0.037500 0.081481
7 0.604688 0.569444 0.057292 0.090741
7 0.709896 0.567593 0.048958 0.083333
7 0.813542 0.603704 0.054167 0.088889
7 0.753646 0.680556 0.070833 0.131481
8 0.136198 0.540278 0.145313 0.228704
8 0.250781 0.563426 0.123438 0.210185
8 0.388281 0.568056 0.118229 0.252778
8 0.448177 0.535648 0.073438 0.156481
9 0.602865 0.575463 0.106771 0.128704
9 0.703646 0.581481 0.097917 0.122222
9 0.817708 0.607407 0.101042 0.116667
9 0.746354 0.663889 0.165625 0.181481
