1 0.047917 0.627778 0.062500 0.111111
4 0.026042 0.770370 0.051042 0.062963
0 0.147396 0.605556 0.055208 0.103704
5 0.120313 0.786111 0.083333 0.057407
1 0.263542 0.592593 0.040625 0.088889
6 0.259115 0.663889 0.076563 0.050000
1 0.367188 0.612963 0.058333 0.107407
6 0.377865 0.750000 0.095312 0.096296
3 0.317188 0.765741 0.026042 0.042593
1 0.449219 0.555556 0.035937 0.066667
4 0.448437 0.636111 0.031250 0.044444
1 0.613542 0.525000 0.032292 0.057407
1 0.704688 0.507407 0.039583 0.081481
1 0.788021 0.483333 0.041667 0.066667
1 0.645312 0.540741 0.050000 0.118519
1 0.772396 0.574074 0.064583 0.129630
6 0.794792 0.713889 0.096875 0.075926
3 0.732292 0.736111 0.029167 0.053704
1 0.917188 0.537037 0.065625 0.129630
4 0.932813 0.685185 0.067708 0.062963
8 0.054167 0.693981 0.105208 0.232407
8 0.157031 0.667593 0.121354 0.211111
8 0.277865 0.611111 0.107813 0.129630
8 0.383594 0.669444 0.159896 0.218519
8 0.462760 0.594444 0.093229 0.135185
8 0.609115 0.560185 0.048438 0.131481
8 0.643490 0.614815 0.120313 0.250000
8 0.704167 0.543519 0.063542 0.157407
8 0.769271 0.619444 0.137500 0.211111
8 0.792188 0.499537 0.085417 0.108333
8 0.916667 0.599537 0.150000 0.236111
