7 0.113021 0.755556 0.066667 0.120370
3 0.057813 0.831481 0.037500 0.040741
1 0.232813 0.605556 0.043750 0.088889
4 0.212240 0.688889 0.042188 0.037037
7 0.244792 0.742593 0.064583 0.122222
1 0.345313 0.604630 0.050000 0.098148
4 0.338542 0.687037 0.039583 0.055556
1 0.523438 0.618519 0.043750 0.083333
3 0.529167 0.700926 0.036458 0.024074
1 0.625521 0.615741 0.041667 0.087037
6 0.622396 0.693519 0.052083 0.051852
0 0.752865 0.594444 0.060937 0.111111
3 0.751563 0.827778 0.039583 0.040741
0 0.874740 0.618519 0.060937 0.103704
5 0.939063 0.843519 0.116667 0.055556
3 0.228646 0.842593 0.031250 0.033333
8 0.234115 0.632407 0.099479 0.151852
8 0.354167 0.637963 0.091667 0.161111
8 0.518490 0.641204 0.102604 0.125000
8 0.621094 0.636574 0.103646 0.143519
8 0.734375 0.681944 0.175000 0.278704
8 0.877344 0.695370 0.117188 0.250000
9 0.104688 0.726852 0.162500 0.177778
9 0.254167 0.747222 0.146875 0.196296
