1 0.021615 0.468519 0.042188 0.114815
5 0.028646 0.580556 0.056250 0.079630
1 0.174740 0.486111 0.060937 0.118519
4 0.157812 0.604630 0.050000 0.064815
0 0.317188 0.440741 0.057292 0.111111
4 0.249740 0.600000 0.039062 0.066667
0 0.351562 0.443519 0.034375 0.064815
0 0.534115 0.444444 0.042188 0.074074
0 0.640625 0.489815 0.043750 0.064815
0 0.680469 0.510185 0.048438 0.105556
0 0.714063 0.485185 0.027083 0.081481
5 0.669271 0.679630 0.095833 0.040741
9 0.059896 0.511574 0.118750 0.206481
8 0.182552 0.532870 0.122396 0.195370
8 0.318229 0.515741 0.159375 0.253704
8 0.372135 0.493056 0.075521 0.156481
8 0.527083 0.497685 0.093750 0.169444
8 0.622135 0.520833 0.085938 0.125000
8 0.666927 0.568981 0.133854 0.219444
8 0.718490 0.525000 0.066146 0.153704
