0 0.178646 0.590741 0.064583 0.114815
3 0.141667 0.760185 0.033333 0.042593
1 0.278646 0.573148 0.039583 0.081481
4 0.274219 0.642593 0.035937 0.025926
0 0.322917 0.577778 0.062500 0.122222
4 0.291146 0.759259 0.052083 0.077778
1 0.403646 0.555556 0.042708 0.100000
4 0.392969 0.651852 0.039062 0.048148
0 0.588542 0.605556 0.062500 0.122222
4 0.605990 0.771296 0.050521 0.064815
2 0.804167 0.590741 0.061458 0.129630
4 0.822917 0.755556 0.051042 0.059259
1 0.894792 0.614815 0.070833 0.125926
5 0.919792 0.805556 0.135417 0.072222
8 0.180208 0.650000 0.142708 0.231481
8 0.316927 0.654630 0.132812 0.255556
8 0.596094 0.674074 0.136979 0.237037
8 0.763802 0.660185 0.139063 0.264815
8 0.881510 0.673611 0.117188 0.232407
8 0.268490 0.598611 0.067187 0.130556
9 0.410156 0.598148 0.083854 0.168519
9 0.572135 0.603241 0.103646 0.128704
