1 0.035417 0.467593 0.062500 0.116667
5 0.042448 0.585185 0.083854 0.081481
1 0.197396 0.486111 0.058333 0.116667
4 0.185938 0.600000 0.054167 0.055556
1 0.326042 0.455556 0.056250 0.122222
4 0.288542 0.580556 0.043750 0.050000
5 0.285938 0.634259 0.120833 0.050000
0 0.372396 0.445370 0.043750 0.064815
0 0.554167 0.447222 0.041667 0.081481
0 0.632292 0.476852 0.035417 0.081481
0 0.729688 0.480556 0.033333 0.074074
0 0.698438 0.507407 0.048958 0.107407
5 0.691146 0.677778 0.085417 0.051852
8 0.207031 0.529630 0.121354 0.190741
8 0.338281 0.515741 0.149479 0.233333
8 0.391146 0.492130 0.071875 0.152778
8 0.546094 0.496296 0.092188 0.172222
8 0.632292 0.513889 0.079167 0.138889
8 0.685677 0.568981 0.139063 0.221296
8 0.740365 0.525463 0.060937 0.156481
9 0.072917 0.516204 0.144792 0.199074
