7 0.117188 0.759722 0.070833 0.119444
3 0.059896 0.832407 0.035417 0.040741
1 0.232813 0.604630 0.043750 0.083333
4 0.210938 0.682407 0.037500 0.037037
7 0.242188 0.742593 0.063542 0.122222
1 0.349740 0.599537 0.048438 0.093519
4 0.338021 0.685648 0.033333 0.054630
1 0.524740 0.622685 0.042188 0.080556
3 0.529167 0.699537 0.036458 0.030556
1 0.627865 0.618519 0.039062 0.083333
6 0.624740 0.693519 0.060937 0.050000
0 0.754167 0.596296 0.065625 0.112963
3 0.755990 0.829630 0.042188 0.044444
0 0.875521 0.618519 0.062500 0.101852
5 0.939063 0.843519 0.112500 0.059259
3 0.226042 0.843519 0.031250 0.029630
9 0.107292 0.725000 0.164583 0.181481
9 0.255990 0.749074 0.142187 0.196296
8 0.236198 0.630556 0.111979 0.142593
8 0.351823 0.634722 0.095312 0.162037
8 0.518490 0.647685 0.107813 0.113889
8 0.627865 0.643519 0.102604 0.131481
8 0.733594 0.682870 0.173437 0.273148
8 0.877865 0.689815 0.114062 0.277778
