1 0.172917 0.625926 0.066667 0.125926
3 0.141667 0.798148 0.043750 0.055556
1 0.321094 0.590741 0.042188 0.062963
1 0.317188 0.659259 0.056250 0.105556
5 0.273438 0.784259 0.093750 0.044444
1 0.395313 0.625926 0.045833 0.088889
6 0.400521 0.703704 0.066667 0.044444
0 0.556771 0.555556 0.037500 0.070370
1 0.663542 0.593519 0.040625 0.090741
2 0.602865 0.630556 0.057813 0.114815
4 0.669271 0.689815 0.045833 0.046296
3 0.599219 0.818519 0.032813 0.037037
1 0.783594 0.627778 0.054688 0.129630
4 0.799740 0.780556 0.054688 0.053704
1 0.926042 0.655556 0.068750 0.120370
5 0.963542 0.818519 0.067708 0.059259
8 0.182292 0.681481 0.129167 0.237037
8 0.327865 0.710185 0.122396 0.194444
8 0.319271 0.596759 0.063542 0.099074
8 0.414062 0.652315 0.094792 0.132407
8 0.542969 0.625463 0.079687 0.206481
8 0.597396 0.704630 0.118750 0.225926
8 0.667969 0.630093 0.078646 0.182407
8 0.787240 0.677778 0.130729 0.253704
8 0.935937 0.700926 0.127083 0.201852
