0 0.185938 0.594444 0.062500 0.111111
3 0.141667 0.768519 0.033333 0.029630
1 0.288021 0.574074 0.037500 0.081481
4 0.279167 0.636111 0.033333 0.044444
0 0.332813 0.568519 0.050000 0.107407
3 0.294792 0.758333 0.038542 0.038889
1 0.396615 0.567593 0.042188 0.094444
4 0.394271 0.643519 0.037500 0.046296
0 0.572396 0.557407 0.034375 0.074074
1 0.597917 0.615741 0.062500 0.116667
4 0.597396 0.768519 0.065625 0.070370
1 0.722396 0.579630 0.056250 0.114815
1 0.759896 0.565741 0.039583 0.075926
2 0.829688 0.639815 0.075000 0.112963
4 0.739844 0.673148 0.045312 0.057407
5 0.911458 0.807407 0.148958 0.059259
9 0.282292 0.601389 0.075000 0.125000
9 0.410677 0.600463 0.084896 0.150926
8 0.186198 0.650000 0.134896 0.222222
8 0.331250 0.644907 0.116667 0.247222
8 0.557813 0.594444 0.079167 0.150000
8 0.594792 0.675000 0.138542 0.235185
8 0.726823 0.655556 0.134896 0.275926
8 0.854688 0.690278 0.131250 0.210185
8 0.769010 0.603241 0.055729 0.149074
