1 0.211458 0.432870 0.027083 0.058333
8 0.208073 0.453241 0.071354 0.097222
1 0.113281 0.412037 0.027604 0.051852
9 0.117188 0.418519 0.051042 0.068519
1 0.257292 0.399074 0.021875 0.044444
8 0.269792 0.425463 0.055208 0.087963
1 0.160938 0.391667 0.023958 0.046296
9 0.164844 0.393056 0.051562 0.050926
1 0.211979 0.385648 0.019792 0.037963
1 0.239063 0.350463 0.018750 0.037963
1 0.273438 0.354630 0.017708 0.038889
8 0.276042 0.365741 0.039583 0.062963
1 0.308073 0.350926 0.019271 0.037037
9 0.311198 0.354630 0.034896 0.044444
0 0.319792 0.451389 0.026042 0.052778
8 0.327865 0.481481 0.065104 0.118519
0 0.409115 0.456019 0.030729 0.056481
8 0.405990 0.483333 0.070312 0.118519
1 0.513542 0.493519 0.029167 0.066667
0 0.591667 0.444907 0.028125 0.067593
8 0.591667 0.481481 0.066667 0.135185
0 0.666146 0.455556 0.032292 0.061111
8 0.669792 0.491204 0.085417 0.128704
1 0.354167 0.440741 0.026042 0.059259
9 0.367448 0.456019 0.052604 0.097222
1 0.429688 0.431019 0.026042 0.062037
8 0.440885 0.456019 0.048438 0.110185
0 0.393490 0.393056 0.022396 0.041667
8 0.392188 0.417130 0.045833 0.087963
0 0.451042 0.392593 0.018750 0.040741
8 0.455990 0.418519 0.026562 0.092593
2 0.526563 0.404167 0.020833 0.049074
8 0.521354 0.419907 0.054167 0.089815
1 0.581771 0.414815 0.022917 0.048148
1 0.634115 0.418519 0.021354 0.051852
8 0.626563 0.431019 0.036458 0.076852
0 0.655990 0.377315 0.018229 0.041667
8 0.660417 0.393056 0.042708 0.073148
0 0.542188 0.368056 0.018750 0.043519
8 0.548438 0.391667 0.029167 0.081481
1 0.491667 0.378704 0.019792 0.040741
8 0.491667 0.393519 0.044792 0.072222
1 0.419792 0.356019 0.017708 0.037963
8 0.423438 0.368056 0.031250 0.063889
1 0.436719 0.343519 0.014063 0.035185
8 0.441667 0.351852 0.032292 0.051852
1 0.475000 0.335648 0.014583 0.034259
8 0.474740 0.337037 0.028646 0.044444
1 0.505990 0.340278 0.015104 0.036111
8 0.505990 0.346759 0.033854 0.056481
1 0.543490 0.340741 0.021354 0.029630
0 0.574740 0.351852 0.018229 0.035185
8 0.576042 0.367593 0.034375 0.066667
1 0.599740 0.330556 0.013021 0.033333
8 0.594792 0.343056 0.023958 0.052778
1 0.616667 0.368056 0.015625 0.030556
8 0.613542 0.380556 0.039583 0.050000
1 0.720313 0.343519 0.012500 0.029630
1 0.732292 0.354630 0.015625 0.035185
8 0.730990 0.367593 0.033854 0.062963
1 0.780469 0.355556 0.017188 0.038889
8 0.776042 0.360648 0.027083 0.043519
0 0.755469 0.368519 0.014063 0.037037
1 0.797917 0.368056 0.017708 0.041667
1 0.858073 0.348148 0.017188 0.038889
8 0.853646 0.356944 0.033333 0.056481
1 0.832292 0.388426 0.020833 0.037963
0 0.819271 0.409259 0.017708 0.044444
8 0.814844 0.430556 0.047396 0.085185
1 0.876823 0.445370 0.025521 0.064815
8 0.864062 0.468519 0.056250 0.112963
1 0.939323 0.466204 0.038021 0.069444
8 0.917448 0.497222 0.081771 0.131481
6 0.934115 0.538889 0.046354 0.050000
9 0.514844 0.503704 0.072396 0.088889
8 0.793490 0.381019 0.040104 0.067593
5 0.163542 0.543056 0.038542 0.025000
5 0.268490 0.458333 0.027604 0.024074
8 0.752865 0.380556 0.032813 0.066667
