0 0.177865 0.593519 0.060937 0.120370
3 0.139063 0.761111 0.031250 0.044444
1 0.279167 0.572222 0.037500 0.094444
4 0.269792 0.642593 0.038542 0.040741
0 0.322396 0.580556 0.060417 0.124074
4 0.288542 0.755556 0.062500 0.074074
1 0.402344 0.555556 0.045312 0.100000
4 0.391146 0.651852 0.031250 0.059259
1 0.574740 0.568519 0.038021 0.079630
1 0.597917 0.618519 0.059375 0.125926
4 0.597396 0.769444 0.056250 0.072222
0 0.747917 0.543519 0.043750 0.066667
2 0.792188 0.592593 0.059375 0.133333
4 0.809115 0.751852 0.057813 0.048148
1 0.894792 0.603704 0.061458 0.125926
6 0.915365 0.792593 0.145313 0.088889
8 0.758594 0.658796 0.133854 0.263889
8 0.877865 0.665278 0.120313 0.254630
8 0.736198 0.592130 0.066146 0.147222
8 0.177865 0.651852 0.139063 0.227778
8 0.317188 0.655556 0.136458 0.257407
8 0.271094 0.596296 0.063021 0.137037
9 0.405990 0.592130 0.085938 0.175000
8 0.594271 0.679167 0.141667 0.247222
9 0.556771 0.595370 0.073958 0.148148
