0 0.181771 0.593519 0.062500 0.116667
3 0.141667 0.763889 0.037500 0.038889
1 0.276042 0.568519 0.047917 0.088889
4 0.272396 0.641667 0.035417 0.046296
1 0.319792 0.583333 0.061458 0.133333
4 0.288542 0.755556 0.056250 0.075926
1 0.404167 0.555556 0.050000 0.088889
4 0.394271 0.649074 0.034375 0.055556
1 0.566667 0.569444 0.036458 0.087037
1 0.600521 0.610648 0.051042 0.123148
4 0.599740 0.768519 0.054688 0.051852
0 0.734896 0.537963 0.058333 0.105556
3 0.749740 0.793519 0.045312 0.038889
0 0.866667 0.581481 0.055208 0.111111
5 0.918750 0.804630 0.140625 0.053704
8 0.175781 0.656019 0.134896 0.230556
8 0.319271 0.655556 0.133333 0.262963
8 0.407292 0.596759 0.083333 0.160185
8 0.595052 0.674537 0.135937 0.250926
8 0.738802 0.641204 0.128646 0.304630
8 0.860938 0.657407 0.125000 0.261111
9 0.271615 0.599074 0.070312 0.133333
9 0.554688 0.598148 0.079167 0.142593
