7 0.116667 0.756481 0.071875 0.125926
3 0.059375 0.834259 0.040625 0.037037
1 0.231250 0.605556 0.050000 0.092593
4 0.216146 0.680556 0.043750 0.040741
7 0.246875 0.737500 0.075000 0.130556
1 0.349219 0.600463 0.045312 0.093519
4 0.337240 0.683333 0.039062 0.050000
1 0.524740 0.619907 0.045312 0.080556
3 0.527865 0.701852 0.039062 0.022222
1 0.628646 0.613426 0.046875 0.080556
6 0.626042 0.693519 0.059375 0.059259
0 0.754167 0.600463 0.058333 0.119444
3 0.751563 0.825926 0.037500 0.037037
0 0.872917 0.619444 0.056250 0.111111
5 0.938021 0.844444 0.116667 0.057407
3 0.227344 0.840741 0.029687 0.037037
8 0.235937 0.625000 0.098958 0.118519
8 0.353646 0.637500 0.092708 0.154630
8 0.519792 0.645370 0.105208 0.138889
8 0.627865 0.643056 0.117188 0.134259
8 0.736198 0.683796 0.175521 0.282407
8 0.877344 0.694907 0.117188 0.249074
9 0.107813 0.741667 0.158333 0.183333
9 0.256250 0.744907 0.146875 0.215741
