0 0.166667 0.630556 0.067708 0.120370
3 0.144271 0.803704 0.045833 0.037037
1 0.317188 0.657407 0.056250 0.103704
5 0.276042 0.784259 0.101042 0.044444
1 0.321615 0.593519 0.042188 0.057407
0 0.395313 0.587037 0.045833 0.081481
6 0.402865 0.703704 0.070312 0.051852
0 0.566667 0.555556 0.034375 0.074074
1 0.663542 0.593519 0.048958 0.087037
4 0.669792 0.684259 0.046875 0.050000
2 0.594271 0.637037 0.061458 0.105556
3 0.598437 0.809259 0.031250 0.044444
1 0.785417 0.618519 0.063542 0.125926
4 0.805469 0.780556 0.051562 0.066667
1 0.922917 0.650926 0.067708 0.112963
5 0.961719 0.818519 0.076563 0.064815
8 0.179948 0.681944 0.130729 0.230556
8 0.325260 0.706944 0.124479 0.193519
8 0.334115 0.621296 0.063021 0.107407
8 0.408594 0.633333 0.093229 0.162963
8 0.548958 0.615741 0.083333 0.181481
8 0.597656 0.701389 0.119271 0.221296
8 0.664844 0.631019 0.102604 0.162037
8 0.784115 0.684722 0.138021 0.256481
8 0.934896 0.704167 0.130208 0.219444
