1 0.084375 0.645370 0.052083 0.107407
1 0.141667 0.627778 0.058333 0.100000
6 0.129688 0.768519 0.107292 0.074074
1 0.051042 0.614815 0.037500 0.066667
6 0.017188 0.677778 0.033333 0.044444
1 0.259115 0.585185 0.051562 0.081481
6 0.251563 0.662037 0.072917 0.055556
1 0.457813 0.550926 0.041667 0.087037
4 0.457813 0.635185 0.050000 0.044444
1 0.376563 0.616667 0.068750 0.122222
4 0.365365 0.730556 0.057813 0.048148
5 0.377865 0.770833 0.089063 0.030556
1 0.621615 0.527778 0.032813 0.070370
1 0.698438 0.505556 0.043750 0.083333
1 0.663021 0.555556 0.050000 0.118519
2 0.744792 0.566667 0.055208 0.111111
6 0.792969 0.705556 0.089063 0.092593
1 0.912240 0.528704 0.071354 0.120370
4 0.935417 0.684259 0.068750 0.068519
8 0.042188 0.635185 0.059375 0.118519
8 0.070573 0.686574 0.130729 0.206481
8 0.177344 0.679167 0.125521 0.210185
9 0.274740 0.610648 0.103646 0.119444
8 0.380990 0.664815 0.150521 0.212963
8 0.461458 0.587037 0.086458 0.142593
8 0.614844 0.561574 0.048438 0.132407
8 0.647396 0.612963 0.108333 0.218519
8 0.701042 0.554167 0.043750 0.160185
8 0.770312 0.612037 0.155208 0.229630
8 0.914844 0.597685 0.152604 0.243519
8 0.786719 0.533333 0.098437 0.150000
