8 0.068490 0.243056 0.085938 0.130556
9 0.135417 0.151389 0.052083 0.075000
8 0.381771 0.134722 0.035417 0.069444
8 0.304688 0.169907 0.039583 0.078704
8 0.344792 0.247222 0.046875 0.138889
8 0.274740 0.345833 0.108854 0.176852
8 0.165885 0.335185 0.100521 0.185185
8 0.423438 0.157407 0.046875 0.079630
8 0.397135 0.215741 0.066146 0.111111
9 0.449219 0.271296 0.073438 0.124074
8 0.448698 0.348611 0.104688 0.193519
5 0.514844 0.443056 0.040104 0.037963
8 0.571615 0.207407 0.051562 0.077778
8 0.546875 0.355093 0.095833 0.189815
8 0.630729 0.226852 0.055208 0.109259
8 0.647396 0.373611 0.133333 0.180556
9 0.710938 0.177778 0.037500 0.053704
9 0.735938 0.189352 0.052083 0.084259
8 0.763542 0.215741 0.047917 0.092593
8 0.812500 0.218519 0.047917 0.090741
8 0.884115 0.189815 0.042188 0.088889
8 0.839323 0.295833 0.067187 0.117593
8 0.904687 0.344907 0.081250 0.154630
8 0.034115 0.155556 0.048438 0.087037
8 0.342708 0.141667 0.065625 0.098148
8 0.477865 0.223148 0.055729 0.118519
8 0.211719 0.301852 0.089063 0.155556
8 0.521615 0.187963 0.049479 0.100000
5 0.255990 0.418519 0.073438 0.033333
9 0.324740 0.293056 0.076563 0.173148
9 0.598437 0.289352 0.061458 0.095370
8 0.552865 0.163889 0.043229 0.098148
9 0.796094 0.188889 0.038021 0.074074
1 0.063542 0.221296 0.031250 0.077778
1 0.043229 0.146759 0.025000 0.058333
1 0.127083 0.144444 0.023958 0.057407
1 0.063542 0.163426 0.032292 0.058333
1 0.346615 0.120370 0.023438 0.053704
1 0.374740 0.130093 0.020313 0.052778
1 0.422917 0.146296 0.022917 0.061111
0 0.447917 0.107870 0.021875 0.047222
8 0.451042 0.128241 0.036458 0.084259
0 0.396094 0.193519 0.029687 0.062963
0 0.336458 0.209722 0.030208 0.060185
0 0.299740 0.157407 0.025521 0.051852
0 0.307292 0.248148 0.037500 0.081481
0 0.276042 0.302315 0.040625 0.087963
1 0.190365 0.273148 0.043229 0.092593
0 0.152344 0.294444 0.043229 0.094444
0 0.475521 0.157870 0.026042 0.056481
1 0.464844 0.196759 0.027604 0.063889
1 0.443490 0.247222 0.031771 0.068519
0 0.453125 0.296296 0.039583 0.081481
1 0.527604 0.275926 0.031250 0.081481
0 0.516146 0.163889 0.023958 0.051852
0 0.557813 0.138426 0.023958 0.049074
0 0.572396 0.192130 0.025000 0.049074
0 0.624219 0.206019 0.025521 0.058333
1 0.611458 0.279630 0.033333 0.072222
2 0.551302 0.310185 0.048438 0.098148
1 0.650781 0.336574 0.047396 0.102778
4 0.653385 0.433333 0.050521 0.040741
1 0.717708 0.173148 0.018750 0.042593
1 0.744792 0.175926 0.025000 0.053704
1 0.792448 0.181944 0.026562 0.056481
2 0.770573 0.194907 0.023438 0.049074
2 0.815104 0.200463 0.025000 0.050926
1 0.892448 0.171759 0.024479 0.052778
1 0.853125 0.275000 0.032292 0.070370
6 0.843750 0.340741 0.042708 0.027778
1 0.922396 0.311574 0.040625 0.086111
