1 0.175521 0.629630 0.066667 0.129630
3 0.144792 0.798148 0.044792 0.033333
1 0.318490 0.593519 0.041146 0.061111
1 0.319271 0.655556 0.053125 0.118519
5 0.276042 0.780556 0.097917 0.051852
0 0.557292 0.555556 0.036458 0.075926
2 0.601042 0.630556 0.060417 0.112963
3 0.595313 0.818519 0.029167 0.037037
1 0.665365 0.593519 0.048438 0.090741
4 0.669271 0.691667 0.045833 0.042593
1 0.781771 0.622222 0.054167 0.131481
4 0.796875 0.781481 0.056250 0.051852
1 0.923438 0.650000 0.063542 0.118519
5 0.960938 0.818519 0.071875 0.066667
1 0.394271 0.618519 0.045833 0.085185
4 0.400521 0.706481 0.070833 0.050000
8 0.179688 0.692130 0.132292 0.225000
8 0.327865 0.706481 0.120313 0.198148
8 0.326042 0.609259 0.065625 0.111111
8 0.417708 0.650926 0.092708 0.148148
8 0.546615 0.626389 0.070312 0.230556
8 0.596354 0.704630 0.121875 0.225926
8 0.665625 0.628241 0.087500 0.165741
8 0.785417 0.681019 0.142708 0.252778
8 0.935417 0.703704 0.129167 0.214815
