7 0.084115 0.734259 0.067187 0.105556
3 0.045312 0.846296 0.046875 0.037037
0 0.239844 0.655556 0.054688 0.098148
0 0.239063 0.577778 0.039583 0.059259
5 0.187240 0.841667 0.117188 0.050000
0 0.347917 0.581481 0.037500 0.074074
3 0.324219 0.712037 0.017188 0.031481
5 0.354167 0.710185 0.034375 0.031481
0 0.485938 0.574074 0.033333 0.081481
0 0.594792 0.565741 0.041667 0.083333
3 0.611719 0.705556 0.026562 0.025926
1 0.529687 0.687963 0.056250 0.118519
4 0.539583 0.802778 0.055208 0.061111
0 0.704167 0.602778 0.058333 0.101852
3 0.695312 0.818519 0.025000 0.037037
1 0.838021 0.674074 0.058333 0.107407
5 0.884896 0.823148 0.085417 0.057407
8 0.241667 0.722685 0.117708 0.217593
8 0.244271 0.626389 0.083333 0.143519
8 0.346094 0.628704 0.082812 0.157407
8 0.483594 0.623611 0.107813 0.160185
8 0.530208 0.733333 0.132292 0.194444
8 0.598698 0.617130 0.078646 0.163889
8 0.708073 0.684722 0.119271 0.262037
8 0.855990 0.721759 0.126562 0.186111
9 0.107813 0.737037 0.139583 0.203704
