0 0.192188 0.591667 0.065625 0.109259
3 0.141667 0.762037 0.037500 0.044444
1 0.290365 0.574074 0.035937 0.081481
0 0.338542 0.565741 0.058333 0.105556
0 0.401042 0.535185 0.045833 0.092593
1 0.571094 0.580556 0.035937 0.081481
1 0.600521 0.607407 0.053125 0.129630
4 0.584115 0.777778 0.051562 0.059259
1 0.767188 0.562037 0.041667 0.057407
0 0.809896 0.567593 0.057292 0.109259
1 0.967708 0.636111 0.058333 0.118519
8 0.191667 0.651852 0.130208 0.224074
8 0.291667 0.600000 0.058333 0.118519
8 0.342448 0.643056 0.131771 0.250926
8 0.409896 0.587500 0.084375 0.184259
8 0.594792 0.675000 0.139583 0.242593
8 0.799479 0.655093 0.142708 0.276852
8 0.941667 0.693519 0.111458 0.220370
9 0.552865 0.612037 0.074479 0.133333
9 0.745833 0.609722 0.084375 0.143519
