8 0.065365 0.243519 0.082812 0.118519
8 0.089063 0.163889 0.058333 0.101852
8 0.139063 0.148611 0.047917 0.069444
8 0.163021 0.355556 0.097917 0.144444
8 0.277344 0.356019 0.115104 0.154630
9 0.205990 0.318519 0.088021 0.124074
9 0.315365 0.311574 0.085938 0.143519
9 0.246615 0.256019 0.071354 0.104630
8 0.343490 0.250463 0.061979 0.143519
8 0.307292 0.181481 0.043750 0.079630
9 0.398438 0.225000 0.061458 0.081481
8 0.335938 0.152778 0.041667 0.079630
8 0.378646 0.141204 0.045833 0.067593
8 0.423698 0.164815 0.050521 0.075926
8 0.476042 0.161111 0.042708 0.105556
9 0.515625 0.199074 0.050000 0.077778
8 0.624219 0.224074 0.065104 0.105556
9 0.572396 0.179630 0.063542 0.064815
9 0.568490 0.217130 0.058854 0.063889
8 0.445312 0.353241 0.090625 0.186111
8 0.535417 0.355556 0.092708 0.172222
8 0.641667 0.368519 0.126042 0.168519
9 0.501563 0.291204 0.043750 0.091667
5 0.259115 0.426852 0.069271 0.035185
5 0.513542 0.443056 0.037500 0.032407
9 0.710938 0.178704 0.034375 0.053704
9 0.731771 0.193056 0.053125 0.075000
8 0.764844 0.217130 0.048438 0.087963
8 0.816146 0.218519 0.051042 0.085185
8 0.875521 0.191204 0.052083 0.076852
8 0.830990 0.304167 0.077604 0.123148
8 0.893490 0.355093 0.092188 0.134259
8 0.957292 0.380093 0.085417 0.173148
9 0.597917 0.287963 0.065625 0.094444
5 0.979688 0.468519 0.040625 0.033333
1 0.717969 0.171296 0.018229 0.040741
8 0.443490 0.129630 0.030729 0.083333
8 0.465365 0.218056 0.064062 0.119444
9 0.542188 0.155556 0.040625 0.062963
1 0.062240 0.222222 0.034896 0.075926
1 0.075000 0.143981 0.028125 0.062037
1 0.132812 0.143056 0.025000 0.054630
1 0.141667 0.329167 0.045833 0.087963
1 0.182292 0.301389 0.039583 0.076852
1 0.266667 0.326389 0.044792 0.087963
1 0.264844 0.242593 0.034896 0.074074
1 0.302344 0.304167 0.042188 0.082407
0 0.342448 0.213889 0.030729 0.062963
1 0.305990 0.170833 0.025521 0.060185
0 0.333594 0.141204 0.020313 0.054630
1 0.377344 0.132870 0.019271 0.050926
1 0.388542 0.218519 0.030208 0.066667
0 0.421615 0.156019 0.023438 0.056481
0 0.440365 0.110648 0.019271 0.043519
0 0.472396 0.132870 0.022917 0.047222
1 0.462240 0.193056 0.027604 0.063889
0 0.463542 0.306019 0.035417 0.093519
1 0.441667 0.268519 0.031250 0.072222
9 0.429688 0.281944 0.066667 0.099074
1 0.512240 0.191204 0.023438 0.052778
1 0.504167 0.280556 0.030208 0.075926
0 0.534115 0.317593 0.039062 0.094444
1 0.571615 0.213889 0.024479 0.051852
1 0.545312 0.151389 0.021875 0.047222
1 0.577865 0.171759 0.026562 0.049074
0 0.624219 0.205093 0.026562 0.063889
1 0.644271 0.335185 0.043750 0.100000
4 0.643490 0.429167 0.050521 0.039815
1 0.742969 0.181019 0.024479 0.052778
0 0.766146 0.195370 0.021875 0.048148
1 0.794792 0.189352 0.023958 0.050926
9 0.792188 0.193056 0.035417 0.060185
1 0.822917 0.205556 0.023958 0.050000
1 0.885938 0.177315 0.026042 0.049074
1 0.853125 0.279167 0.028125 0.071296
6 0.843490 0.337037 0.043229 0.031481
1 0.917969 0.328241 0.041146 0.082407
1 0.987240 0.341667 0.025521 0.098148
1 0.977865 0.282407 0.032813 0.068519
8 0.964063 0.293519 0.057292 0.085185
