8 0.069271 0.247222 0.087500 0.131481
8 0.135417 0.143056 0.055208 0.080556
8 0.091146 0.165741 0.055208 0.111111
8 0.380469 0.135185 0.043229 0.081481
8 0.330990 0.147685 0.045312 0.080556
8 0.307292 0.177315 0.039583 0.097222
8 0.341667 0.252315 0.058333 0.137963
9 0.396615 0.226852 0.063021 0.087037
8 0.419792 0.155556 0.055208 0.083333
8 0.474740 0.218519 0.041146 0.114815
8 0.452865 0.259722 0.082812 0.130556
8 0.521615 0.256019 0.057813 0.141667
8 0.569792 0.205556 0.047917 0.083333
8 0.644792 0.228241 0.058333 0.110185
8 0.596615 0.281019 0.060937 0.100926
8 0.644792 0.353241 0.114583 0.200926
8 0.537240 0.343519 0.097396 0.194444
8 0.443490 0.345833 0.092188 0.180556
9 0.263542 0.368519 0.121875 0.133333
8 0.316667 0.306019 0.085417 0.137963
8 0.140885 0.340741 0.134896 0.190741
8 0.214844 0.303704 0.067187 0.137037
8 0.265365 0.243519 0.067187 0.135185
9 0.707292 0.180093 0.038542 0.056481
9 0.733594 0.193056 0.056771 0.082407
8 0.791667 0.181019 0.041667 0.082407
8 0.763542 0.218519 0.055208 0.092593
8 0.816667 0.218519 0.055208 0.090741
8 0.884896 0.188889 0.042708 0.085185
8 0.832292 0.293056 0.075000 0.130556
9 0.909115 0.355093 0.082812 0.128704
8 0.963021 0.380556 0.073958 0.192593
8 0.032813 0.155556 0.055208 0.079630
8 0.544792 0.155093 0.040625 0.076852
5 0.398438 0.431019 0.060417 0.030556
5 0.513542 0.443056 0.037500 0.032407
8 0.518490 0.184722 0.046354 0.093519
8 0.869271 0.243981 0.037500 0.093519
9 0.972396 0.295833 0.055208 0.093519
1 0.062240 0.222222 0.034896 0.068519
2 0.037240 0.143519 0.031771 0.057407
2 0.077865 0.141667 0.029687 0.062963
1 0.128385 0.132407 0.027604 0.055556
2 0.332292 0.131019 0.026042 0.050926
0 0.376823 0.125926 0.021354 0.051852
0 0.454948 0.118056 0.021354 0.043519
0 0.479167 0.135648 0.020833 0.043519
0 0.460417 0.157407 0.026042 0.055556
0 0.470313 0.193056 0.028125 0.060185
1 0.422396 0.143981 0.022917 0.056481
1 0.388542 0.218056 0.032292 0.067593
0 0.339323 0.212037 0.030729 0.055556
0 0.270313 0.208333 0.035417 0.068519
1 0.215365 0.281019 0.039062 0.087963
1 0.242969 0.356019 0.048438 0.097222
1 0.325521 0.293519 0.042708 0.087037
2 0.454167 0.298148 0.043750 0.081481
2 0.537240 0.305556 0.045312 0.100000
1 0.451042 0.230556 0.033333 0.070370
0 0.523438 0.228704 0.032292 0.075926
0 0.516146 0.165741 0.026042 0.055556
0 0.552865 0.141204 0.022396 0.049074
0 0.569792 0.192130 0.022917 0.054630
0 0.647917 0.205556 0.029167 0.062963
1 0.609896 0.268056 0.031250 0.073148
0 0.631771 0.293056 0.042708 0.086111
1 0.715365 0.168056 0.019271 0.043519
1 0.746615 0.178704 0.024479 0.051852
1 0.785417 0.168519 0.023958 0.053704
0 0.769792 0.193056 0.021875 0.049074
0 0.823438 0.197685 0.023958 0.056481
1 0.892188 0.168056 0.025000 0.052778
1 0.862240 0.230556 0.024479 0.059259
0 0.844792 0.265741 0.029167 0.062963
0 0.907813 0.268056 0.038542 0.062037
8 0.901563 0.293056 0.050000 0.106481
1 0.929948 0.330556 0.041146 0.081481
1 0.986198 0.289352 0.027604 0.071296
0 0.161198 0.301389 0.046354 0.104630
