1 0.149740 0.655556 0.045312 0.081481
4 0.127344 0.724074 0.054688 0.044444
7 0.229167 0.693519 0.054167 0.081481
7 0.306771 0.693519 0.045833 0.075926
1 0.397396 0.622222 0.046875 0.094444
6 0.372917 0.725000 0.077083 0.050000
1 0.567969 0.655556 0.045312 0.070370
4 0.571615 0.718519 0.045312 0.042593
7 0.769792 0.655556 0.052083 0.088889
7 0.880469 0.779630 0.076563 0.129630
1 0.688542 0.690741 0.065625 0.129630
4 0.694271 0.831481 0.083333 0.070370
9 0.147917 0.678704 0.095833 0.122222
9 0.233594 0.682870 0.103646 0.115741
9 0.310417 0.694907 0.085417 0.086111
9 0.559115 0.681944 0.105729 0.115741
9 0.765365 0.665278 0.091146 0.147222
9 0.863542 0.768981 0.155208 0.191667
8 0.395052 0.655556 0.096354 0.162963
8 0.686719 0.745833 0.161979 0.256481
