0 0.194792 0.597222 0.068750 0.112963
3 0.141146 0.763889 0.034375 0.038889
1 0.279167 0.579630 0.041667 0.077778
4 0.273438 0.640741 0.030208 0.033333
0 0.338021 0.567593 0.054167 0.112963
0 0.402344 0.530556 0.045312 0.083333
1 0.566667 0.580556 0.033333 0.081481
1 0.604167 0.609259 0.056250 0.122222
4 0.594271 0.774074 0.070833 0.068519
1 0.754167 0.555556 0.041667 0.074074
1 0.805990 0.590741 0.064062 0.125926
4 0.816667 0.753704 0.061458 0.051852
1 0.966667 0.648148 0.058333 0.131481
8 0.190365 0.654167 0.135937 0.226852
8 0.340104 0.643056 0.132292 0.252778
8 0.410417 0.585648 0.087500 0.182407
8 0.596094 0.673148 0.142187 0.251852
8 0.800260 0.662500 0.136979 0.256481
8 0.942187 0.698148 0.114583 0.205556
8 0.742188 0.597685 0.079167 0.162037
9 0.553646 0.606019 0.075000 0.141667
