8 0.066667 0.243519 0.086458 0.116667
8 0.094792 0.156019 0.051042 0.113889
8 0.139063 0.145833 0.046875 0.069444
8 0.162240 0.351389 0.098437 0.149074
8 0.277344 0.356019 0.115104 0.154630
9 0.205990 0.318519 0.088021 0.124074
9 0.315365 0.311111 0.085938 0.144444
9 0.246615 0.256019 0.071354 0.104630
8 0.344271 0.252315 0.060417 0.136111
8 0.304688 0.180556 0.040625 0.079630
9 0.397396 0.223611 0.059375 0.080556
8 0.337240 0.154167 0.039062 0.076852
8 0.377865 0.138426 0.045312 0.073148
8 0.419792 0.156481 0.057292 0.087037
8 0.475521 0.155556 0.042708 0.098148
9 0.514844 0.198611 0.048438 0.071296
8 0.624740 0.227778 0.065104 0.105556
9 0.572396 0.179630 0.063542 0.064815
9 0.568490 0.211111 0.055729 0.068519
8 0.446875 0.349074 0.090625 0.183333
8 0.534115 0.356019 0.089063 0.173148
8 0.639844 0.368056 0.128646 0.169444
5 0.259115 0.426852 0.069271 0.035185
5 0.513542 0.443056 0.037500 0.032407
9 0.711198 0.179167 0.033854 0.050926
9 0.729688 0.193519 0.052083 0.075926
8 0.765365 0.216204 0.049479 0.086111
8 0.815365 0.218056 0.051562 0.082407
8 0.875521 0.191204 0.052083 0.076852
8 0.830990 0.303704 0.077604 0.124074
8 0.894271 0.356019 0.092708 0.132407
8 0.954167 0.392130 0.091667 0.154630
9 0.597917 0.286574 0.065625 0.093519
5 0.979688 0.468519 0.040625 0.033333
1 0.718490 0.173611 0.018229 0.043519
8 0.444271 0.130093 0.029167 0.082407
8 0.057813 0.179167 0.073958 0.112037
8 0.468490 0.218519 0.067187 0.125926
9 0.543490 0.156019 0.039062 0.063889
1 0.063542 0.223148 0.033333 0.068519
0 0.055990 0.153241 0.026562 0.056481
1 0.082292 0.131944 0.026042 0.063889
1 0.132292 0.142593 0.025000 0.055556
1 0.144792 0.325463 0.043750 0.093519
1 0.182292 0.303704 0.040625 0.077778
1 0.267969 0.320370 0.043229 0.088889
1 0.263542 0.241667 0.034375 0.072222
1 0.301563 0.305093 0.039583 0.080556
0 0.343490 0.217593 0.032813 0.064815
1 0.307292 0.172222 0.026042 0.055556
0 0.335417 0.140278 0.022917 0.047222
1 0.369792 0.129167 0.020833 0.052778
1 0.399740 0.217593 0.030729 0.066667
1 0.421615 0.143981 0.023438 0.058333
0 0.442969 0.113889 0.020313 0.048148
0 0.465625 0.131019 0.021875 0.043519
0 0.473438 0.182407 0.029167 0.055556
0 0.439323 0.254630 0.031771 0.077778
9 0.427865 0.269907 0.067187 0.115741
0 0.460938 0.304630 0.036458 0.090741
1 0.512240 0.191204 0.024479 0.052778
0 0.533594 0.318519 0.041146 0.092593
1 0.544792 0.152315 0.020833 0.049074
1 0.577865 0.169907 0.026562 0.049074
1 0.571615 0.205556 0.023438 0.051852
1 0.622917 0.204167 0.026042 0.060185
1 0.643490 0.337037 0.046354 0.105556
4 0.644271 0.428704 0.055208 0.044444
1 0.742188 0.180556 0.025000 0.051852
0 0.766667 0.194444 0.022917 0.046296
1 0.823438 0.205093 0.022917 0.050926
1 0.794792 0.186111 0.026042 0.055556
9 0.792188 0.192130 0.035417 0.062037
1 0.887240 0.178241 0.026562 0.049074
1 0.853646 0.276389 0.029167 0.069444
6 0.843490 0.337037 0.042188 0.031481
1 0.917188 0.330556 0.039583 0.079630
1 0.969792 0.267593 0.030208 0.064815
8 0.960938 0.287500 0.058333 0.106481
