0 0.139063 0.480556 0.058333 0.103704
5 0.090365 0.646296 0.114062 0.051852
0 0.254167 0.504630 0.055208 0.109259
4 0.204167 0.652778 0.042708 0.061111
0 0.388542 0.484259 0.052083 0.098148
3 0.321615 0.678704 0.029687 0.038889
0 0.440365 0.492593 0.039062 0.066667
7 0.606771 0.570370 0.053125 0.100000
7 0.710417 0.566667 0.047917 0.081481
7 0.807813 0.603704 0.052083 0.088889
7 0.757292 0.679630 0.068750 0.118519
9 0.601042 0.570833 0.107292 0.132407
9 0.701042 0.582870 0.092708 0.119444
9 0.814844 0.610185 0.104688 0.111111
9 0.744010 0.665278 0.163021 0.184259
8 0.135937 0.539352 0.144792 0.223148
8 0.250781 0.562037 0.128646 0.214815
8 0.384896 0.568981 0.121875 0.254630
8 0.447135 0.536574 0.065104 0.149074
