0 0.069271 0.593519 0.062500 0.103704
2 0.192188 0.585648 0.059375 0.117593
3 0.022396 0.667593 0.031250 0.027778
5 0.144792 0.768519 0.094792 0.040741
0 0.306250 0.537037 0.040625 0.087037
6 0.288542 0.636574 0.073958 0.043519
0 0.485938 0.495370 0.035417 0.077778
2 0.438021 0.568519 0.066667 0.120370
4 0.367188 0.728704 0.044792 0.061111
1 0.669271 0.519444 0.062500 0.137037
1 0.745313 0.472685 0.042708 0.093519
4 0.763021 0.575926 0.050000 0.051852
0 0.829688 0.443519 0.045833 0.088889
0 0.898438 0.478704 0.079167 0.138889
6 0.957292 0.703704 0.078125 0.074074
8 0.082812 0.656019 0.104167 0.226852
8 0.185417 0.646296 0.139583 0.233333
8 0.311719 0.575463 0.093229 0.156481
8 0.416667 0.636574 0.139583 0.245370
8 0.497917 0.550926 0.082292 0.170370
8 0.679167 0.598611 0.142708 0.282407
8 0.748437 0.518056 0.089583 0.176852
8 0.835417 0.504167 0.086458 0.199074
8 0.921094 0.556481 0.157812 0.290741
