7 0.113021 0.761574 0.066667 0.119444
3 0.057813 0.830556 0.033333 0.040741
1 0.229167 0.605556 0.041667 0.088889
4 0.213021 0.684722 0.037500 0.030556
7 0.242188 0.743519 0.070833 0.120370
1 0.346615 0.602778 0.045312 0.094444
4 0.338542 0.683333 0.034375 0.055556
1 0.523438 0.618519 0.041667 0.075926
3 0.529167 0.701852 0.035417 0.025926
1 0.627865 0.618519 0.045312 0.088889
6 0.625521 0.693519 0.058333 0.050000
0 0.753646 0.601852 0.056250 0.114815
3 0.756771 0.826852 0.037500 0.038889
0 0.876563 0.618519 0.060417 0.109259
5 0.939063 0.844907 0.112500 0.069444
3 0.226042 0.843519 0.034375 0.027778
8 0.224740 0.630556 0.091146 0.127778
8 0.352083 0.636111 0.091667 0.159259
8 0.517188 0.643056 0.109375 0.125000
8 0.626563 0.648148 0.109375 0.142593
8 0.734115 0.684722 0.174479 0.269444
8 0.878646 0.699074 0.115625 0.255556
9 0.109635 0.730556 0.167187 0.179630
9 0.255208 0.750000 0.143750 0.205556
