0 0.135417 0.476852 0.062500 0.101852
5 0.089063 0.645370 0.112500 0.061111
0 0.254167 0.503704 0.058333 0.103704
4 0.206771 0.650000 0.037500 0.066667
0 0.384896 0.486111 0.056250 0.094444
3 0.321094 0.681481 0.032813 0.033333
0 0.438021 0.492593 0.033333 0.081481
7 0.602865 0.569444 0.054688 0.090741
7 0.710938 0.566667 0.046875 0.088889
7 0.814063 0.602778 0.053125 0.094444
7 0.754167 0.679630 0.076042 0.125926
8 0.135156 0.545833 0.145313 0.225000
8 0.249219 0.561574 0.124479 0.213889
8 0.388021 0.565741 0.125000 0.253704
8 0.447135 0.533796 0.070312 0.150926
9 0.601042 0.575463 0.106250 0.121296
9 0.705990 0.581019 0.096354 0.113889
9 0.816406 0.611574 0.099479 0.108333
9 0.744271 0.667130 0.164583 0.182407
