1 0.155469 0.653704 0.039062 0.077778
4 0.129167 0.717593 0.036458 0.038889
1 0.229167 0.632407 0.042708 0.077778
7 0.307292 0.693519 0.044792 0.083333
1 0.406771 0.606481 0.037500 0.085185
6 0.374219 0.730556 0.070312 0.051852
0 0.566667 0.641667 0.037500 0.075926
4 0.566667 0.711574 0.040625 0.043519
7 0.767188 0.671296 0.062500 0.088889
0 0.847917 0.672685 0.062500 0.119444
1 0.688542 0.678704 0.065625 0.124074
4 0.692969 0.829630 0.064062 0.059259
9 0.154688 0.680093 0.095833 0.119444
8 0.407552 0.656944 0.095312 0.167593
8 0.558594 0.718056 0.099479 0.217593
8 0.687500 0.738889 0.153125 0.238889
8 0.858594 0.733333 0.151562 0.240741
9 0.234115 0.666204 0.104688 0.132407
9 0.312240 0.693056 0.088021 0.084259
9 0.762240 0.661574 0.098437 0.130556
