8 0.069792 0.243519 0.089583 0.127778
8 0.047917 0.180556 0.071875 0.111111
8 0.135417 0.144444 0.048958 0.074074
8 0.335938 0.143056 0.051042 0.087963
8 0.379688 0.142130 0.040625 0.065741
8 0.419792 0.156019 0.054167 0.082407
8 0.476042 0.218056 0.055208 0.125000
8 0.523438 0.181019 0.048958 0.110185
8 0.559896 0.143056 0.033333 0.078704
9 0.574219 0.217130 0.050521 0.060185
8 0.630990 0.229167 0.053646 0.106481
8 0.646094 0.368519 0.136979 0.175926
8 0.604167 0.330556 0.069792 0.122222
9 0.596615 0.286111 0.065104 0.094444
8 0.538542 0.355556 0.094792 0.175926
8 0.445573 0.353704 0.099479 0.175926
9 0.447917 0.271759 0.070833 0.119444
9 0.397396 0.225463 0.061458 0.087963
8 0.324740 0.305556 0.073438 0.155556
8 0.341667 0.249074 0.047917 0.131481
8 0.270313 0.241204 0.070833 0.121296
8 0.272917 0.343519 0.113542 0.175926
8 0.215365 0.305093 0.076563 0.145370
8 0.163542 0.335185 0.097917 0.181481
9 0.710938 0.177778 0.037500 0.057407
9 0.730990 0.193056 0.058854 0.076852
8 0.764844 0.218519 0.048438 0.096296
8 0.809115 0.218519 0.044271 0.087037
8 0.888542 0.193519 0.056250 0.083333
8 0.838021 0.297222 0.068750 0.118519
8 0.899740 0.331481 0.079687 0.155556
8 0.959896 0.368056 0.079167 0.204630
8 0.092188 0.168056 0.059375 0.104630
5 0.515365 0.443519 0.038021 0.035185
5 0.257292 0.418519 0.073958 0.029630
1 0.042188 0.161111 0.034375 0.068519
1 0.063542 0.230093 0.031250 0.071296
1 0.074740 0.143981 0.027604 0.063889
1 0.124740 0.143519 0.025521 0.055556
2 0.341146 0.131019 0.025000 0.050926
1 0.375521 0.131944 0.018750 0.050926
1 0.301042 0.166204 0.026042 0.062037
8 0.302865 0.177315 0.039062 0.086111
0 0.288542 0.215741 0.033333 0.066667
0 0.333594 0.211111 0.028646 0.055556
1 0.310417 0.281019 0.040625 0.091667
1 0.272917 0.305556 0.041667 0.094444
1 0.195573 0.280556 0.036979 0.092593
0 0.160938 0.293519 0.043750 0.096296
1 0.422917 0.143519 0.023958 0.059259
1 0.391667 0.217593 0.029167 0.064815
1 0.465365 0.193056 0.026562 0.069444
2 0.441146 0.114352 0.020833 0.047222
8 0.444792 0.131019 0.030208 0.089815
0 0.471615 0.131019 0.022396 0.047222
1 0.442969 0.251389 0.032813 0.075000
1 0.451042 0.311111 0.040625 0.094444
0 0.544792 0.315278 0.042708 0.097222
0 0.522917 0.156481 0.023958 0.055556
1 0.565365 0.129167 0.020313 0.045370
1 0.579167 0.168519 0.023958 0.053704
9 0.569792 0.173148 0.054167 0.068519
1 0.580990 0.214815 0.024479 0.051852
0 0.628646 0.206019 0.026042 0.060185
1 0.613021 0.274074 0.032292 0.068519
1 0.621615 0.310185 0.033854 0.081481
1 0.651042 0.335185 0.045833 0.105556
4 0.654167 0.430556 0.051042 0.040741
1 0.718490 0.168981 0.020313 0.043519
1 0.745313 0.180556 0.023958 0.051852
2 0.772917 0.193519 0.023958 0.050000
2 0.807292 0.204630 0.025000 0.051852
1 0.854688 0.273148 0.028125 0.068519
0 0.908594 0.293519 0.039062 0.075926
0 0.980990 0.314815 0.038021 0.096296
1 0.896615 0.181019 0.026562 0.052778
6 0.845313 0.339815 0.036458 0.027778
5 0.896094 0.415741 0.032813 0.025926
5 0.978646 0.468519 0.038542 0.029630
