1 0.149740 0.655556 0.042188 0.074074
4 0.125000 0.718519 0.053125 0.040741
7 0.227865 0.681481 0.057813 0.085185
7 0.307292 0.690741 0.058333 0.070370
1 0.396094 0.618519 0.042188 0.094444
6 0.377865 0.727778 0.073438 0.055556
1 0.571875 0.655556 0.050000 0.066667
4 0.566667 0.720370 0.036458 0.037037
7 0.769271 0.655556 0.056250 0.098148
7 0.876563 0.773148 0.082292 0.131481
1 0.689063 0.688889 0.057292 0.125926
4 0.693490 0.831481 0.085938 0.070370
8 0.395573 0.658333 0.093229 0.161111
8 0.687240 0.743981 0.160938 0.237963
9 0.149740 0.681481 0.095312 0.122222
9 0.234115 0.681019 0.098437 0.119444
9 0.310417 0.694444 0.084375 0.079630
9 0.559635 0.678704 0.097396 0.116667
9 0.766667 0.663889 0.091667 0.144444
9 0.862240 0.770370 0.156771 0.185185
