1 0.061719 0.605556 0.064062 0.114815
3 0.014063 0.666667 0.027083 0.044444
1 0.161719 0.606481 0.060937 0.120370
6 0.145313 0.749074 0.095833 0.072222
1 0.291667 0.548148 0.042708 0.092593
6 0.279167 0.643519 0.075000 0.059259
1 0.383594 0.577778 0.067187 0.137037
1 0.460938 0.512037 0.043750 0.094444
4 0.472396 0.614815 0.039583 0.051852
3 0.319271 0.755556 0.037500 0.048148
6 0.372917 0.737963 0.070833 0.094444
1 0.670833 0.527778 0.055208 0.133333
1 0.735938 0.479630 0.043750 0.096296
1 0.829688 0.449074 0.041667 0.079630
1 0.810417 0.532407 0.065625 0.150000
6 0.835938 0.681481 0.104167 0.129630
1 0.966667 0.506481 0.058333 0.142593
8 0.085677 0.661574 0.113021 0.215741
8 0.181510 0.660648 0.153646 0.217593
8 0.301563 0.583796 0.098958 0.145370
8 0.400260 0.630093 0.146354 0.234259
8 0.477865 0.557407 0.094271 0.170370
8 0.671875 0.603241 0.136458 0.280556
8 0.737760 0.518056 0.074479 0.162037
8 0.815885 0.599074 0.158854 0.274074
8 0.841667 0.504630 0.085417 0.183333
8 0.943490 0.581019 0.111979 0.278704
