7 0.116146 0.754630 0.067708 0.112963
3 0.060417 0.832407 0.037500 0.040741
1 0.232292 0.605556 0.044792 0.090741
4 0.212240 0.683333 0.042188 0.035185
7 0.243490 0.740741 0.069271 0.118519
1 0.348438 0.605556 0.046875 0.088889
4 0.338021 0.687500 0.028125 0.056481
1 0.525521 0.619444 0.041667 0.074074
3 0.529167 0.703704 0.038542 0.025926
1 0.626563 0.618519 0.041667 0.081481
6 0.623437 0.693519 0.058333 0.048148
0 0.754167 0.594444 0.053125 0.112963
3 0.754167 0.825926 0.034375 0.037037
0 0.877344 0.618519 0.054688 0.100000
5 0.940365 0.847685 0.114062 0.069444
3 0.223438 0.837500 0.031250 0.030556
9 0.105990 0.730556 0.160938 0.185185
9 0.256510 0.743519 0.148438 0.207407
8 0.235417 0.632407 0.101042 0.133333
8 0.352604 0.630556 0.086458 0.170370
8 0.519271 0.645833 0.110417 0.119444
8 0.625521 0.644907 0.110417 0.137963
8 0.732812 0.687963 0.164583 0.275926
8 0.876042 0.699537 0.113542 0.243519
