1 0.083594 0.631481 0.032813 0.037037
1 0.069271 0.688889 0.062500 0.111111
4 0.043490 0.829630 0.054688 0.059259
1 0.182292 0.691667 0.056250 0.116667
5 0.178125 0.830556 0.075000 0.053704
1 0.294792 0.611111 0.043750 0.081481
6 0.282813 0.705556 0.075000 0.051852
1 0.472917 0.603704 0.037500 0.077778
4 0.473438 0.668519 0.045833 0.042593
1 0.404167 0.651852 0.058333 0.125926
3 0.340365 0.823148 0.035937 0.053704
5 0.408594 0.812963 0.095312 0.055556
1 0.635938 0.564815 0.038542 0.074074
1 0.720313 0.550000 0.041667 0.081481
1 0.816667 0.531481 0.047917 0.088889
1 0.673438 0.599074 0.056250 0.118519
1 0.795833 0.620370 0.066667 0.133333
1 0.941667 0.590741 0.066667 0.133333
4 0.807292 0.755556 0.062500 0.064815
4 0.941667 0.752778 0.058333 0.053704
8 0.078125 0.748611 0.121875 0.217593
8 0.108594 0.678241 0.083854 0.121296
9 0.193229 0.734259 0.135417 0.188889
8 0.304167 0.649537 0.089583 0.145370
8 0.404948 0.702778 0.133854 0.201852
8 0.485417 0.632407 0.097917 0.124074
8 0.629167 0.597685 0.055208 0.136111
8 0.667188 0.671759 0.130208 0.254630
8 0.727344 0.585648 0.067187 0.143519
8 0.819792 0.575926 0.096875 0.155556
9 0.794271 0.683796 0.145833 0.212037
8 0.934896 0.656481 0.130208 0.244444
