0 0.192969 0.593519 0.064062 0.114815
3 0.140365 0.766667 0.039062 0.033333
1 0.288542 0.579630 0.042708 0.085185
0 0.338542 0.568519 0.058333 0.114815
0 0.401042 0.533333 0.046875 0.085185
1 0.569271 0.580556 0.037500 0.083333
1 0.601042 0.601852 0.057292 0.131481
4 0.582812 0.775926 0.050000 0.068519
1 0.764062 0.566667 0.037500 0.066667
0 0.804688 0.569444 0.058333 0.116667
1 0.967187 0.636111 0.056250 0.144444
8 0.189844 0.651389 0.132812 0.226852
8 0.290625 0.596296 0.065625 0.125926
8 0.341667 0.643056 0.133333 0.256481
8 0.411719 0.587037 0.088021 0.179630
8 0.595573 0.672685 0.139063 0.243519
8 0.796615 0.656944 0.142187 0.278704
8 0.941667 0.693056 0.116667 0.223148
9 0.555990 0.606019 0.079687 0.132407
9 0.746094 0.610185 0.086979 0.144444
