1 0.063542 0.605556 0.070833 0.111111
1 0.184375 0.588889 0.059375 0.111111
5 0.139063 0.770370 0.087500 0.055556
1 0.296875 0.541667 0.040625 0.090741
6 0.279167 0.643519 0.065625 0.053704
1 0.477865 0.527778 0.045312 0.085185
0 0.407292 0.543519 0.052083 0.109259
6 0.385417 0.736111 0.071875 0.072222
1 0.667188 0.542593 0.056250 0.137037
0 0.738542 0.468519 0.047917 0.077778
0 0.814063 0.511111 0.075000 0.144444
1 0.970313 0.498148 0.056250 0.133333
4 0.840365 0.692593 0.070312 0.066667
4 0.476042 0.616667 0.043750 0.044444
8 0.088542 0.657870 0.115625 0.213889
8 0.200000 0.648611 0.113542 0.223148
8 0.302865 0.581944 0.102604 0.154630
8 0.416146 0.622222 0.130208 0.251852
8 0.489844 0.562500 0.095312 0.147222
8 0.669792 0.606481 0.131250 0.261111
8 0.741146 0.524537 0.087500 0.191667
8 0.813021 0.588426 0.159375 0.286111
8 0.844792 0.493056 0.087500 0.160185
8 0.946875 0.582870 0.106250 0.262037
