0 0.195052 0.602778 0.063021 0.107407
3 0.140365 0.768519 0.039062 0.029630
1 0.282813 0.576389 0.037500 0.080556
4 0.288542 0.641667 0.034375 0.035185
0 0.338542 0.568519 0.051042 0.107407
1 0.395313 0.552778 0.050000 0.083333
1 0.573438 0.557407 0.037500 0.053704
1 0.599740 0.618519 0.055729 0.114815
1 0.735417 0.588889 0.057292 0.125926
4 0.747917 0.735648 0.062500 0.056481
2 0.855990 0.629630 0.070312 0.133333
5 0.906771 0.803704 0.145833 0.066667
4 0.592187 0.778704 0.066667 0.061111
8 0.188542 0.651852 0.129167 0.218519
8 0.341146 0.643519 0.127083 0.255556
8 0.592969 0.679167 0.143229 0.236111
8 0.732812 0.656019 0.132292 0.258333
8 0.855990 0.679167 0.127604 0.225000
8 0.288021 0.602778 0.066667 0.122222
8 0.410417 0.709722 0.078125 0.393519
8 0.562240 0.599537 0.065104 0.130556
