1 0.170313 0.627778 0.063542 0.125926
3 0.141667 0.798611 0.043750 0.043519
1 0.318490 0.593519 0.043229 0.066667
1 0.319792 0.661574 0.055208 0.108333
5 0.275521 0.780556 0.091667 0.042593
1 0.395313 0.628704 0.044792 0.090741
6 0.401042 0.705556 0.068750 0.050000
0 0.554167 0.555556 0.037500 0.075926
2 0.602865 0.636574 0.054688 0.106481
3 0.597396 0.818519 0.031250 0.038889
1 0.662240 0.592593 0.042188 0.096296
4 0.667188 0.692593 0.043750 0.051852
1 0.782813 0.619444 0.054167 0.129630
4 0.801042 0.780556 0.047917 0.055556
1 0.926042 0.655556 0.062500 0.118519
5 0.964063 0.818519 0.068750 0.066667
8 0.179167 0.692130 0.133333 0.221296
8 0.326562 0.713889 0.122917 0.192593
8 0.332813 0.603241 0.068750 0.099074
8 0.410938 0.658796 0.102083 0.134259
8 0.545312 0.616204 0.073958 0.200926
8 0.596354 0.701852 0.123958 0.218519
8 0.669792 0.631019 0.087500 0.152778
8 0.785937 0.684259 0.134375 0.255556
8 0.937760 0.705556 0.122396 0.203704
