1 0.027865 0.467593 0.054688 0.120370
5 0.035417 0.583333 0.069792 0.087037
1 0.185938 0.480556 0.062500 0.116667
4 0.169271 0.598611 0.062500 0.056481
0 0.322396 0.437500 0.052083 0.106481
4 0.262240 0.606481 0.042188 0.062963
0 0.363021 0.443519 0.037500 0.059259
2 0.546875 0.452315 0.041667 0.082407
0 0.656771 0.482407 0.046875 0.066667
0 0.691667 0.505556 0.048958 0.098148
5 0.676042 0.675463 0.087500 0.056481
9 0.067969 0.512500 0.134896 0.204630
8 0.197396 0.529167 0.120833 0.195370
8 0.326042 0.512037 0.161458 0.248148
8 0.381771 0.493519 0.072917 0.157407
8 0.535417 0.497685 0.094792 0.167593
8 0.630990 0.519444 0.089063 0.131481
8 0.731771 0.527778 0.057292 0.151852
8 0.676042 0.565741 0.132292 0.214815
