0 0.192188 0.583333 0.065625 0.103704
3 0.138021 0.762037 0.033333 0.044444
1 0.289062 0.575926 0.037500 0.081481
4 0.282292 0.633333 0.031250 0.033333
0 0.338542 0.562963 0.057292 0.105556
0 0.404167 0.536111 0.043750 0.081481
1 0.566667 0.575000 0.034375 0.068519
1 0.599740 0.610185 0.055729 0.118519
4 0.597917 0.766667 0.068750 0.081481
1 0.763542 0.557407 0.041667 0.066667
0 0.804688 0.570370 0.060417 0.125926
1 0.966667 0.631481 0.058333 0.125926
8 0.190885 0.650463 0.135937 0.221296
8 0.340885 0.643981 0.130729 0.254630
8 0.595573 0.674537 0.145313 0.249074
8 0.800521 0.656019 0.145833 0.273148
8 0.942969 0.684259 0.114062 0.235185
8 0.292187 0.601852 0.060417 0.127778
8 0.412240 0.587963 0.079687 0.177778
9 0.554688 0.609259 0.077083 0.133333
9 0.749740 0.609722 0.092188 0.137963
