1 0.029427 0.489815 0.057813 0.116667
5 0.040625 0.603704 0.078125 0.081481
1 0.199740 0.501852 0.057813 0.114815
3 0.185417 0.635185 0.037500 0.037037
0 0.335938 0.460185 0.052083 0.105556
4 0.270313 0.631481 0.041667 0.059259
0 0.376042 0.459259 0.032292 0.068519
0 0.555990 0.460185 0.042188 0.068519
0 0.644271 0.475926 0.037500 0.074074
0 0.698438 0.518519 0.056250 0.105556
5 0.685417 0.688889 0.089583 0.055556
9 0.071094 0.533796 0.135937 0.189815
8 0.206771 0.547222 0.118750 0.192593
8 0.335417 0.534722 0.161458 0.254630
8 0.392969 0.505093 0.064062 0.160185
8 0.544792 0.511574 0.101042 0.165741
8 0.632812 0.524074 0.076042 0.144444
8 0.685417 0.577778 0.135417 0.225926
