1 0.151042 0.652778 0.045833 0.079630
4 0.126042 0.714815 0.045833 0.037037
7 0.226042 0.693519 0.047917 0.088889
7 0.304688 0.695370 0.043750 0.077778
1 0.397917 0.619444 0.045833 0.088889
6 0.372917 0.724537 0.070833 0.043519
1 0.567187 0.651852 0.038542 0.059259
4 0.568490 0.713889 0.045312 0.050000
7 0.766667 0.674537 0.058333 0.093519
7 0.875521 0.744444 0.065625 0.124074
3 0.857292 0.853704 0.056250 0.044444
1 0.685937 0.680556 0.069792 0.127778
4 0.694271 0.825463 0.060417 0.069444
9 0.154167 0.679630 0.094792 0.125926
8 0.398698 0.657870 0.090104 0.163889
8 0.685417 0.742593 0.156250 0.246296
9 0.231771 0.682870 0.101042 0.108333
9 0.311198 0.693056 0.086979 0.080556
9 0.555990 0.682407 0.101562 0.114815
9 0.762240 0.659259 0.094271 0.125926
9 0.863542 0.771296 0.154167 0.185185
