0 0.894792 0.470370 0.032292 0.077778
6 0.894792 0.568519 0.058333 0.044444
8 0.882292 0.510648 0.078125 0.158333
1 0.941667 0.456481 0.035417 0.087037
8 0.946615 0.498611 0.082812 0.169444
6 0.814063 0.518056 0.056250 0.037963
0 0.827865 0.415741 0.028646 0.059259
8 0.813542 0.455093 0.070833 0.143519
1 0.869792 0.452778 0.026042 0.066667
0 0.805469 0.369907 0.021354 0.043519
1 0.729688 0.397222 0.020833 0.046296
8 0.712240 0.410648 0.055729 0.080556
6 0.706771 0.443056 0.026042 0.023148
1 0.757292 0.391204 0.023958 0.047222
1 0.745313 0.318519 0.014583 0.035185
8 0.741146 0.328704 0.031250 0.053704
1 0.707292 0.342593 0.017708 0.037037
9 0.700521 0.349074 0.037500 0.055556
0 0.662500 0.322222 0.015625 0.033333
8 0.662240 0.342593 0.043229 0.070370
2 0.674219 0.315741 0.015104 0.033333
0 0.636719 0.305556 0.016146 0.031481
8 0.633073 0.325000 0.034896 0.068519
0 0.779948 0.405556 0.021354 0.048148
8 0.767448 0.430556 0.055729 0.101852
8 0.802865 0.393519 0.035937 0.090741
0 0.576042 0.418056 0.030208 0.065741
8 0.569792 0.455556 0.071875 0.135185
0 0.497917 0.418519 0.029167 0.059259
8 0.501563 0.455556 0.067708 0.140741
0 0.437240 0.422685 0.027604 0.069444
8 0.431771 0.456019 0.075000 0.130556
6 0.424740 0.493981 0.033854 0.043519
6 0.357292 0.468519 0.036458 0.033333
0 0.577604 0.342593 0.020833 0.046296
8 0.579688 0.356944 0.035417 0.075000
1 0.553646 0.381019 0.021875 0.058333
8 0.542448 0.393056 0.047396 0.082407
0 0.435417 0.367130 0.020833 0.047222
8 0.439844 0.388889 0.052604 0.098148
8 0.359115 0.405556 0.028646 0.059259
8 0.366667 0.427778 0.076042 0.098148
1 0.524740 0.331481 0.014063 0.037037
8 0.524740 0.343519 0.043229 0.057407
0 0.485938 0.315278 0.015625 0.039815
8 0.488542 0.330556 0.033333 0.072222
1 0.517188 0.302315 0.017708 0.036111
8 0.516146 0.310185 0.038542 0.057407
0 0.538542 0.285648 0.014583 0.030556
8 0.538542 0.298148 0.025000 0.055556
1 0.396615 0.355556 0.019271 0.037037
9 0.399740 0.365278 0.042188 0.050926
0 0.446354 0.309722 0.018750 0.037963
8 0.445573 0.329630 0.043229 0.077778
1 0.435417 0.285648 0.015625 0.036111
0 0.416146 0.291204 0.015625 0.036111
4 0.415365 0.318519 0.015104 0.033333
8 0.415365 0.306019 0.041146 0.071296
1 0.391146 0.289352 0.014583 0.037963
8 0.388542 0.293056 0.032292 0.054630
1 0.350521 0.353241 0.021875 0.052778
8 0.342969 0.378704 0.048438 0.105556
0 0.300521 0.417593 0.032292 0.059259
8 0.305469 0.453704 0.074479 0.129630
1 0.276042 0.401389 0.026042 0.060185
8 0.260417 0.418981 0.060417 0.106481
1 0.307292 0.347685 0.020833 0.045370
8 0.310417 0.356019 0.048958 0.067593
8 0.331510 0.319444 0.019271 0.042593
8 0.334115 0.330093 0.034896 0.063889
5 0.317188 0.518981 0.033333 0.025000
0 0.345833 0.299537 0.017708 0.037963
8 0.352344 0.309722 0.035937 0.056481
8 0.358594 0.293056 0.026562 0.050926
0 0.182292 0.346759 0.025000 0.045370
8 0.179167 0.375463 0.080208 0.100926
5 0.171615 0.428704 0.026562 0.020370
1 0.111198 0.427778 0.024479 0.048148
1 0.008594 0.380556 0.016146 0.050000
9 0.021615 0.381019 0.042188 0.065741
1 0.073177 0.336111 0.023438 0.050000
8 0.075521 0.345833 0.038542 0.075000
9 0.108594 0.435185 0.079687 0.081481
2 0.145573 0.318519 0.021354 0.042593
1 0.217708 0.302778 0.018750 0.042593
8 0.219792 0.305556 0.039583 0.055556
