0 0.181771 0.588889 0.062500 0.125926
3 0.139063 0.762037 0.037500 0.044444
1 0.274219 0.572222 0.042188 0.088889
4 0.276042 0.640741 0.031250 0.037037
0 0.321875 0.578704 0.065625 0.127778
4 0.291667 0.755556 0.054167 0.077778
1 0.402865 0.555556 0.042188 0.088889
4 0.392188 0.651852 0.036458 0.059259
1 0.576042 0.573148 0.037500 0.081481
1 0.597917 0.605556 0.050000 0.125926
4 0.600000 0.768519 0.062500 0.061111
0 0.755990 0.555556 0.057813 0.114815
3 0.751563 0.791667 0.035417 0.042593
0 0.872917 0.614815 0.069792 0.122222
5 0.919792 0.803704 0.139583 0.066667
9 0.408594 0.593981 0.081771 0.165741
9 0.557292 0.605556 0.076042 0.135185
8 0.176302 0.652315 0.134896 0.225000
8 0.271094 0.598148 0.064062 0.129630
8 0.318490 0.657407 0.135937 0.259259
8 0.592448 0.670370 0.141146 0.253704
8 0.748177 0.644907 0.128646 0.287963
8 0.869531 0.675463 0.130729 0.234259
