8 0.066667 0.241667 0.083333 0.118519
8 0.094792 0.156019 0.053125 0.113889
8 0.139063 0.146759 0.046875 0.069444
8 0.163021 0.355556 0.097917 0.144444
8 0.277865 0.356019 0.115104 0.154630
9 0.205990 0.318519 0.088021 0.124074
9 0.315365 0.310648 0.085938 0.143519
9 0.246615 0.256019 0.071354 0.104630
8 0.343490 0.248611 0.060937 0.132407
8 0.307292 0.180556 0.043750 0.079630
9 0.397917 0.224537 0.060417 0.080556
8 0.335938 0.154630 0.041667 0.079630
8 0.379167 0.137500 0.044792 0.075000
8 0.419792 0.144444 0.060417 0.100000
8 0.474740 0.161111 0.041146 0.105556
9 0.513542 0.194907 0.051042 0.080556
8 0.626042 0.223148 0.064583 0.105556
9 0.578646 0.177315 0.051042 0.060185
8 0.559115 0.206019 0.044271 0.071296
8 0.444792 0.348611 0.090625 0.182407
8 0.535417 0.355556 0.092708 0.172222
8 0.634115 0.359259 0.096354 0.170370
8 0.526563 0.278704 0.070833 0.107407
5 0.259115 0.426852 0.069271 0.035185
5 0.513542 0.443056 0.037500 0.032407
9 0.710938 0.178241 0.033333 0.052778
9 0.730990 0.192593 0.052604 0.074074
8 0.765365 0.216667 0.048438 0.088889
8 0.816146 0.218056 0.051042 0.082407
8 0.875521 0.191204 0.052083 0.076852
8 0.832292 0.302778 0.076042 0.122222
8 0.893490 0.355093 0.092188 0.136111
8 0.961198 0.367593 0.077604 0.201852
9 0.597917 0.286111 0.065625 0.094444
5 0.979688 0.468519 0.040625 0.033333
1 0.717969 0.168519 0.018229 0.040741
8 0.443490 0.129630 0.030729 0.083333
8 0.059375 0.189352 0.071875 0.100926
8 0.465365 0.218981 0.071354 0.126852
9 0.544792 0.156019 0.039583 0.062037
1 0.063542 0.218519 0.035417 0.074074
1 0.054167 0.168056 0.031250 0.060185
2 0.082292 0.131944 0.027083 0.062037
1 0.133073 0.143519 0.024479 0.055556
1 0.140365 0.329167 0.044271 0.087963
1 0.180990 0.301852 0.040104 0.077778
1 0.267188 0.326389 0.042708 0.086111
1 0.264844 0.243056 0.032813 0.075000
1 0.301563 0.305093 0.043750 0.082407
0 0.342969 0.210648 0.032813 0.056481
1 0.309115 0.172685 0.026562 0.056481
0 0.331771 0.140278 0.020833 0.049074
1 0.376563 0.126389 0.018750 0.052778
0 0.419792 0.123611 0.022917 0.056481
1 0.388542 0.218056 0.029167 0.065741
0 0.451042 0.298148 0.038542 0.081481
0 0.464844 0.191204 0.027604 0.060185
0 0.470313 0.132407 0.023958 0.044444
0 0.441146 0.114352 0.020833 0.049074
1 0.515365 0.185648 0.023438 0.056481
1 0.528646 0.256944 0.030208 0.071296
1 0.544792 0.151389 0.021875 0.050926
1 0.577865 0.168981 0.026562 0.050926
1 0.554688 0.194444 0.020833 0.050000
0 0.534115 0.318519 0.039062 0.092593
0 0.623698 0.203241 0.028646 0.060185
0 0.630990 0.318056 0.046354 0.097222
1 0.742969 0.180556 0.024479 0.051852
0 0.765625 0.193519 0.021875 0.046296
1 0.794792 0.186574 0.025000 0.056481
9 0.790365 0.191204 0.034896 0.058333
1 0.823438 0.205093 0.022917 0.049074
1 0.887240 0.178704 0.025521 0.051852
1 0.852865 0.275926 0.029687 0.068519
6 0.843490 0.336574 0.042188 0.030556
1 0.917969 0.325463 0.040104 0.080556
0 0.985417 0.315278 0.029167 0.097222
