1 0.151042 0.654630 0.035417 0.072222
4 0.126042 0.715741 0.043750 0.038889
7 0.226042 0.693519 0.052083 0.088889
7 0.306771 0.693519 0.048958 0.079630
1 0.395313 0.618519 0.041667 0.081481
6 0.372917 0.728704 0.071875 0.050000
1 0.566667 0.661574 0.044792 0.069444
4 0.569792 0.715741 0.044792 0.050000
7 0.766146 0.672685 0.056250 0.106481
7 0.877865 0.764815 0.073438 0.114815
3 0.855990 0.855556 0.054688 0.044444
1 0.689063 0.680556 0.066667 0.129630
4 0.691667 0.830556 0.072917 0.070370
9 0.234115 0.680556 0.100521 0.114815
9 0.311719 0.693519 0.084896 0.081481
9 0.560156 0.686574 0.105729 0.112037
9 0.763542 0.663426 0.092708 0.126852
9 0.863542 0.775463 0.155208 0.193519
9 0.149740 0.678241 0.094271 0.123148
8 0.398177 0.659259 0.093229 0.161111
8 0.683594 0.743519 0.157812 0.244444
