1 0.030990 0.632407 0.060937 0.124074
2 0.125521 0.614352 0.066667 0.123148
1 0.120313 0.778704 0.092708 0.057407
1 0.267188 0.559259 0.050000 0.081481
6 0.255990 0.648148 0.079687 0.055556
1 0.369271 0.601852 0.066667 0.137037
4 0.351042 0.737037 0.058333 0.055556
1 0.460938 0.531481 0.048958 0.085185
4 0.457813 0.617593 0.035417 0.042593
1 0.642188 0.501852 0.041667 0.077778
1 0.679688 0.555556 0.058333 0.133333
1 0.722917 0.480556 0.044792 0.088889
1 0.813021 0.468519 0.050000 0.096296
2 0.763542 0.543519 0.076042 0.142593
1 0.953646 0.509259 0.073958 0.131481
6 0.838542 0.714815 0.126042 0.096296
4 0.970313 0.680556 0.054167 0.070370
8 0.282292 0.584259 0.089583 0.144444
8 0.152344 0.670370 0.150521 0.229630
8 0.049219 0.678241 0.097396 0.228704
8 0.377865 0.652778 0.157812 0.238889
8 0.466146 0.565741 0.084375 0.148148
8 0.632292 0.541204 0.063542 0.145370
8 0.666146 0.613889 0.113542 0.251852
8 0.722917 0.502315 0.059375 0.126852
8 0.797917 0.603241 0.166667 0.250926
8 0.827344 0.506944 0.084896 0.175000
8 0.938021 0.578241 0.123958 0.269444
