7 0.113542 0.760648 0.070833 0.121296
3 0.057813 0.838889 0.033333 0.048148
7 0.244792 0.743519 0.072917 0.129630
1 0.231771 0.605556 0.040625 0.088889
4 0.213021 0.687500 0.040625 0.030556
1 0.349219 0.604630 0.045312 0.098148
4 0.338542 0.687500 0.035417 0.056481
1 0.523438 0.619907 0.045833 0.080556
3 0.529167 0.703704 0.037500 0.029630
1 0.628646 0.618519 0.043750 0.083333
6 0.625521 0.696759 0.058333 0.056481
0 0.754167 0.601852 0.058333 0.122222
3 0.754167 0.824537 0.037500 0.043519
0 0.874740 0.619444 0.060937 0.103704
5 0.941146 0.843519 0.114583 0.057407
3 0.225521 0.832407 0.033333 0.033333
8 0.232292 0.634259 0.105208 0.137037
8 0.352344 0.640741 0.098437 0.153704
8 0.516667 0.651389 0.101042 0.119444
8 0.626563 0.643519 0.110417 0.125926
8 0.736719 0.687963 0.175521 0.275926
8 0.876563 0.698611 0.112500 0.262037
9 0.107292 0.730556 0.161458 0.181481
9 0.257552 0.745370 0.148438 0.207407
