1 0.061719 0.602778 0.060937 0.116667
3 0.015104 0.662963 0.029167 0.037037
1 0.163021 0.605556 0.058333 0.118519
6 0.155208 0.756481 0.117708 0.075926
1 0.292187 0.555556 0.043750 0.081481
4 0.277865 0.642593 0.064062 0.051852
2 0.376563 0.599074 0.067708 0.118519
3 0.315365 0.755556 0.035937 0.042593
6 0.374219 0.747222 0.089063 0.081481
1 0.472917 0.524074 0.040625 0.085185
4 0.476562 0.619444 0.034375 0.042593
1 0.675521 0.529630 0.058333 0.140741
1 0.735938 0.480556 0.043750 0.090741
1 0.831771 0.451852 0.045833 0.088889
2 0.802083 0.530556 0.069792 0.140741
6 0.839063 0.684259 0.102083 0.124074
1 0.966667 0.502778 0.062500 0.146296
8 0.080729 0.657870 0.114583 0.212037
8 0.185417 0.663426 0.161458 0.219444
8 0.300260 0.585648 0.099479 0.143519
8 0.400000 0.650000 0.153125 0.214815
8 0.481250 0.562963 0.101042 0.155556
8 0.674219 0.599537 0.135937 0.280556
8 0.734896 0.525463 0.072917 0.175000
8 0.819010 0.597222 0.152604 0.279630
8 0.848437 0.500000 0.077083 0.179630
8 0.946094 0.580093 0.107813 0.271296
