1 0.053646 0.588889 0.051042 0.077778
6 0.017448 0.682407 0.033854 0.051852
1 0.079167 0.650926 0.058333 0.112963
1 0.142708 0.617593 0.055208 0.118519
6 0.127344 0.760648 0.129688 0.095370
1 0.279167 0.572685 0.054167 0.080556
6 0.259896 0.668519 0.077083 0.037037
2 0.461979 0.554630 0.043750 0.075926
4 0.454688 0.630556 0.043750 0.044444
1 0.369792 0.608333 0.055208 0.125926
4 0.367188 0.730556 0.051042 0.048148
5 0.379167 0.776852 0.091667 0.035185
1 0.624740 0.520370 0.039062 0.064815
1 0.696875 0.508333 0.040625 0.088889
2 0.769271 0.481481 0.037500 0.061111
1 0.658594 0.559722 0.045312 0.119444
2 0.742969 0.559722 0.057813 0.130556
6 0.783594 0.705556 0.057813 0.083333
1 0.915365 0.530556 0.064062 0.122222
4 0.929688 0.682407 0.058333 0.066667
8 0.066667 0.685648 0.132292 0.195370
8 0.177865 0.670370 0.122396 0.214815
8 0.287240 0.606019 0.100521 0.136111
8 0.379167 0.663426 0.148958 0.204630
8 0.461458 0.587500 0.092708 0.141667
8 0.614844 0.560185 0.048438 0.129630
8 0.643490 0.617593 0.108854 0.231481
8 0.704167 0.534722 0.041667 0.130556
8 0.766146 0.617130 0.151042 0.236111
8 0.791667 0.530556 0.088542 0.151852
8 0.914844 0.598148 0.154688 0.238889
