8 0.066667 0.243519 0.087500 0.116667
8 0.096615 0.157870 0.050521 0.112037
8 0.138542 0.151389 0.044792 0.073148
8 0.161719 0.352778 0.098437 0.142593
8 0.277344 0.354630 0.116146 0.159259
9 0.315365 0.310185 0.082812 0.144444
9 0.248438 0.256019 0.069792 0.100926
8 0.346615 0.262500 0.058854 0.119444
8 0.306771 0.180556 0.042708 0.079630
8 0.398438 0.214815 0.056250 0.101852
8 0.337240 0.153704 0.042188 0.081481
8 0.380990 0.142130 0.042188 0.065741
8 0.422917 0.156944 0.048958 0.084259
8 0.476042 0.162037 0.038542 0.105556
9 0.514844 0.195833 0.049479 0.080556
8 0.627344 0.225926 0.060937 0.101852
9 0.572917 0.179630 0.061458 0.064815
8 0.569271 0.213889 0.048958 0.072222
8 0.444792 0.344907 0.090625 0.186111
8 0.534115 0.356019 0.088021 0.171296
8 0.637240 0.351389 0.103646 0.189815
9 0.525521 0.278241 0.068750 0.099074
5 0.259115 0.426852 0.069271 0.035185
5 0.513542 0.443056 0.037500 0.032407
9 0.713542 0.174074 0.034375 0.055556
9 0.732292 0.193056 0.055208 0.073148
8 0.766667 0.216204 0.047917 0.082407
8 0.815365 0.218519 0.051562 0.087037
8 0.877344 0.189815 0.048438 0.075926
8 0.830990 0.304167 0.076563 0.119444
8 0.894792 0.356019 0.092708 0.128704
8 0.959115 0.369444 0.080729 0.188889
9 0.596615 0.285648 0.064062 0.093519
5 0.979688 0.468519 0.040625 0.033333
1 0.721094 0.168519 0.018229 0.038889
8 0.444792 0.131019 0.030208 0.084259
1 0.063542 0.225926 0.033333 0.074074
1 0.085938 0.139352 0.027083 0.063889
1 0.129688 0.143056 0.023958 0.058333
1 0.140365 0.329167 0.046354 0.089815
1 0.267969 0.322685 0.045312 0.093519
1 0.303646 0.305093 0.040625 0.084259
1 0.265365 0.243519 0.033854 0.075926
1 0.304688 0.173611 0.027083 0.056481
9 0.203646 0.317130 0.088542 0.121296
1 0.180990 0.297685 0.043229 0.080556
0 0.357292 0.240741 0.037500 0.066667
1 0.336719 0.186111 0.027604 0.068519
0 0.330990 0.137037 0.021354 0.044444
1 0.379167 0.130556 0.019792 0.048148
1 0.422917 0.145833 0.023958 0.056481
0 0.442188 0.112500 0.020833 0.043519
1 0.394792 0.196759 0.029167 0.069444
8 0.468750 0.218519 0.065625 0.124074
0 0.464844 0.186111 0.027604 0.055556
0 0.471615 0.130556 0.022396 0.046296
0 0.449740 0.300463 0.039062 0.087963
1 0.526042 0.265278 0.029167 0.069444
1 0.515365 0.185185 0.023438 0.055556
1 0.577344 0.168519 0.026562 0.046296
1 0.544792 0.150926 0.020833 0.048148
9 0.544792 0.155556 0.036458 0.061111
1 0.569792 0.206019 0.023958 0.056481
0 0.534115 0.315741 0.041146 0.088889
0 0.622917 0.204630 0.028125 0.059259
1 0.613542 0.273148 0.031250 0.068519
0 0.637240 0.302778 0.044271 0.094444
1 0.742188 0.181019 0.026042 0.052778
0 0.773438 0.196759 0.022917 0.043519
1 0.794792 0.186574 0.023958 0.056481
1 0.822396 0.204167 0.021875 0.050926
1 0.885938 0.177315 0.026042 0.050926
8 0.849740 0.243519 0.080729 0.094444
0 0.857292 0.218519 0.027083 0.048148
1 0.852865 0.278704 0.028646 0.068519
6 0.843490 0.335185 0.042188 0.031481
1 0.913542 0.272222 0.034375 0.068519
0 0.950521 0.261574 0.029167 0.056481
8 0.951042 0.291204 0.046875 0.113889
1 0.917188 0.330556 0.038542 0.079630
1 0.985417 0.329630 0.029167 0.103704
