8 0.067969 0.242593 0.082812 0.111111
8 0.056771 0.189815 0.079167 0.096296
8 0.091146 0.166204 0.058333 0.102778
8 0.135937 0.147222 0.048958 0.074074
8 0.161719 0.331019 0.104688 0.182407
8 0.277344 0.355556 0.116146 0.159259
9 0.215365 0.319444 0.063021 0.111111
9 0.321875 0.312963 0.096875 0.150000
9 0.251563 0.254167 0.069792 0.112037
8 0.345573 0.249537 0.058854 0.143519
8 0.305469 0.180556 0.042188 0.083333
9 0.397917 0.223148 0.057292 0.083333
8 0.337240 0.144444 0.052604 0.094444
8 0.380990 0.142130 0.042188 0.065741
8 0.421875 0.155556 0.056250 0.081481
8 0.475521 0.162500 0.041667 0.106481
8 0.468490 0.218056 0.059896 0.130556
8 0.447917 0.268519 0.076042 0.124074
8 0.523438 0.181019 0.048958 0.102778
8 0.627865 0.228704 0.057813 0.105556
9 0.569792 0.174074 0.054167 0.064815
9 0.568490 0.215741 0.045312 0.064815
8 0.444792 0.358796 0.092708 0.165741
8 0.538542 0.356019 0.096875 0.178704
8 0.645573 0.374074 0.138021 0.170370
8 0.606510 0.331019 0.070312 0.125000
9 0.517969 0.280093 0.050521 0.099074
5 0.259115 0.426852 0.069271 0.035185
5 0.513542 0.443056 0.037500 0.032407
9 0.710938 0.179167 0.036458 0.052778
9 0.742969 0.187963 0.048438 0.081481
8 0.767969 0.214352 0.047396 0.087963
8 0.816667 0.219444 0.051042 0.081481
8 0.884375 0.203704 0.043750 0.068519
9 0.838542 0.304630 0.080208 0.111111
8 0.911719 0.345833 0.095312 0.130556
8 0.960417 0.367130 0.079167 0.199074
9 0.597917 0.284722 0.066667 0.093519
1 0.060417 0.225926 0.035417 0.074074
1 0.043490 0.169444 0.031771 0.057407
1 0.077865 0.147222 0.030729 0.062963
1 0.127865 0.140741 0.023438 0.053704
0 0.168490 0.288426 0.041146 0.093519
1 0.204167 0.305556 0.035417 0.077778
1 0.269271 0.236574 0.034375 0.078704
1 0.268490 0.321759 0.045312 0.093519
1 0.298698 0.295370 0.040104 0.087037
1 0.301563 0.168981 0.026042 0.060185
0 0.346615 0.121296 0.021354 0.051852
1 0.377344 0.133333 0.019271 0.050000
1 0.390365 0.215278 0.029687 0.065741
1 0.423438 0.143981 0.022917 0.058333
0 0.437240 0.111111 0.020313 0.044444
8 0.442188 0.127315 0.032292 0.076852
0 0.471094 0.134722 0.023438 0.049074
0 0.463021 0.182407 0.029167 0.055556
0 0.440365 0.245833 0.030729 0.075000
0 0.519792 0.157407 0.026042 0.055556
1 0.451042 0.319907 0.041667 0.082407
1 0.526563 0.270370 0.031250 0.079630
0 0.542188 0.316204 0.041667 0.095370
1 0.544792 0.152778 0.021875 0.050000
1 0.580469 0.171296 0.024479 0.050000
1 0.569792 0.212037 0.022917 0.055556
0 0.624740 0.205556 0.027604 0.061111
1 0.624740 0.307407 0.032813 0.077778
1 0.653646 0.341204 0.047917 0.102778
4 0.655990 0.434259 0.053646 0.035185
1 0.717187 0.172685 0.018750 0.043519
2 0.753646 0.173611 0.026042 0.054630
2 0.777344 0.194444 0.023438 0.051852
2 0.799219 0.186574 0.026562 0.047222
1 0.823698 0.206019 0.022396 0.054630
1 0.891146 0.193519 0.025000 0.048148
1 0.863542 0.283796 0.030208 0.069444
6 0.851562 0.341667 0.043750 0.027778
1 0.916146 0.284722 0.035417 0.069444
2 0.938542 0.322222 0.038542 0.081481
5 0.894792 0.415278 0.033333 0.025000
1 0.983594 0.318519 0.032813 0.101852
5 0.977865 0.468519 0.040104 0.031481
