7 0.114844 0.755556 0.073438 0.118519
3 0.058594 0.830556 0.042188 0.038889
1 0.232813 0.605556 0.046875 0.088889
4 0.213021 0.685185 0.033333 0.044444
7 0.242188 0.742593 0.063542 0.125926
1 0.349740 0.600000 0.050521 0.094444
4 0.340365 0.684259 0.039062 0.055556
1 0.524219 0.618519 0.045312 0.077778
3 0.529167 0.697222 0.035417 0.031481
1 0.627865 0.618519 0.045312 0.088889
6 0.622917 0.697222 0.069792 0.044444
0 0.750521 0.603704 0.057292 0.125926
3 0.751563 0.822222 0.035417 0.044444
0 0.876042 0.618519 0.058333 0.109259
5 0.937240 0.855556 0.120313 0.079630
3 0.227865 0.840741 0.035937 0.037037
9 0.110417 0.731019 0.163542 0.195370
9 0.259115 0.743519 0.144271 0.203704
8 0.229687 0.627778 0.104167 0.129630
8 0.353385 0.629630 0.089063 0.172222
8 0.518490 0.643056 0.108854 0.126852
8 0.627865 0.641204 0.098437 0.149074
8 0.732292 0.687500 0.164583 0.282407
8 0.874219 0.701852 0.119271 0.248148
