1 0.154688 0.655556 0.043750 0.074074
4 0.129167 0.716667 0.044792 0.040741
1 0.219792 0.624074 0.045833 0.081481
4 0.219271 0.718519 0.045833 0.037037
0 0.300521 0.615741 0.041667 0.075926
4 0.304688 0.726852 0.040625 0.038889
1 0.398438 0.618519 0.040625 0.083333
6 0.377344 0.730556 0.079687 0.040741
0 0.571615 0.630556 0.042188 0.062963
3 0.572396 0.730556 0.026042 0.033333
2 0.669271 0.641667 0.067708 0.118519
4 0.620313 0.725926 0.047917 0.051852
1 0.759375 0.630556 0.040625 0.075926
1 0.852344 0.692593 0.067187 0.125926
3 0.860938 0.855556 0.054167 0.037037
9 0.152865 0.681019 0.093229 0.119444
8 0.230469 0.662500 0.091146 0.143519
8 0.315365 0.659259 0.085938 0.144444
8 0.400260 0.662037 0.088021 0.155556
8 0.567969 0.706019 0.083854 0.228704
8 0.674219 0.706019 0.126562 0.263889
8 0.759115 0.657407 0.090104 0.125926
9 0.859115 0.741204 0.143229 0.226852
