1 0.039062 0.486111 0.062500 0.109259
5 0.047917 0.603704 0.092708 0.081481
1 0.207813 0.501852 0.054167 0.111111
3 0.196615 0.632407 0.032813 0.027778
0 0.349219 0.452778 0.051562 0.101852
4 0.284115 0.626852 0.034896 0.064815
0 0.382292 0.455556 0.028125 0.074074
0 0.566146 0.462037 0.043750 0.081481
0 0.654167 0.477778 0.033333 0.074074
0 0.706771 0.523148 0.055208 0.105556
5 0.696094 0.692593 0.092188 0.051852
9 0.074479 0.531944 0.147917 0.193519
8 0.216927 0.546296 0.122396 0.192593
8 0.348177 0.531019 0.157812 0.249074
8 0.401562 0.504167 0.065625 0.152778
8 0.554167 0.511111 0.097917 0.166667
8 0.648698 0.519907 0.084896 0.145370
8 0.696094 0.583333 0.141146 0.220370
8 0.749740 0.536111 0.057813 0.146296
