8 0.064062 0.245370 0.079167 0.120370
8 0.094792 0.166204 0.055208 0.102778
9 0.137240 0.150463 0.050521 0.069444
8 0.146094 0.338889 0.127604 0.175926
8 0.276562 0.357407 0.113542 0.155556
8 0.251563 0.247685 0.069792 0.117593
8 0.321615 0.298148 0.082812 0.168519
8 0.304688 0.173611 0.040625 0.091667
8 0.381771 0.137963 0.044792 0.068519
9 0.395313 0.224537 0.067708 0.089815
8 0.418490 0.160648 0.056771 0.086111
8 0.443490 0.133333 0.030729 0.075926
8 0.465365 0.218519 0.067187 0.131481
9 0.447917 0.281019 0.072917 0.102778
8 0.447135 0.349074 0.090104 0.181481
8 0.534896 0.346759 0.091667 0.187963
9 0.517448 0.202315 0.047396 0.075000
8 0.565365 0.178241 0.060937 0.073148
8 0.562240 0.207407 0.046354 0.077778
8 0.629687 0.229630 0.083333 0.107407
9 0.599740 0.291204 0.070312 0.091667
8 0.639844 0.372222 0.133854 0.168519
4 0.644271 0.431019 0.055208 0.039815
9 0.742969 0.187963 0.049479 0.081481
8 0.765365 0.217130 0.052604 0.089815
8 0.812240 0.218519 0.053646 0.094444
8 0.887240 0.193519 0.050521 0.079630
8 0.826562 0.302315 0.082292 0.126852
8 0.895312 0.338889 0.081250 0.155556
8 0.951042 0.289352 0.044792 0.113889
5 0.259896 0.426852 0.069792 0.035185
5 0.515365 0.443056 0.038021 0.032407
5 0.978646 0.468519 0.042708 0.031481
8 0.340365 0.252315 0.055729 0.137963
8 0.946094 0.366204 0.107813 0.204630
8 0.701562 0.176389 0.042708 0.099074
8 0.324219 0.142593 0.043229 0.087037
8 0.340365 0.136574 0.034896 0.080556
8 0.058333 0.192130 0.076042 0.099074
9 0.214062 0.320370 0.059375 0.116667
8 0.546094 0.155556 0.039062 0.072222
1 0.065365 0.227778 0.032813 0.072222
1 0.052344 0.175463 0.029687 0.058333
1 0.082292 0.146759 0.028125 0.062037
1 0.127865 0.144907 0.025521 0.054630
1 0.166667 0.296759 0.044792 0.095370
1 0.259896 0.231019 0.034375 0.076852
1 0.268490 0.324537 0.044271 0.089815
1 0.309896 0.261111 0.038542 0.094444
0 0.330469 0.212963 0.029687 0.059259
0 0.304167 0.155556 0.025000 0.053704
1 0.314063 0.127778 0.022917 0.053704
1 0.336719 0.121296 0.020313 0.051852
2 0.387240 0.130093 0.023438 0.047222
1 0.390365 0.214815 0.029687 0.061111
1 0.423438 0.145370 0.022917 0.053704
1 0.438542 0.120833 0.022917 0.049074
0 0.466146 0.187037 0.028125 0.064815
0 0.455208 0.303704 0.037500 0.087037
0 0.532813 0.298148 0.039583 0.087037
1 0.517969 0.193056 0.023438 0.054630
1 0.554167 0.144444 0.020833 0.046296
1 0.576042 0.166667 0.025000 0.048148
1 0.560937 0.195833 0.023958 0.052778
0 0.616667 0.207407 0.025000 0.064815
1 0.616146 0.282407 0.033333 0.074074
1 0.646615 0.340278 0.047396 0.100926
1 0.710938 0.149074 0.017708 0.042593
2 0.754687 0.175463 0.023958 0.054630
1 0.772135 0.197685 0.022396 0.050926
2 0.799740 0.197685 0.023438 0.050926
1 0.897917 0.180093 0.027083 0.052778
1 0.848437 0.274074 0.029167 0.068519
0 0.910937 0.299537 0.039583 0.078704
0 0.954167 0.262037 0.030208 0.057407
1 0.983594 0.315278 0.032813 0.100926
6 0.824740 0.343981 0.027604 0.034259
