0 0.134896 0.480556 0.058333 0.103704
5 0.089063 0.645370 0.112500 0.051852
0 0.251563 0.505556 0.060417 0.111111
4 0.207813 0.651852 0.043750 0.059259
0 0.388542 0.486574 0.050000 0.106481
3 0.321615 0.678704 0.032813 0.038889
0 0.439844 0.492593 0.039062 0.066667
7 0.602865 0.572685 0.057813 0.093519
7 0.707292 0.563889 0.046875 0.087037
7 0.809115 0.600926 0.048438 0.087037
7 0.754167 0.678704 0.067708 0.120370
9 0.601042 0.576852 0.104167 0.131481
9 0.699740 0.580556 0.092188 0.124074
9 0.816667 0.611111 0.103125 0.116667
9 0.746094 0.666667 0.160938 0.179630
8 0.135937 0.543056 0.141667 0.223148
8 0.250521 0.562037 0.121875 0.220370
8 0.385937 0.568056 0.117708 0.256481
8 0.450781 0.533796 0.065104 0.147222
