0 0.139063 0.505556 0.061458 0.103704
5 0.076563 0.638889 0.087500 0.077778
2 0.280990 0.499537 0.050521 0.117593
4 0.213021 0.645370 0.050000 0.059259
1 0.383594 0.508333 0.051562 0.125926
4 0.362240 0.605556 0.035937 0.061111
5 0.334896 0.689815 0.100000 0.046296
0 0.435417 0.485648 0.036458 0.069444
0 0.613021 0.504630 0.041667 0.087037
1 0.689844 0.530556 0.045312 0.077778
0 0.794792 0.515741 0.041667 0.083333
1 0.752344 0.593519 0.054688 0.120370
5 0.745313 0.743519 0.087500 0.050000
9 0.739062 0.641667 0.134375 0.201852
8 0.147917 0.559722 0.110417 0.200926
8 0.260417 0.555093 0.135417 0.226852
8 0.390885 0.570370 0.119271 0.238889
8 0.447917 0.534259 0.071875 0.155556
8 0.602865 0.544444 0.081771 0.166667
8 0.687500 0.557870 0.093750 0.141667
8 0.796615 0.561574 0.075521 0.169444
