8 0.066667 0.243519 0.085417 0.116667
8 0.096094 0.156481 0.051562 0.112963
8 0.140365 0.146759 0.045312 0.069444
8 0.163021 0.355556 0.097917 0.144444
8 0.277344 0.356019 0.115104 0.154630
9 0.205990 0.318519 0.088021 0.124074
9 0.315365 0.310648 0.085938 0.143519
9 0.246615 0.256019 0.071354 0.104630
8 0.343490 0.251389 0.060937 0.139815
8 0.307292 0.182407 0.043750 0.079630
9 0.397396 0.231019 0.060417 0.080556
8 0.335938 0.152778 0.041667 0.079630
8 0.379688 0.135648 0.043750 0.080556
8 0.419271 0.155556 0.061458 0.085185
8 0.474740 0.160185 0.041146 0.105556
9 0.513542 0.194907 0.051042 0.080556
8 0.624219 0.223148 0.065104 0.105556
9 0.572396 0.179630 0.063542 0.064815
8 0.568490 0.210185 0.049479 0.068519
8 0.444792 0.351389 0.090625 0.186111
8 0.535417 0.355556 0.092708 0.172222
8 0.634896 0.354167 0.096875 0.187963
8 0.526563 0.278704 0.070833 0.107407
5 0.259115 0.426852 0.069271 0.035185
5 0.513542 0.443056 0.037500 0.032407
9 0.710938 0.178241 0.033333 0.052778
9 0.733594 0.192593 0.055729 0.074074
8 0.767969 0.214815 0.048438 0.088889
8 0.816146 0.218519 0.051042 0.085185
8 0.875521 0.191204 0.052083 0.076852
8 0.832292 0.302778 0.076042 0.122222
8 0.894271 0.351852 0.091667 0.140741
8 0.959375 0.361574 0.081250 0.206481
9 0.597917 0.282407 0.065625 0.094444
5 0.979688 0.468519 0.040625 0.033333
1 0.717448 0.170370 0.018229 0.040741
8 0.443490 0.129630 0.030729 0.083333
8 0.057813 0.184722 0.071875 0.106481
8 0.466667 0.218056 0.066667 0.125000
9 0.543490 0.156019 0.039062 0.063889
1 0.063542 0.220370 0.032292 0.074074
1 0.048438 0.167130 0.031250 0.062037
2 0.085417 0.136574 0.027083 0.062037
1 0.133594 0.143056 0.024479 0.056481
1 0.142448 0.328704 0.047396 0.088889
1 0.182292 0.299537 0.041667 0.080556
1 0.267448 0.326389 0.044271 0.086111
1 0.265365 0.243519 0.033854 0.075926
1 0.302344 0.305556 0.042188 0.087037
1 0.305469 0.173611 0.026562 0.056481
0 0.341667 0.209259 0.033333 0.062963
0 0.330990 0.140278 0.022396 0.049074
2 0.376042 0.120833 0.020833 0.050926
1 0.386719 0.221759 0.032813 0.062037
1 0.422917 0.143519 0.023958 0.061111
0 0.440365 0.111574 0.020313 0.043519
0 0.470313 0.132870 0.023958 0.047222
0 0.464323 0.190741 0.028646 0.059259
0 0.450521 0.298148 0.038542 0.081481
0 0.534115 0.317593 0.042188 0.094444
1 0.516146 0.187037 0.026042 0.055556
1 0.544792 0.148611 0.023958 0.045370
1 0.521615 0.258333 0.033854 0.072222
1 0.571094 0.205556 0.022396 0.053704
1 0.578646 0.168981 0.027083 0.047222
0 0.624740 0.203241 0.027604 0.060185
0 0.637240 0.302778 0.043229 0.085185
1 0.743490 0.181019 0.025521 0.052778
2 0.772917 0.193519 0.025000 0.048148
1 0.794792 0.187037 0.023958 0.055556
1 0.819792 0.202778 0.026042 0.053704
1 0.854688 0.278704 0.028125 0.068519
1 0.888021 0.179167 0.026042 0.052778
6 0.841667 0.335648 0.042708 0.030556
1 0.917969 0.323148 0.040104 0.081481
0 0.979688 0.301852 0.039583 0.088889
