1 0.138021 0.506481 0.050000 0.109259
0 0.267969 0.505556 0.060937 0.122222
4 0.239063 0.643519 0.051042 0.059259
2 0.372396 0.493519 0.061458 0.122222
0 0.439063 0.478704 0.037500 0.083333
0 0.620313 0.487963 0.041667 0.081481
0 0.708333 0.511111 0.038542 0.081481
0 0.794271 0.520370 0.045833 0.096296
0 0.754167 0.562963 0.057292 0.118519
5 0.746615 0.730556 0.090104 0.079630
8 0.147135 0.551389 0.125521 0.189815
8 0.268490 0.561574 0.115104 0.219444
8 0.388281 0.559259 0.156771 0.246296
8 0.446094 0.514352 0.058854 0.143519
8 0.603385 0.535185 0.097396 0.168519
8 0.699740 0.546759 0.074479 0.147222
8 0.740365 0.625463 0.148438 0.228704
8 0.800521 0.559722 0.068750 0.163889
