0 0.285417 0.425926 0.035417 0.074074
8 0.290365 0.455556 0.101562 0.142593
1 0.360417 0.411111 0.030208 0.055556
8 0.365365 0.430093 0.079687 0.093519
0 0.434375 0.418056 0.031250 0.058333
8 0.426563 0.455556 0.073958 0.129630
0 0.491146 0.417593 0.030208 0.064815
8 0.499740 0.452778 0.073438 0.137037
0 0.570312 0.415278 0.031250 0.065741
8 0.570312 0.450000 0.069792 0.137037
1 0.907292 0.490278 0.035417 0.078704
8 0.884115 0.518056 0.085938 0.141667
0 0.963281 0.448611 0.035937 0.073148
8 0.953646 0.493056 0.085417 0.173148
5 0.894792 0.577315 0.058333 0.037963
1 0.871094 0.449074 0.033854 0.066667
0 0.817969 0.402315 0.032813 0.054630
8 0.805469 0.449074 0.085938 0.155556
5 0.809115 0.522222 0.036979 0.031481
0 0.832292 0.372685 0.020833 0.043519
0 0.802865 0.368056 0.022396 0.039815
1 0.766667 0.405556 0.026042 0.053704
8 0.751042 0.440278 0.066667 0.108333
6 0.754948 0.478241 0.031771 0.032407
1 0.720313 0.383333 0.020833 0.044444
8 0.710938 0.406019 0.050000 0.089815
9 0.721615 0.368519 0.046354 0.057407
1 0.701042 0.341667 0.020833 0.040741
0 0.653646 0.329630 0.014583 0.029630
8 0.659115 0.343519 0.047396 0.062963
1 0.745313 0.317130 0.016667 0.032407
8 0.738542 0.325926 0.031250 0.055556
0 0.672396 0.314352 0.016667 0.036111
8 0.673438 0.318981 0.035417 0.056481
0 0.636458 0.306481 0.016667 0.033333
8 0.632031 0.325000 0.035937 0.070370
1 0.551042 0.380556 0.021875 0.050000
8 0.540365 0.393056 0.046354 0.080556
0 0.576042 0.341204 0.017708 0.041667
8 0.576042 0.356019 0.035417 0.071296
1 0.527865 0.331019 0.016146 0.032407
8 0.526563 0.342130 0.040625 0.056481
4 0.538542 0.295833 0.018750 0.019444
0 0.537240 0.288889 0.014063 0.031481
8 0.538542 0.296759 0.025000 0.056481
1 0.517188 0.302778 0.017708 0.035185
8 0.512240 0.311111 0.035937 0.055556
1 0.488021 0.320370 0.017708 0.040741
8 0.484115 0.330556 0.039062 0.061111
0 0.437500 0.367130 0.021875 0.049074
8 0.435417 0.385185 0.052083 0.094444
2 0.399740 0.341204 0.022396 0.045370
8 0.400000 0.354630 0.037500 0.074074
1 0.305469 0.343519 0.020313 0.040741
8 0.306771 0.355556 0.046875 0.064815
1 0.351042 0.356019 0.022917 0.054630
8 0.338021 0.379630 0.048958 0.100000
1 0.332292 0.316204 0.019792 0.039815
0 0.343490 0.295833 0.015104 0.030556
8 0.351042 0.305556 0.030208 0.055556
0 0.446875 0.307870 0.021875 0.043519
8 0.442188 0.318981 0.045833 0.071296
0 0.434115 0.282870 0.015104 0.032407
1 0.413542 0.305556 0.014583 0.037037
1 0.390365 0.291204 0.014063 0.034259
8 0.355990 0.293056 0.024479 0.047222
5 0.170573 0.425926 0.026562 0.022222
0 0.165365 0.355556 0.020313 0.040741
8 0.174740 0.381019 0.045312 0.095370
1 0.107292 0.423611 0.032292 0.063889
1 0.069792 0.341667 0.020833 0.044444
8 0.073438 0.351852 0.034375 0.064815
1 0.008594 0.373148 0.016146 0.044444
9 0.019792 0.380556 0.038542 0.062963
9 0.106771 0.431019 0.078125 0.073148
1 0.209635 0.314352 0.018229 0.037963
9 0.214323 0.317130 0.035937 0.043519
1 0.175260 0.312500 0.022396 0.047222
8 0.184115 0.324537 0.042188 0.069444
2 0.146615 0.309722 0.022396 0.045370
8 0.141667 0.322685 0.033333 0.067593
1 0.110156 0.350463 0.020313 0.043519
9 0.113021 0.352315 0.043750 0.047222
8 0.388542 0.293519 0.032292 0.046296
6 0.708594 0.431019 0.030729 0.032407
8 0.432292 0.293519 0.021875 0.057407
9 0.699219 0.348611 0.035937 0.056481
