7 0.112500 0.753704 0.062500 0.107407
3 0.059115 0.830556 0.032813 0.031481
1 0.231771 0.605556 0.037500 0.088889
4 0.213542 0.680556 0.034375 0.046296
7 0.242188 0.740741 0.068750 0.118519
1 0.350521 0.594444 0.048958 0.088889
4 0.338542 0.687037 0.032292 0.055556
1 0.523438 0.618519 0.045833 0.077778
3 0.526563 0.693519 0.034375 0.027778
1 0.634115 0.616667 0.042188 0.085185
6 0.628646 0.700000 0.068750 0.055556
0 0.752865 0.603704 0.054688 0.111111
3 0.754167 0.826852 0.040625 0.038889
0 0.872396 0.617593 0.056250 0.101852
5 0.938021 0.843519 0.116667 0.062963
8 0.219792 0.630093 0.085417 0.143519
8 0.354167 0.629630 0.086458 0.175926
8 0.518490 0.643981 0.103646 0.150926
8 0.624740 0.642593 0.099479 0.140741
8 0.733073 0.688889 0.168229 0.275926
8 0.879948 0.695833 0.111979 0.249074
9 0.113542 0.730556 0.176042 0.174074
9 0.255729 0.744444 0.135417 0.201852
