7 0.114844 0.761111 0.070312 0.131481
3 0.056771 0.831481 0.037500 0.040741
0 0.232813 0.603704 0.041667 0.088889
7 0.242188 0.743519 0.062500 0.116667
4 0.209115 0.687037 0.032813 0.044444
1 0.347396 0.593519 0.041667 0.096296
4 0.335938 0.687037 0.033333 0.068519
1 0.523438 0.619444 0.037500 0.087037
3 0.528646 0.705556 0.036458 0.033333
1 0.632292 0.605556 0.041667 0.094444
4 0.629167 0.699074 0.066667 0.055556
0 0.750521 0.594444 0.058333 0.111111
3 0.756771 0.830556 0.037500 0.040741
0 0.872396 0.618519 0.056250 0.096296
5 0.940365 0.848148 0.114062 0.055556
9 0.105469 0.735648 0.166146 0.182407
9 0.258073 0.744907 0.142187 0.208333
8 0.223698 0.628704 0.078646 0.146296
8 0.350521 0.627778 0.094792 0.164815
8 0.517188 0.647222 0.108333 0.131481
8 0.626563 0.642130 0.108333 0.141667
8 0.734375 0.689352 0.171875 0.284259
8 0.877344 0.694907 0.130729 0.256481
