1 0.151042 0.655556 0.040625 0.083333
4 0.129688 0.718519 0.058333 0.037037
7 0.226042 0.693519 0.050000 0.081481
7 0.304688 0.693519 0.051042 0.074074
1 0.395313 0.618519 0.044792 0.083333
6 0.376563 0.729630 0.073958 0.044444
1 0.566667 0.655556 0.038542 0.066667
4 0.566667 0.718519 0.041667 0.037037
7 0.769792 0.668519 0.050000 0.085185
7 0.877344 0.780556 0.079687 0.111111
1 0.686719 0.687037 0.060937 0.131481
4 0.693490 0.831481 0.079687 0.062963
9 0.148698 0.680556 0.100521 0.127778
9 0.230469 0.681019 0.092188 0.115741
9 0.314063 0.699074 0.085417 0.081481
9 0.559635 0.681481 0.099479 0.122222
9 0.767448 0.665278 0.096354 0.136111
9 0.864323 0.775000 0.156771 0.194444
8 0.395052 0.662500 0.092188 0.158333
8 0.685417 0.743519 0.163542 0.246296
