7 0.082292 0.740741 0.070833 0.118519
3 0.044792 0.845370 0.050000 0.037037
0 0.242188 0.657407 0.059375 0.112963
0 0.235417 0.572685 0.039583 0.054630
0 0.346094 0.577778 0.042188 0.074074
5 0.187240 0.839815 0.107813 0.046296
0 0.485417 0.569444 0.037500 0.070370
0 0.598958 0.583796 0.039583 0.080556
1 0.531771 0.680556 0.062500 0.112963
3 0.613542 0.705556 0.032292 0.024074
3 0.535417 0.804630 0.055208 0.061111
0 0.703646 0.605556 0.053125 0.103704
3 0.698438 0.821759 0.037500 0.043519
3 0.838542 0.677778 0.059375 0.111111
5 0.885938 0.825926 0.103125 0.051852
3 0.325521 0.715741 0.016667 0.035185
5 0.351042 0.715741 0.033333 0.038889
9 0.105990 0.737963 0.136979 0.205556
8 0.237240 0.718056 0.123438 0.225000
8 0.244792 0.625000 0.085417 0.142593
8 0.344792 0.626389 0.082292 0.156481
8 0.480990 0.621296 0.099479 0.164815
8 0.531771 0.735648 0.137500 0.195370
8 0.600521 0.619907 0.078125 0.156481
8 0.707812 0.691667 0.125000 0.259259
8 0.855990 0.724074 0.125521 0.185185
