8 0.065365 0.243519 0.079687 0.120370
8 0.096615 0.164815 0.053646 0.103704
8 0.137240 0.151389 0.050521 0.073148
8 0.143490 0.342593 0.125521 0.177778
8 0.277865 0.356481 0.114062 0.155556
9 0.249740 0.256019 0.073438 0.100926
8 0.319792 0.298611 0.079167 0.169444
8 0.305990 0.168519 0.034896 0.092593
8 0.377865 0.131481 0.044271 0.068519
9 0.396094 0.223611 0.066146 0.084259
8 0.418490 0.156019 0.055729 0.084259
8 0.444271 0.131019 0.028125 0.078704
8 0.466146 0.218519 0.065625 0.131481
9 0.447396 0.281019 0.072917 0.102778
8 0.446615 0.345833 0.090104 0.180556
8 0.535417 0.344907 0.091667 0.187963
8 0.518490 0.199537 0.048438 0.069444
8 0.564063 0.176389 0.055208 0.076852
8 0.564063 0.206944 0.045833 0.076852
8 0.638542 0.228704 0.055208 0.105556
9 0.597917 0.290741 0.069792 0.088889
8 0.638542 0.368519 0.133333 0.164815
4 0.643490 0.431019 0.051562 0.039815
9 0.737240 0.193519 0.049479 0.070370
8 0.766146 0.216667 0.053125 0.094444
8 0.816667 0.207870 0.054167 0.102778
8 0.884115 0.198148 0.046354 0.070370
8 0.833594 0.300000 0.073438 0.118519
8 0.894792 0.339352 0.082292 0.160185
8 0.949740 0.289352 0.045312 0.113889
5 0.259896 0.426852 0.069792 0.035185
5 0.515365 0.443056 0.038021 0.032407
5 0.978646 0.468519 0.042708 0.031481
8 0.337240 0.248611 0.049479 0.143519
8 0.947917 0.368056 0.104167 0.199074
8 0.702865 0.176852 0.042188 0.100000
1 0.065365 0.223148 0.032813 0.068519
2 0.085417 0.143519 0.029167 0.061111
1 0.127344 0.143056 0.026562 0.054630
0 0.152865 0.304167 0.043229 0.099074
9 0.213542 0.318981 0.079167 0.113889
1 0.267969 0.326852 0.043229 0.087037
1 0.309115 0.262037 0.039062 0.094444
1 0.267188 0.243056 0.033333 0.073148
0 0.327865 0.211574 0.029687 0.067593
0 0.306250 0.151852 0.025000 0.050000
0 0.319792 0.131019 0.019792 0.052778
8 0.326042 0.143056 0.033333 0.076852
1 0.335938 0.120370 0.017708 0.048148
2 0.367969 0.125926 0.020313 0.050000
1 0.396615 0.217593 0.029687 0.066667
1 0.424219 0.143519 0.022396 0.057407
0 0.439844 0.116667 0.020313 0.046296
0 0.463542 0.180556 0.026042 0.053704
0 0.455469 0.297222 0.038021 0.081481
0 0.537240 0.296296 0.038021 0.088889
1 0.518490 0.193056 0.023438 0.054630
0 0.568490 0.193981 0.022396 0.050926
1 0.571875 0.159722 0.025000 0.043519
0 0.636198 0.206019 0.027604 0.060185
1 0.643490 0.343056 0.044271 0.100926
1 0.710938 0.147222 0.018750 0.044444
1 0.746615 0.182407 0.024479 0.050000
1 0.771615 0.193519 0.023438 0.051852
1 0.816667 0.187500 0.023958 0.056481
2 0.851823 0.275000 0.031771 0.068519
1 0.894271 0.188426 0.026042 0.049074
0 0.907292 0.295370 0.036458 0.077778
0 0.955990 0.267130 0.029687 0.067593
0 0.984375 0.312963 0.031250 0.094444
1 0.192188 0.310185 0.035417 0.081481
