1 0.060417 0.605556 0.068750 0.114815
1 0.172917 0.608333 0.062500 0.114815
6 0.143490 0.755556 0.082812 0.072222
1 0.298438 0.548611 0.045833 0.082407
6 0.273438 0.643519 0.068750 0.061111
2 0.392188 0.564815 0.062500 0.122222
1 0.485938 0.522685 0.037500 0.082407
4 0.482292 0.605556 0.035417 0.038889
4 0.326042 0.742593 0.043750 0.085185
6 0.379167 0.741667 0.062500 0.087037
1 0.675521 0.543519 0.058333 0.140741
1 0.738021 0.488889 0.041667 0.088889
1 0.829688 0.447685 0.038542 0.080556
1 0.803646 0.521296 0.064583 0.144444
6 0.831771 0.685648 0.112500 0.130556
1 0.968750 0.500463 0.059375 0.143519
8 0.082812 0.655556 0.111458 0.224074
8 0.177865 0.668056 0.152604 0.232407
8 0.299740 0.581944 0.101562 0.152778
8 0.391146 0.630556 0.159375 0.244444
8 0.489063 0.558796 0.087500 0.141667
8 0.672396 0.606019 0.141667 0.265741
8 0.736198 0.526852 0.077604 0.162963
8 0.846615 0.500000 0.083854 0.181481
8 0.817708 0.595370 0.166667 0.285185
8 0.946094 0.574537 0.107813 0.280556
