0 0.094792 0.642593 0.069792 0.140741
3 0.044792 0.848148 0.050000 0.031481
0 0.243490 0.585185 0.042188 0.092593
7 0.194792 0.759259 0.069792 0.118519
0 0.347917 0.570370 0.040625 0.074074
3 0.326042 0.716667 0.028125 0.033333
0 0.485938 0.574074 0.043750 0.081481
1 0.510938 0.705556 0.054167 0.114815
4 0.538542 0.815741 0.043750 0.057407
0 0.607292 0.573148 0.045833 0.083333
0 0.698438 0.605556 0.056250 0.100000
3 0.613542 0.703704 0.023958 0.037037
3 0.694792 0.818519 0.030208 0.050000
1 0.841667 0.661111 0.058333 0.107407
5 0.882292 0.826852 0.096875 0.064815
9 0.216667 0.752315 0.144792 0.197222
8 0.105990 0.701852 0.135937 0.262963
8 0.248438 0.630556 0.095833 0.172222
8 0.345833 0.624074 0.094792 0.168519
8 0.492448 0.618056 0.100521 0.165741
8 0.607292 0.619907 0.101042 0.176852
9 0.530990 0.743056 0.136979 0.200926
8 0.708594 0.690741 0.128646 0.264815
8 0.852865 0.711574 0.131771 0.219444
