1 0.207031 0.447222 0.028646 0.061111
9 0.207813 0.456481 0.070833 0.081481
1 0.114844 0.411574 0.027604 0.052778
9 0.119792 0.418056 0.055208 0.069444
1 0.165885 0.382407 0.021354 0.048148
8 0.168490 0.389352 0.045312 0.060185
1 0.257292 0.405093 0.020833 0.041667
8 0.267188 0.418519 0.046875 0.074074
3 0.249740 0.452315 0.011979 0.013889
0 0.247135 0.353241 0.021354 0.043519
8 0.249219 0.359722 0.034896 0.056481
1 0.281250 0.351852 0.018750 0.044444
8 0.288021 0.364352 0.038542 0.065741
1 0.304948 0.339352 0.018229 0.041667
8 0.309115 0.343056 0.029687 0.052778
1 0.307292 0.456019 0.028125 0.065741
8 0.315365 0.480556 0.071354 0.124074
0 0.403646 0.455093 0.029167 0.062037
8 0.410938 0.481019 0.086458 0.121296
1 0.363021 0.445833 0.023958 0.056481
9 0.364323 0.460185 0.056771 0.081481
0 0.387240 0.393519 0.023438 0.040741
8 0.390365 0.431019 0.042188 0.049074
0 0.449740 0.405556 0.020313 0.044444
8 0.453125 0.422222 0.040625 0.081481
0 0.416146 0.353704 0.017708 0.035185
8 0.419792 0.380093 0.035417 0.036111
1 0.446615 0.368519 0.016146 0.037037
1 0.439063 0.335185 0.015625 0.042593
8 0.439844 0.355556 0.032813 0.044444
0 0.485938 0.375000 0.018750 0.042593
8 0.488542 0.393056 0.038542 0.069444
0 0.510417 0.443056 0.026042 0.058333
8 0.513542 0.480556 0.061458 0.135185
1 0.472917 0.332407 0.014583 0.031481
1 0.505990 0.341204 0.014063 0.036111
1 0.540365 0.333796 0.017188 0.034259
8 0.542969 0.388889 0.044271 0.088889
1 0.516146 0.411111 0.020833 0.044444
1 0.536719 0.368519 0.019271 0.044444
0 0.576042 0.468056 0.026042 0.062037
8 0.583073 0.493056 0.068229 0.113889
1 0.587500 0.418056 0.021875 0.045370
9 0.580990 0.430556 0.056771 0.074074
0 0.668490 0.455093 0.031771 0.063889
8 0.667969 0.484722 0.071354 0.130556
0 0.646615 0.441204 0.020313 0.049074
8 0.638542 0.466667 0.042708 0.100000
1 0.632292 0.406019 0.021875 0.049074
8 0.631771 0.427778 0.042708 0.087037
1 0.582292 0.375000 0.017708 0.040741
9 0.576042 0.373148 0.033333 0.044444
0 0.617188 0.365741 0.015625 0.031481
8 0.612240 0.373611 0.035937 0.056481
0 0.655469 0.373611 0.017188 0.043519
8 0.661458 0.392130 0.038542 0.075000
0 0.603125 0.330556 0.014583 0.029630
8 0.601042 0.342593 0.028125 0.061111
1 0.721615 0.347685 0.013021 0.030556
9 0.715365 0.352778 0.026562 0.042593
1 0.734115 0.356019 0.015104 0.036111
8 0.730990 0.366667 0.033854 0.061111
1 0.776042 0.352315 0.016667 0.036111
2 0.757292 0.366204 0.016667 0.037963
8 0.751563 0.380556 0.034375 0.064815
1 0.797917 0.368056 0.016667 0.039815
8 0.794792 0.378704 0.036458 0.062963
1 0.838542 0.341204 0.015625 0.036111
8 0.840365 0.352778 0.039062 0.061111
1 0.839063 0.391667 0.020833 0.035185
2 0.822396 0.415278 0.022917 0.045370
8 0.809115 0.440278 0.050521 0.097222
1 0.854948 0.418056 0.024479 0.049074
1 0.879167 0.455556 0.027083 0.059259
8 0.863542 0.478704 0.057292 0.098148
1 0.955990 0.419444 0.021354 0.044444
8 0.956250 0.434259 0.037500 0.081481
0 0.921094 0.451389 0.032813 0.060185
8 0.918490 0.489815 0.074479 0.148148
2 0.984896 0.492130 0.030208 0.067593
8 0.421615 0.365741 0.034896 0.068519
8 0.474740 0.336574 0.028646 0.043519
8 0.505990 0.348611 0.035937 0.056481
