7 0.114844 0.754630 0.070312 0.124074
3 0.059896 0.830556 0.035417 0.050000
7 0.244792 0.742593 0.068750 0.129630
1 0.230990 0.605556 0.045312 0.092593
4 0.213542 0.681481 0.037500 0.037037
1 0.346615 0.605556 0.045312 0.088889
4 0.338542 0.682407 0.035417 0.061111
1 0.525521 0.623148 0.041667 0.081481
3 0.529167 0.703704 0.038542 0.029630
1 0.626563 0.616667 0.045833 0.088889
6 0.621615 0.693519 0.057813 0.046296
0 0.752865 0.598148 0.060937 0.118519
3 0.754167 0.825926 0.033333 0.037037
0 0.875521 0.618519 0.057292 0.103704
5 0.939063 0.843519 0.114583 0.064815
3 0.228646 0.841667 0.031250 0.038889
9 0.106771 0.736111 0.156250 0.179630
9 0.254167 0.742593 0.148958 0.207407
8 0.229167 0.629630 0.092708 0.125926
8 0.352604 0.637963 0.093750 0.159259
8 0.519792 0.646759 0.108333 0.126852
8 0.624219 0.637963 0.095312 0.142593
8 0.735417 0.681019 0.177083 0.275000
8 0.874740 0.698148 0.121354 0.255556
