0 0.163021 0.636574 0.058333 0.106481
3 0.060417 0.836574 0.037500 0.043519
0 0.225521 0.593519 0.045833 0.077778
0 0.279167 0.619907 0.058333 0.119444
3 0.234375 0.830556 0.040625 0.046296
0 0.350521 0.574537 0.045833 0.082407
1 0.519271 0.607407 0.037500 0.090741
4 0.526563 0.691667 0.052083 0.042593
1 0.632292 0.606481 0.039583 0.085185
6 0.633594 0.698611 0.067187 0.054630
0 0.746094 0.580556 0.057813 0.111111
0 0.872917 0.614815 0.062500 0.088889
5 0.938021 0.843519 0.116667 0.070370
3 0.756771 0.829630 0.037500 0.044444
8 0.155990 0.694907 0.132812 0.226852
8 0.229427 0.620370 0.065104 0.122222
8 0.291667 0.694444 0.128125 0.242593
8 0.355990 0.624074 0.086979 0.168519
8 0.514583 0.643056 0.105208 0.152778
8 0.627865 0.635185 0.089063 0.181481
8 0.736198 0.678704 0.172396 0.288889
8 0.877344 0.696759 0.120313 0.256481
