1 0.135417 0.518519 0.059375 0.103704
5 0.094271 0.636111 0.112500 0.072222
1 0.244792 0.533333 0.056250 0.114815
4 0.217188 0.651852 0.050000 0.059259
0 0.394271 0.469444 0.054167 0.098148
3 0.320312 0.680556 0.032292 0.037037
1 0.430469 0.505556 0.035937 0.081481
0 0.604688 0.488889 0.037500 0.074074
0 0.690365 0.522222 0.042188 0.068519
0 0.794271 0.538889 0.045833 0.085185
1 0.737240 0.580556 0.054688 0.118519
5 0.736719 0.741667 0.089063 0.057407
8 0.149219 0.563889 0.105729 0.181481
8 0.257031 0.581944 0.126562 0.195370
8 0.385417 0.559722 0.120833 0.269444
9 0.446615 0.542593 0.069271 0.140741
8 0.588021 0.541667 0.097917 0.172222
8 0.684115 0.556019 0.078646 0.136111
8 0.727865 0.637963 0.134896 0.212963
8 0.794792 0.575000 0.072917 0.155556
