1 0.126042 0.508333 0.059375 0.109259
6 0.090365 0.638889 0.120313 0.062963
0 0.254948 0.506019 0.049479 0.110185
4 0.210938 0.648611 0.045833 0.065741
0 0.390885 0.496759 0.051562 0.091667
5 0.333594 0.689815 0.107813 0.046296
0 0.440365 0.493519 0.035937 0.079630
1 0.597917 0.501852 0.044792 0.085185
4 0.591667 0.600463 0.030208 0.043519
1 0.690625 0.545833 0.038542 0.076852
0 0.787240 0.512963 0.039062 0.079630
1 0.751563 0.592593 0.058333 0.114815
5 0.745313 0.743519 0.091667 0.057407
8 0.141667 0.558333 0.110417 0.201852
8 0.251563 0.567130 0.118750 0.215741
8 0.385417 0.570833 0.119792 0.241667
8 0.449740 0.532407 0.066146 0.151852
8 0.592448 0.545833 0.081771 0.165741
9 0.685417 0.567593 0.089583 0.131481
9 0.741667 0.643519 0.135417 0.200000
8 0.796094 0.564352 0.076563 0.173148
