1 0.055990 0.605556 0.060937 0.111111
3 0.011198 0.667593 0.021354 0.031481
1 0.077865 0.555556 0.039062 0.061111
1 0.172917 0.598148 0.054167 0.118519
6 0.135417 0.764815 0.079167 0.077778
1 0.294792 0.544444 0.038542 0.088889
6 0.277865 0.645370 0.064062 0.061111
1 0.379688 0.593519 0.066667 0.129630
3 0.317969 0.749074 0.035937 0.055556
6 0.376563 0.744444 0.087500 0.088889
1 0.473438 0.518519 0.043750 0.088889
4 0.477865 0.625926 0.039062 0.037037
1 0.664844 0.516667 0.054688 0.125926
1 0.735938 0.478704 0.045833 0.094444
1 0.804167 0.518519 0.070833 0.142593
1 0.834115 0.445833 0.042188 0.080556
1 0.968490 0.505556 0.061979 0.125926
6 0.835938 0.677778 0.094792 0.140741
8 0.069792 0.656019 0.098958 0.197222
8 0.085417 0.594907 0.092708 0.143519
8 0.173177 0.662037 0.144271 0.240741
8 0.300260 0.582407 0.095312 0.144444
8 0.396875 0.650463 0.152083 0.223148
8 0.483594 0.560648 0.097396 0.163889
8 0.671875 0.598611 0.133333 0.289815
8 0.735938 0.505093 0.060417 0.152778
8 0.813542 0.590741 0.154167 0.292593
8 0.841667 0.493981 0.101042 0.165741
8 0.948438 0.571759 0.103125 0.256481
