1 0.062240 0.586111 0.042188 0.068519
1 0.028646 0.643519 0.056250 0.118519
4 0.019792 0.777778 0.038542 0.059259
1 0.157812 0.632407 0.058333 0.112963
6 0.132292 0.777778 0.087500 0.051852
1 0.265365 0.592593 0.045312 0.081481
6 0.257292 0.668519 0.069792 0.051852
1 0.452344 0.555556 0.039062 0.077778
4 0.454688 0.638889 0.040625 0.044444
1 0.385937 0.622222 0.053125 0.118519
5 0.369792 0.762037 0.094792 0.044444
3 0.307292 0.773148 0.029167 0.044444
1 0.619271 0.523148 0.038542 0.068519
1 0.703646 0.507407 0.039583 0.092593
1 0.651563 0.553704 0.051042 0.118519
1 0.793490 0.480556 0.042188 0.087037
1 0.782292 0.582407 0.064583 0.112963
3 0.730990 0.741667 0.032813 0.031481
6 0.782813 0.714815 0.095833 0.062963
1 0.919792 0.529630 0.063542 0.111111
4 0.923438 0.684259 0.054167 0.064815
9 0.054427 0.693981 0.104688 0.197222
8 0.084896 0.631019 0.082292 0.143519
8 0.156250 0.693519 0.135417 0.233333
8 0.274740 0.611111 0.092188 0.129630
8 0.379688 0.666204 0.129167 0.187963
8 0.463802 0.589352 0.094271 0.136111
8 0.609896 0.562037 0.052083 0.142593
8 0.647917 0.618981 0.132292 0.243519
8 0.708594 0.543056 0.074479 0.156481
8 0.778906 0.618056 0.136979 0.208333
8 0.799740 0.505093 0.098437 0.125000
8 0.921615 0.591667 0.153646 0.240741
