8 0.071615 0.252778 0.089063 0.127778
8 0.057292 0.175463 0.073958 0.112037
8 0.141146 0.143519 0.048958 0.075926
8 0.335938 0.144444 0.051042 0.090741
8 0.307292 0.175463 0.039583 0.093519
8 0.379167 0.143519 0.041667 0.066667
8 0.419792 0.156019 0.054167 0.082407
8 0.477865 0.163889 0.039062 0.100000
8 0.476562 0.221296 0.055208 0.125926
8 0.523698 0.193056 0.049479 0.100926
8 0.551823 0.143056 0.036979 0.078704
8 0.571094 0.206481 0.048438 0.070370
8 0.632292 0.229630 0.055208 0.105556
8 0.644792 0.368519 0.135417 0.179630
8 0.602865 0.333333 0.065104 0.131481
9 0.597917 0.289815 0.067708 0.100000
8 0.538021 0.355556 0.094792 0.175926
8 0.445573 0.344907 0.100521 0.187963
8 0.447917 0.268056 0.075000 0.130556
9 0.397917 0.224074 0.060417 0.094444
8 0.327865 0.306481 0.073438 0.153704
8 0.341667 0.246759 0.044792 0.130556
8 0.268490 0.243981 0.070312 0.126852
8 0.274740 0.343519 0.113021 0.179630
8 0.213021 0.304167 0.082292 0.145370
8 0.162240 0.337500 0.098437 0.180556
9 0.710417 0.179630 0.037500 0.057407
9 0.733594 0.189352 0.057813 0.086111
8 0.764844 0.218519 0.048438 0.096296
8 0.812240 0.215278 0.049479 0.095370
8 0.885938 0.193056 0.048958 0.089815
8 0.840365 0.304167 0.075521 0.117593
8 0.901042 0.340741 0.080208 0.155556
8 0.959896 0.368056 0.080208 0.206481
1 0.062240 0.224074 0.036979 0.072222
1 0.052865 0.152778 0.029687 0.066667
1 0.077865 0.147222 0.027604 0.061111
9 0.093490 0.168056 0.054688 0.100926
1 0.137240 0.135185 0.023438 0.057407
0 0.339844 0.127778 0.021354 0.051852
1 0.374740 0.135185 0.020313 0.050000
1 0.301042 0.160648 0.026042 0.056481
0 0.286719 0.216667 0.032813 0.064815
0 0.337240 0.214815 0.029687 0.059259
1 0.324219 0.280556 0.042188 0.088889
0 0.273438 0.305556 0.040625 0.098148
5 0.257292 0.420370 0.076042 0.029630
0 0.152344 0.295370 0.042188 0.096296
1 0.194792 0.280556 0.040625 0.090741
1 0.390365 0.212500 0.028646 0.067593
1 0.423438 0.145370 0.022917 0.059259
0 0.444792 0.112500 0.020833 0.045370
8 0.444792 0.131019 0.027083 0.082407
0 0.471615 0.135185 0.023438 0.044444
1 0.463542 0.194444 0.027083 0.068519
0 0.447396 0.239815 0.033333 0.075926
0 0.454167 0.295370 0.041667 0.085185
1 0.525000 0.174074 0.025000 0.057407
0 0.552865 0.130556 0.019271 0.050000
4 0.557292 0.143056 0.023958 0.028704
1 0.573438 0.203241 0.025000 0.052778
1 0.519792 0.268519 0.032292 0.085185
0 0.545312 0.317593 0.039583 0.094444
5 0.515365 0.443981 0.036979 0.037963
1 0.651823 0.334259 0.047396 0.101852
1 0.622396 0.313889 0.034375 0.081481
0 0.627344 0.206481 0.026562 0.059259
4 0.653646 0.430556 0.053125 0.046296
1 0.716667 0.174074 0.019792 0.044444
1 0.742969 0.172685 0.024479 0.052778
1 0.795312 0.192130 0.023958 0.054630
2 0.773958 0.196296 0.025000 0.053704
0 0.814323 0.192593 0.024479 0.046296
1 0.894792 0.174537 0.025000 0.054630
1 0.860417 0.281481 0.029167 0.070370
6 0.846615 0.342130 0.042188 0.026852
0 0.915365 0.306019 0.043229 0.080556
0 0.980990 0.311574 0.036979 0.091667
5 0.895312 0.415278 0.032292 0.025000
5 0.978646 0.469444 0.040625 0.031481
