8 0.069271 0.248148 0.088542 0.131481
8 0.134115 0.143056 0.054688 0.080556
8 0.091667 0.163889 0.055208 0.111111
8 0.383594 0.137963 0.048438 0.068519
8 0.327865 0.143519 0.039062 0.103704
8 0.308073 0.178241 0.038021 0.099074
8 0.348438 0.248611 0.045833 0.132407
9 0.396615 0.227315 0.061979 0.087963
8 0.421615 0.156944 0.059896 0.086111
8 0.472917 0.218519 0.046875 0.114815
8 0.446615 0.268056 0.073438 0.113889
8 0.526042 0.256019 0.069792 0.139815
8 0.569792 0.205556 0.047917 0.083333
8 0.646615 0.227778 0.056771 0.112963
8 0.597917 0.280556 0.056250 0.096296
8 0.635417 0.368981 0.098958 0.163889
8 0.543490 0.364815 0.096354 0.164815
8 0.446615 0.346296 0.089063 0.187037
9 0.263021 0.360185 0.123958 0.144444
8 0.313542 0.293519 0.088542 0.168519
8 0.143490 0.342593 0.127604 0.172222
8 0.214844 0.304630 0.067187 0.137037
8 0.284896 0.204167 0.046875 0.097222
8 0.258073 0.239815 0.065104 0.146296
9 0.709115 0.178704 0.039062 0.055556
8 0.729167 0.191204 0.054167 0.091667
8 0.791667 0.182407 0.042708 0.081481
8 0.763542 0.218519 0.058333 0.100000
8 0.818490 0.218056 0.050521 0.091667
8 0.884896 0.192130 0.041667 0.091667
8 0.834115 0.293981 0.075521 0.128704
8 0.905469 0.341667 0.084896 0.157407
8 0.963021 0.380556 0.073958 0.192593
8 0.032813 0.156019 0.055208 0.078704
8 0.551042 0.161574 0.046875 0.095370
1 0.063542 0.222685 0.032292 0.069444
2 0.032813 0.149074 0.030208 0.055556
1 0.124740 0.130556 0.023438 0.055556
2 0.329688 0.119444 0.026042 0.053704
1 0.387240 0.130556 0.021354 0.051852
0 0.284115 0.187037 0.026562 0.055556
0 0.243490 0.199537 0.034896 0.069444
0 0.302865 0.155556 0.024479 0.055556
0 0.338542 0.213426 0.027083 0.063889
1 0.424219 0.147222 0.023438 0.055556
0 0.455990 0.118981 0.020313 0.045370
0 0.474740 0.140278 0.022396 0.049074
0 0.470313 0.191204 0.027083 0.056481
1 0.388021 0.218519 0.032292 0.064815
0 0.517188 0.164815 0.023958 0.053704
8 0.520312 0.188889 0.048958 0.100000
0 0.544792 0.140278 0.025000 0.049074
0 0.569792 0.190278 0.023958 0.049074
0 0.646615 0.205556 0.028646 0.062963
1 0.608594 0.269444 0.033854 0.074074
1 0.523438 0.230093 0.031250 0.076852
0 0.442969 0.243519 0.029687 0.061111
1 0.215365 0.280556 0.039062 0.087037
0 0.322396 0.255093 0.038542 0.086111
1 0.242188 0.343519 0.048958 0.100000
0 0.148438 0.306019 0.047917 0.099074
5 0.397917 0.431019 0.060417 0.032407
5 0.513542 0.443519 0.038542 0.035185
2 0.564063 0.332407 0.043750 0.096296
1 0.624740 0.341204 0.045312 0.095370
1 0.717448 0.169907 0.019271 0.039815
1 0.736719 0.169444 0.021354 0.051852
1 0.787500 0.171759 0.023958 0.052778
1 0.763542 0.193056 0.021875 0.052778
1 0.824740 0.202315 0.024479 0.052778
1 0.892188 0.168981 0.026042 0.050926
0 0.867188 0.228704 0.026042 0.053704
8 0.868490 0.249537 0.038021 0.093519
0 0.840365 0.264352 0.027604 0.060185
0 0.913542 0.301389 0.038542 0.073148
1 0.987240 0.282407 0.025521 0.072222
9 0.969792 0.298148 0.060417 0.096296
2 0.079948 0.140278 0.029687 0.065741
0 0.443229 0.299074 0.038542 0.083333
