1 0.149479 0.634259 0.042708 0.088889
4 0.135417 0.703704 0.045833 0.044444
0 0.239844 0.587963 0.045312 0.087037
4 0.213542 0.705556 0.052083 0.051852
2 0.326823 0.586111 0.045312 0.085185
3 0.294792 0.719444 0.028125 0.037037
1 0.392188 0.614815 0.050000 0.088889
6 0.376563 0.715741 0.083333 0.042593
2 0.583854 0.600000 0.040625 0.081481
4 0.571094 0.705556 0.032813 0.037037
0 0.693490 0.576389 0.042188 0.084259
4 0.671615 0.684722 0.048438 0.069444
0 0.788542 0.593519 0.042708 0.100000
2 0.854688 0.628704 0.080208 0.124074
4 0.870313 0.818519 0.089583 0.055556
9 0.152865 0.655556 0.098437 0.122222
8 0.234896 0.636574 0.102083 0.169444
8 0.322917 0.630556 0.077083 0.164815
8 0.404167 0.654630 0.101042 0.155556
8 0.572396 0.641667 0.109375 0.159259
8 0.680990 0.626852 0.097396 0.185185
8 0.784115 0.630556 0.100521 0.166667
8 0.890365 0.718056 0.189062 0.273148
