8 0.064844 0.243056 0.081771 0.121296
8 0.139063 0.150463 0.048958 0.075000
8 0.149219 0.340278 0.120313 0.175000
8 0.277865 0.355556 0.114062 0.155556
9 0.251042 0.255093 0.072917 0.100926
8 0.326042 0.306019 0.096875 0.158333
8 0.374740 0.137963 0.048438 0.070370
9 0.398958 0.225000 0.061458 0.085185
8 0.421094 0.159722 0.055729 0.087963
8 0.442708 0.130556 0.028125 0.077778
8 0.479167 0.159722 0.036458 0.097222
8 0.466667 0.218981 0.066667 0.125000
9 0.447917 0.279630 0.071875 0.109259
8 0.446615 0.350463 0.090104 0.180556
8 0.535417 0.346759 0.091667 0.187963
8 0.519531 0.187500 0.049479 0.093519
8 0.567969 0.161111 0.060937 0.100000
8 0.563542 0.208796 0.045833 0.076852
8 0.648438 0.232870 0.055208 0.099074
9 0.596615 0.287037 0.067187 0.094444
8 0.639062 0.371296 0.132292 0.166667
4 0.643490 0.430556 0.052604 0.040741
9 0.732292 0.192130 0.054167 0.080556
9 0.797917 0.190278 0.038542 0.067593
8 0.765625 0.216667 0.053125 0.094444
8 0.815625 0.218981 0.050000 0.082407
8 0.885417 0.203241 0.048958 0.073148
8 0.836198 0.295370 0.069271 0.114815
8 0.898438 0.340741 0.084375 0.161111
8 0.964844 0.296759 0.065104 0.100926
5 0.259896 0.426852 0.069792 0.035185
5 0.515365 0.443056 0.038021 0.032407
5 0.978646 0.468519 0.042708 0.031481
8 0.332813 0.239815 0.092708 0.146296
8 0.702865 0.174074 0.043229 0.094444
1 0.063021 0.219444 0.034375 0.072222
8 0.092188 0.166667 0.058333 0.101852
2 0.076563 0.148148 0.027083 0.066667
1 0.132292 0.142593 0.023958 0.057407
0 0.155208 0.301852 0.043750 0.094444
1 0.265885 0.320833 0.044271 0.089815
1 0.303646 0.274074 0.042708 0.094444
1 0.265365 0.243519 0.033854 0.077778
0 0.330990 0.200463 0.032813 0.065741
0 0.323437 0.128241 0.020833 0.050926
8 0.330469 0.144444 0.042188 0.087037
2 0.362240 0.130093 0.020313 0.050926
1 0.396615 0.216667 0.029687 0.064815
1 0.424219 0.145833 0.023438 0.056481
0 0.439063 0.116204 0.020833 0.045370
1 0.471875 0.139352 0.021875 0.056481
1 0.468490 0.189815 0.028646 0.066667
1 0.439063 0.261574 0.032292 0.065741
0 0.454167 0.305093 0.038542 0.086111
0 0.539062 0.298611 0.038542 0.087963
1 0.519792 0.169444 0.023958 0.057407
1 0.572396 0.137963 0.023958 0.053704
0 0.569010 0.194907 0.023438 0.045370
1 0.648438 0.217130 0.027083 0.063889
1 0.643490 0.339815 0.048438 0.101852
1 0.712240 0.145370 0.019271 0.042593
1 0.744792 0.178704 0.025000 0.051852
1 0.769792 0.195833 0.023958 0.050926
1 0.802083 0.183333 0.026042 0.053704
1 0.824219 0.205556 0.022396 0.050000
1 0.895833 0.195370 0.026042 0.053704
1 0.853385 0.275000 0.028646 0.068519
0 0.907813 0.298148 0.038542 0.075926
1 0.979948 0.281481 0.031771 0.064815
