1 0.064062 0.596296 0.062500 0.111111
0 0.213542 0.563889 0.060417 0.105556
3 0.015365 0.670370 0.029687 0.033333
5 0.140365 0.767593 0.082812 0.057407
1 0.294792 0.550926 0.046875 0.081481
6 0.282813 0.641667 0.056250 0.053704
2 0.426563 0.559259 0.054167 0.111111
5 0.367188 0.760185 0.070833 0.055556
1 0.481771 0.526852 0.037500 0.075926
4 0.479167 0.615741 0.041667 0.042593
1 0.671615 0.520370 0.064062 0.125926
0 0.739844 0.469444 0.045312 0.090741
0 0.809115 0.490741 0.057813 0.129630
1 0.842708 0.451852 0.035417 0.088889
1 0.960938 0.493519 0.070833 0.127778
5 0.824740 0.725000 0.067187 0.057407
8 0.090104 0.654167 0.123958 0.215741
8 0.210938 0.634722 0.110417 0.243519
8 0.303646 0.585185 0.091667 0.144444
8 0.416927 0.626852 0.134896 0.225926
8 0.490625 0.565278 0.092708 0.147222
8 0.673698 0.600926 0.139063 0.268519
8 0.742188 0.521296 0.077083 0.194444
8 0.806771 0.568519 0.148958 0.292593
8 0.856250 0.504630 0.067708 0.185185
8 0.944792 0.573611 0.110417 0.280556
