7 0.112500 0.755556 0.068750 0.111111
3 0.057813 0.830556 0.038542 0.044444
1 0.229167 0.603704 0.039583 0.081481
4 0.213021 0.682407 0.033333 0.038889
7 0.246094 0.740741 0.067187 0.118519
1 0.347396 0.603704 0.043750 0.096296
4 0.340365 0.682407 0.035937 0.055556
1 0.523438 0.618981 0.043750 0.080556
3 0.531771 0.700926 0.035417 0.024074
1 0.628646 0.618519 0.040625 0.079630
6 0.622917 0.698148 0.060417 0.055556
0 0.753646 0.601852 0.056250 0.114815
3 0.754167 0.824074 0.033333 0.044444
0 0.876563 0.618519 0.056250 0.098148
5 0.938542 0.843519 0.115625 0.066667
3 0.229167 0.843519 0.033333 0.029630
8 0.241146 0.618519 0.110417 0.118519
8 0.354167 0.636111 0.094792 0.157407
8 0.516146 0.643056 0.102083 0.130556
8 0.632292 0.655556 0.112500 0.159259
8 0.735417 0.690278 0.170833 0.271296
8 0.875521 0.698148 0.110417 0.257407
9 0.104167 0.727778 0.151042 0.190741
9 0.256510 0.746296 0.144271 0.201852
