0 0.129688 0.485185 0.059375 0.107407
5 0.082292 0.636111 0.097917 0.072222
2 0.268490 0.518519 0.057813 0.118519
3 0.182292 0.662963 0.035417 0.037037
1 0.363021 0.514815 0.053125 0.133333
4 0.326042 0.657407 0.041667 0.048148
0 0.427865 0.488889 0.035937 0.074074
0 0.604688 0.486111 0.041667 0.079630
2 0.694792 0.520833 0.038542 0.080556
0 0.787240 0.518519 0.045312 0.077778
1 0.736719 0.576852 0.060937 0.118519
5 0.738542 0.743519 0.090625 0.059259
8 0.141146 0.552315 0.111458 0.223148
8 0.263021 0.574074 0.111458 0.212963
8 0.384635 0.574074 0.150521 0.237037
8 0.440365 0.535185 0.072396 0.162963
8 0.594010 0.542130 0.097396 0.175000
8 0.684115 0.555556 0.079687 0.142593
8 0.728125 0.635185 0.131250 0.222222
8 0.792708 0.566204 0.068750 0.163889
