8 0.064062 0.245370 0.079167 0.120370
8 0.097917 0.165741 0.053125 0.105556
9 0.137240 0.151852 0.049479 0.077778
8 0.146094 0.339815 0.127604 0.175926
8 0.277865 0.355556 0.114062 0.155556
9 0.251563 0.256019 0.072917 0.100926
8 0.322917 0.293519 0.083333 0.170370
8 0.302865 0.172222 0.040104 0.087037
8 0.381771 0.131481 0.045833 0.074074
8 0.397396 0.217130 0.066667 0.108333
8 0.422396 0.158333 0.052083 0.087037
8 0.444792 0.130556 0.029167 0.079630
8 0.465365 0.218519 0.066146 0.129630
9 0.447917 0.280556 0.072917 0.103704
8 0.445573 0.347685 0.090104 0.180556
8 0.532813 0.345833 0.091667 0.187963
8 0.517448 0.183796 0.047396 0.102778
8 0.566667 0.174074 0.061458 0.079630
8 0.563021 0.207870 0.045833 0.076852
8 0.633073 0.227315 0.083854 0.110185
9 0.597917 0.287963 0.068750 0.094444
8 0.639844 0.372685 0.133854 0.169444
4 0.644271 0.428241 0.054167 0.043519
9 0.742969 0.187963 0.051562 0.081481
8 0.769271 0.218519 0.055208 0.087037
8 0.813542 0.213889 0.048958 0.094444
8 0.887240 0.194444 0.051562 0.079630
8 0.830990 0.303241 0.079687 0.117593
8 0.894792 0.341204 0.080208 0.154630
8 0.951042 0.284259 0.041667 0.105556
5 0.259896 0.426852 0.069792 0.035185
5 0.515365 0.443056 0.038021 0.032407
5 0.978646 0.468519 0.042708 0.031481
8 0.340885 0.250463 0.053646 0.137963
8 0.946615 0.368519 0.106771 0.196296
8 0.701562 0.176389 0.042708 0.099074
8 0.326562 0.144444 0.040625 0.081481
8 0.341667 0.136111 0.030208 0.081481
8 0.057813 0.191204 0.076042 0.099074
9 0.210417 0.319907 0.064583 0.115741
1 0.066667 0.227778 0.033333 0.074074
1 0.051042 0.176389 0.031250 0.063889
2 0.087240 0.143519 0.029687 0.061111
1 0.127865 0.143056 0.025521 0.056481
0 0.159115 0.300000 0.044271 0.094444
1 0.269792 0.323611 0.041667 0.084259
1 0.302865 0.255556 0.036979 0.090741
1 0.263542 0.242593 0.033333 0.074074
0 0.332292 0.214352 0.031250 0.062037
0 0.302865 0.161111 0.023438 0.055556
1 0.319792 0.131944 0.021875 0.052778
1 0.336719 0.121296 0.019271 0.048148
0 0.384115 0.119444 0.018229 0.044444
1 0.397917 0.195370 0.029167 0.064815
1 0.423698 0.143981 0.022396 0.056481
2 0.446094 0.112963 0.020313 0.044444
0 0.464844 0.181481 0.028646 0.051852
0 0.513542 0.162037 0.022917 0.055556
1 0.577344 0.160185 0.024479 0.050000
1 0.564063 0.194907 0.022917 0.047222
0 0.532813 0.296296 0.040625 0.085185
0 0.439844 0.295370 0.035937 0.075926
0 0.623698 0.202778 0.027604 0.062963
1 0.614844 0.281019 0.031771 0.076852
1 0.646615 0.340741 0.048438 0.101852
1 0.711719 0.149074 0.017188 0.044444
2 0.754167 0.175000 0.023958 0.055556
2 0.784115 0.202778 0.024479 0.051852
2 0.794792 0.168519 0.026042 0.050000
1 0.814844 0.195370 0.023438 0.053704
1 0.898438 0.181944 0.027083 0.050926
1 0.852865 0.279630 0.027604 0.068519
0 0.911458 0.302778 0.038542 0.075926
0 0.954167 0.262500 0.029167 0.058333
1 0.983073 0.322685 0.033854 0.106481
