7 0.113542 0.756481 0.068750 0.111111
3 0.059115 0.830556 0.032813 0.040741
7 0.242969 0.743519 0.073438 0.133333
0 0.234115 0.600926 0.045312 0.087037
4 0.210938 0.680556 0.037500 0.042593
1 0.348438 0.592593 0.044792 0.103704
4 0.338542 0.685648 0.042708 0.056481
1 0.523438 0.620370 0.043750 0.087037
3 0.526563 0.698611 0.037500 0.030556
1 0.630469 0.618519 0.042188 0.083333
6 0.630990 0.699537 0.070312 0.056481
0 0.753646 0.598611 0.060417 0.119444
3 0.751042 0.821296 0.039583 0.037037
0 0.871094 0.626852 0.057813 0.109259
5 0.938542 0.843519 0.109375 0.059259
8 0.228125 0.631481 0.103125 0.140741
8 0.353646 0.636574 0.090625 0.171296
8 0.514583 0.644444 0.105208 0.135185
8 0.632292 0.644907 0.103125 0.152778
8 0.734635 0.689815 0.175521 0.283333
8 0.882292 0.689815 0.127083 0.255556
9 0.111198 0.737037 0.174479 0.196296
9 0.260417 0.744444 0.141667 0.212963
