8 0.069792 0.248148 0.089583 0.129630
8 0.055990 0.189352 0.078646 0.102778
8 0.135417 0.145370 0.050000 0.077778
8 0.338542 0.143519 0.054167 0.094444
8 0.380990 0.141667 0.040104 0.066667
8 0.419792 0.156019 0.054167 0.082407
8 0.476042 0.222685 0.055208 0.125000
8 0.522917 0.191667 0.050000 0.094444
9 0.548698 0.155093 0.030729 0.060185
9 0.574219 0.217130 0.050521 0.060185
8 0.630990 0.229167 0.053646 0.106481
8 0.646094 0.372222 0.136979 0.175926
8 0.605469 0.331481 0.069271 0.122222
9 0.597917 0.288889 0.066667 0.094444
8 0.538542 0.354630 0.094792 0.175926
8 0.444792 0.353704 0.100000 0.175926
8 0.447917 0.274074 0.073958 0.116667
9 0.399219 0.218056 0.060937 0.097222
8 0.322396 0.304167 0.073958 0.150926
8 0.345573 0.255556 0.069271 0.122222
8 0.284115 0.343981 0.125521 0.178704
8 0.217188 0.305093 0.073958 0.145370
8 0.166146 0.335185 0.094792 0.179630
9 0.710417 0.179630 0.037500 0.057407
9 0.732292 0.194444 0.054167 0.077778
8 0.764844 0.218519 0.048438 0.096296
8 0.809115 0.219444 0.044271 0.087037
8 0.887240 0.200463 0.053646 0.075000
8 0.839063 0.301852 0.080208 0.124074
8 0.897135 0.351852 0.101562 0.153704
8 0.964844 0.374074 0.070312 0.185185
8 0.090365 0.166204 0.061979 0.106481
5 0.515365 0.443519 0.038021 0.035185
5 0.254688 0.405556 0.075000 0.050000
1 0.060417 0.221296 0.035417 0.075926
1 0.046615 0.173148 0.032813 0.068519
1 0.076042 0.148148 0.029167 0.068519
1 0.127865 0.141204 0.023438 0.058333
1 0.352865 0.128704 0.024479 0.055556
1 0.377344 0.132870 0.020313 0.050926
1 0.301563 0.163426 0.026042 0.056481
8 0.306250 0.177315 0.043750 0.086111
1 0.342969 0.232870 0.029687 0.075000
1 0.305990 0.277778 0.040104 0.092593
1 0.263542 0.233796 0.035417 0.073148
1 0.202344 0.281019 0.039062 0.093519
0 0.268490 0.306944 0.044271 0.102778
0 0.165365 0.296759 0.045312 0.099074
1 0.390365 0.205556 0.029687 0.066667
1 0.422917 0.145370 0.022917 0.057407
2 0.470313 0.137963 0.026042 0.055556
1 0.464844 0.197222 0.027604 0.068519
1 0.440365 0.250926 0.034896 0.068519
1 0.451823 0.312500 0.040104 0.091667
0 0.544010 0.315278 0.041146 0.095370
1 0.526042 0.177778 0.023958 0.061111
1 0.544792 0.154167 0.019792 0.050926
1 0.577865 0.169907 0.025521 0.047222
9 0.569792 0.176389 0.053125 0.063889
1 0.579167 0.212037 0.025000 0.053704
0 0.625521 0.205556 0.026042 0.061111
1 0.622917 0.312037 0.032292 0.079630
1 0.651042 0.337500 0.047917 0.106481
4 0.652865 0.430556 0.053646 0.042593
1 0.716667 0.173148 0.018750 0.044444
1 0.744792 0.186111 0.026042 0.055556
2 0.771615 0.193981 0.023438 0.049074
2 0.806771 0.204167 0.025000 0.050926
1 0.901042 0.188426 0.026042 0.050926
1 0.863542 0.278704 0.029167 0.074074
1 0.917188 0.318056 0.041667 0.084259
6 0.846094 0.342130 0.049479 0.028704
0 0.988542 0.330556 0.022917 0.096296
5 0.979688 0.468519 0.039583 0.027778
