1 0.035417 0.468519 0.064583 0.120370
5 0.042448 0.580556 0.083854 0.075926
1 0.196615 0.480556 0.057813 0.122222
4 0.184896 0.603704 0.060417 0.051852
1 0.321094 0.456481 0.057813 0.125926
4 0.284115 0.578704 0.041146 0.061111
5 0.286719 0.635648 0.114062 0.043519
0 0.369792 0.443519 0.039583 0.068519
0 0.555469 0.443519 0.039062 0.081481
2 0.640104 0.476852 0.039583 0.075926
0 0.727865 0.480556 0.039062 0.087037
0 0.698438 0.511574 0.054167 0.106481
5 0.688542 0.677778 0.084375 0.051852
9 0.073438 0.512037 0.139583 0.203704
8 0.207813 0.528241 0.122917 0.187963
8 0.338542 0.517130 0.147917 0.232407
8 0.390365 0.491204 0.075521 0.150926
8 0.544792 0.501852 0.094792 0.168519
8 0.631771 0.518056 0.079167 0.143519
8 0.684896 0.568981 0.131250 0.221296
8 0.739844 0.529630 0.059896 0.148148
