0 0.180469 0.593519 0.064062 0.122222
3 0.139063 0.762037 0.037500 0.044444
1 0.276042 0.575000 0.040625 0.094444
4 0.272396 0.641667 0.031250 0.035185
0 0.318750 0.583796 0.062500 0.119444
4 0.291146 0.756481 0.056250 0.072222
1 0.401042 0.552778 0.048958 0.094444
4 0.392188 0.652778 0.039583 0.057407
1 0.574740 0.568519 0.039062 0.081481
1 0.597917 0.599074 0.054167 0.120370
4 0.600521 0.768519 0.066667 0.055556
0 0.754687 0.555556 0.065625 0.118519
3 0.747917 0.789815 0.045833 0.038889
0 0.872917 0.615741 0.062500 0.120370
5 0.919792 0.805556 0.138542 0.055556
9 0.272917 0.597685 0.066667 0.130556
9 0.557813 0.605556 0.076042 0.137037
9 0.406771 0.595370 0.086458 0.168519
8 0.176302 0.648611 0.133854 0.234259
8 0.319010 0.658796 0.134896 0.262037
8 0.593750 0.668519 0.140625 0.251852
8 0.748437 0.645833 0.130208 0.295370
8 0.870313 0.674074 0.131250 0.240741
