8 0.069792 0.245833 0.091667 0.128704
8 0.141667 0.145370 0.051042 0.075926
8 0.377344 0.137963 0.042188 0.068519
8 0.306771 0.174074 0.039583 0.090741
8 0.272917 0.240278 0.072917 0.117593
8 0.346094 0.246296 0.046354 0.140741
8 0.276042 0.349074 0.107292 0.168519
8 0.160938 0.337037 0.096875 0.183333
8 0.422396 0.156481 0.047917 0.085185
8 0.397396 0.218056 0.065625 0.102778
9 0.447917 0.267593 0.071875 0.131481
8 0.446615 0.345833 0.101562 0.186111
5 0.514844 0.443056 0.040104 0.037963
8 0.569792 0.209259 0.048958 0.074074
8 0.535417 0.356019 0.097917 0.169444
8 0.632292 0.226389 0.055208 0.106481
8 0.647917 0.368981 0.133333 0.180556
9 0.710938 0.177778 0.037500 0.053704
9 0.732292 0.193056 0.055208 0.073148
8 0.763542 0.215741 0.047917 0.092593
8 0.814844 0.218056 0.052604 0.089815
8 0.884115 0.189815 0.042188 0.088889
8 0.841667 0.297685 0.071875 0.112037
8 0.901042 0.339352 0.077083 0.160185
8 0.034115 0.159722 0.043229 0.080556
8 0.326042 0.143519 0.035417 0.087037
8 0.477344 0.221296 0.055729 0.124074
8 0.214844 0.303704 0.081771 0.148148
8 0.524740 0.183333 0.049479 0.100000
5 0.260417 0.415741 0.076042 0.038889
8 0.328646 0.305556 0.075000 0.150000
9 0.596615 0.290278 0.063021 0.095370
8 0.960417 0.373611 0.079167 0.204630
1 0.038542 0.150000 0.029167 0.057407
1 0.062240 0.223148 0.032813 0.079630
9 0.092448 0.168056 0.063021 0.097222
1 0.135417 0.137037 0.026042 0.055556
0 0.330990 0.129630 0.019271 0.051852
2 0.367448 0.131481 0.019271 0.051852
1 0.299740 0.159722 0.026562 0.056481
0 0.337500 0.207870 0.028125 0.062037
1 0.318490 0.278241 0.043229 0.091667
0 0.287240 0.218981 0.032813 0.071296
1 0.271094 0.315741 0.045312 0.096296
1 0.194792 0.279630 0.038542 0.092593
0 0.156771 0.293056 0.044792 0.091667
1 0.395573 0.206019 0.030729 0.073148
1 0.421615 0.143981 0.024479 0.058333
0 0.441667 0.109722 0.020833 0.050926
8 0.446615 0.128704 0.030729 0.085185
0 0.471615 0.130556 0.023438 0.040741
1 0.463542 0.195370 0.028125 0.066667
0 0.442969 0.243056 0.033854 0.076852
0 0.454948 0.294444 0.040104 0.081481
1 0.542188 0.325926 0.047917 0.105556
1 0.651563 0.331944 0.048958 0.104630
1 0.621615 0.312963 0.032813 0.079630
1 0.612240 0.279167 0.030729 0.069444
1 0.529167 0.278704 0.029167 0.075926
1 0.522396 0.168519 0.025000 0.061111
2 0.538542 0.131481 0.021875 0.044444
8 0.543490 0.143519 0.029687 0.072222
1 0.572917 0.202778 0.022917 0.050000
0 0.627344 0.205556 0.026562 0.062963
4 0.656771 0.427315 0.055208 0.050926
8 0.604688 0.336111 0.063542 0.120370
1 0.716667 0.173611 0.019792 0.043519
1 0.746094 0.189352 0.023438 0.052778
1 0.794792 0.192593 0.023958 0.055556
1 0.892188 0.170833 0.025000 0.052778
1 0.862240 0.281019 0.029687 0.073148
1 0.819010 0.203704 0.023438 0.051852
2 0.773698 0.193981 0.022396 0.050926
0 0.913542 0.296296 0.039583 0.072222
0 0.981771 0.322222 0.036458 0.094444
6 0.847135 0.342130 0.042188 0.025000
