1 0.021615 0.467593 0.042188 0.120370
5 0.034115 0.575926 0.066146 0.074074
1 0.179688 0.486111 0.065625 0.116667
4 0.163021 0.601852 0.058333 0.062963
0 0.315365 0.436111 0.060937 0.105556
4 0.356771 0.443519 0.037500 0.059259
0 0.253125 0.604630 0.037500 0.057407
0 0.535417 0.443519 0.037500 0.074074
0 0.644792 0.486111 0.036458 0.068519
0 0.682813 0.513889 0.044792 0.105556
0 0.714063 0.486111 0.029167 0.083333
5 0.669792 0.677778 0.089583 0.051852
8 0.186979 0.531019 0.120833 0.191667
8 0.320573 0.511111 0.159896 0.251852
8 0.376042 0.492130 0.071875 0.158333
8 0.529687 0.496759 0.094792 0.165741
8 0.622917 0.518056 0.086458 0.117593
8 0.669271 0.570370 0.135417 0.218519
8 0.722135 0.526852 0.052604 0.150000
9 0.061979 0.511111 0.121875 0.205556
