7 0.113542 0.762963 0.060417 0.125926
3 0.057813 0.831481 0.035417 0.033333
1 0.230990 0.605556 0.042188 0.085185
4 0.211719 0.680556 0.035937 0.031481
7 0.244271 0.741667 0.062500 0.116667
1 0.348438 0.598148 0.041667 0.094444
4 0.338542 0.682407 0.033333 0.050000
1 0.525521 0.618981 0.041667 0.080556
3 0.529167 0.703704 0.031250 0.029630
1 0.629167 0.618519 0.041667 0.085185
6 0.622917 0.693519 0.061458 0.059259
0 0.752344 0.598148 0.054688 0.118519
3 0.755469 0.826852 0.035937 0.038889
0 0.875521 0.619444 0.058333 0.098148
5 0.938021 0.843519 0.116667 0.057407
9 0.105469 0.737037 0.152604 0.190741
9 0.257552 0.746296 0.148438 0.205556
8 0.232813 0.624537 0.114583 0.130556
8 0.352604 0.637963 0.092708 0.166667
8 0.516667 0.643519 0.105208 0.131481
8 0.627865 0.643519 0.107813 0.150000
8 0.734115 0.684722 0.172396 0.269444
8 0.878646 0.701389 0.115625 0.249074
