8 0.065365 0.244907 0.084896 0.119444
8 0.057813 0.190741 0.073958 0.094444
8 0.109896 0.161111 0.054167 0.105556
8 0.140365 0.145833 0.048438 0.080556
8 0.342969 0.136111 0.031771 0.081481
8 0.329688 0.144444 0.043750 0.079630
8 0.305469 0.175463 0.035937 0.093519
8 0.382292 0.132870 0.045833 0.076852
8 0.444792 0.131019 0.029167 0.082407
8 0.421094 0.156019 0.050521 0.086111
8 0.396615 0.219444 0.069271 0.098148
8 0.466667 0.218056 0.064583 0.130556
8 0.518490 0.185185 0.046354 0.094444
8 0.340365 0.251389 0.053646 0.137963
8 0.560937 0.200463 0.046875 0.093519
8 0.628646 0.224074 0.077083 0.109259
9 0.596615 0.288889 0.068229 0.094444
8 0.638542 0.370370 0.133333 0.162963
8 0.533594 0.343056 0.092188 0.195370
8 0.444792 0.345833 0.089583 0.187963
9 0.251823 0.256019 0.071354 0.102778
9 0.207813 0.318519 0.069792 0.111111
8 0.276823 0.355093 0.118229 0.163889
8 0.322917 0.300463 0.082292 0.169444
8 0.146615 0.341204 0.123438 0.178704
5 0.259115 0.427315 0.070312 0.037963
9 0.447917 0.280556 0.071875 0.100000
5 0.516146 0.443056 0.037500 0.032407
8 0.701042 0.176389 0.042708 0.099074
8 0.732292 0.174537 0.051042 0.093519
8 0.769792 0.218056 0.057292 0.086111
8 0.815365 0.216667 0.049479 0.094444
8 0.886719 0.194444 0.051562 0.077778
8 0.830469 0.305093 0.078646 0.121296
8 0.896615 0.341667 0.083854 0.155556
8 0.958594 0.285648 0.045312 0.106481
8 0.947396 0.375463 0.105208 0.182407
5 0.979167 0.468056 0.041667 0.032407
1 0.068490 0.224537 0.033854 0.071296
1 0.050521 0.177778 0.030208 0.061111
2 0.097396 0.138426 0.027083 0.056481
1 0.068490 0.140741 0.024479 0.051852
1 0.132292 0.131944 0.025000 0.054630
0 0.155469 0.299074 0.044271 0.094444
1 0.269792 0.318519 0.045833 0.090741
1 0.302865 0.263426 0.039062 0.093519
1 0.265365 0.242593 0.032813 0.072222
0 0.330990 0.214352 0.029687 0.062037
0 0.304688 0.159259 0.025000 0.055556
1 0.274740 0.193519 0.025521 0.064815
1 0.318490 0.131944 0.022396 0.054630
1 0.335938 0.121296 0.018750 0.048148
2 0.381771 0.119444 0.020833 0.048148
0 0.441146 0.116667 0.020833 0.048148
1 0.422917 0.143519 0.022917 0.057407
1 0.399740 0.207870 0.029687 0.067593
0 0.464583 0.181019 0.026042 0.056481
0 0.515365 0.165741 0.023438 0.055556
1 0.562240 0.180556 0.023438 0.051852
0 0.445573 0.294907 0.036979 0.080556
0 0.530990 0.293056 0.040104 0.089815
1 0.615365 0.281019 0.031771 0.075000
0 0.628385 0.200926 0.025521 0.062963
1 0.645573 0.339815 0.046354 0.100000
1 0.711198 0.148611 0.019271 0.043519
0 0.735938 0.153704 0.022917 0.048148
2 0.785417 0.204630 0.025000 0.051852
1 0.815365 0.195370 0.022396 0.053704
1 0.798438 0.172222 0.023958 0.050000
1 0.896615 0.182870 0.027604 0.050926
1 0.850521 0.279167 0.030208 0.067593
0 0.912240 0.302778 0.035937 0.077778
0 0.952865 0.261111 0.028646 0.055556
1 0.987240 0.331481 0.025521 0.101852
4 0.644792 0.431019 0.055208 0.041667
8 0.566146 0.176852 0.060417 0.074074
1 0.578385 0.164352 0.022396 0.049074
