1 0.117969 0.529630 0.067187 0.103704
6 0.092188 0.637963 0.108333 0.075926
1 0.250521 0.520370 0.058333 0.111111
4 0.223438 0.645370 0.045833 0.046296
0 0.377865 0.493519 0.054688 0.111111
4 0.326042 0.666667 0.039583 0.059259
0 0.432292 0.488889 0.037500 0.074074
0 0.602865 0.489815 0.039062 0.087037
0 0.707292 0.518519 0.038542 0.075926
0 0.788021 0.523148 0.041667 0.081481
1 0.741146 0.580556 0.053125 0.118519
5 0.738021 0.743519 0.083333 0.057407
8 0.138281 0.569907 0.123438 0.182407
8 0.263021 0.578704 0.122917 0.200000
8 0.386458 0.569444 0.153125 0.248148
8 0.445312 0.539352 0.073958 0.156481
8 0.589583 0.543519 0.098958 0.168519
8 0.685937 0.556019 0.084375 0.136111
8 0.729427 0.629630 0.135937 0.220370
8 0.793490 0.566204 0.070312 0.167593
