6 0.239844 0.132870 0.014063 0.019444
1 0.242969 0.099537 0.013021 0.030556
8 0.244792 0.109259 0.039583 0.051852
6 0.385417 0.080093 0.023958 0.019444
1 0.386458 0.039815 0.015625 0.033333
8 0.393490 0.052778 0.041146 0.059259
5 0.425521 0.077315 0.022917 0.012037
5 0.536719 0.031944 0.014063 0.012037
4 0.573958 0.031019 0.013542 0.012037
5 0.899740 0.391204 0.020313 0.026852
5 0.674219 0.311574 0.030729 0.041667
6 0.703646 0.305556 0.038542 0.037037
1 0.712240 0.251389 0.023438 0.039815
8 0.696615 0.259259 0.061979 0.098148
