1 0.123438 0.522685 0.062500 0.117593
5 0.089063 0.640741 0.106250 0.074074
2 0.252865 0.517130 0.059896 0.108333
4 0.210938 0.650463 0.038542 0.069444
2 0.383594 0.485648 0.057813 0.117593
3 0.322396 0.680556 0.035417 0.029630
2 0.426563 0.483333 0.041667 0.075926
2 0.604688 0.492593 0.041667 0.081481
1 0.691667 0.535648 0.041667 0.080556
2 0.798438 0.541667 0.044792 0.087037
1 0.738542 0.580556 0.062500 0.125926
5 0.738021 0.743519 0.091667 0.051852
8 0.129688 0.565741 0.145833 0.188889
8 0.259115 0.568981 0.121354 0.217593
8 0.388281 0.563889 0.143229 0.257407
8 0.444792 0.537500 0.071875 0.167593
8 0.585417 0.552315 0.115625 0.195370
8 0.687240 0.562037 0.082812 0.131481
8 0.730208 0.632407 0.137500 0.211111
8 0.795312 0.575000 0.068750 0.144444
