0 0.094792 0.629630 0.068750 0.133333
3 0.044792 0.848148 0.055208 0.044444
0 0.242188 0.593519 0.043750 0.100000
7 0.197396 0.761111 0.073958 0.118519
0 0.344792 0.568519 0.043750 0.074074
3 0.325000 0.711111 0.025000 0.031481
0 0.489063 0.575926 0.044792 0.081481
0 0.607292 0.568519 0.041667 0.085185
3 0.613021 0.704630 0.021875 0.027778
1 0.513021 0.705556 0.065625 0.103704
4 0.538542 0.814815 0.039583 0.059259
0 0.702865 0.605556 0.051562 0.103704
3 0.694271 0.818519 0.036458 0.037037
1 0.839063 0.662037 0.061458 0.118519
5 0.885938 0.818519 0.095833 0.064815
9 0.216146 0.744444 0.143750 0.211111
8 0.105469 0.693056 0.133854 0.286111
8 0.245573 0.630556 0.091146 0.175926
8 0.345313 0.622222 0.094792 0.172222
8 0.488021 0.622222 0.095833 0.164815
9 0.530990 0.736111 0.139063 0.207407
8 0.606771 0.617130 0.103125 0.176852
8 0.707292 0.690278 0.129167 0.271296
8 0.852344 0.711111 0.135937 0.220370
