1 0.128646 0.523148 0.060417 0.116667
6 0.086719 0.642593 0.123438 0.070370
1 0.244792 0.531481 0.060417 0.118519
4 0.213542 0.651852 0.051042 0.059259
0 0.383594 0.467593 0.051562 0.101852
3 0.319792 0.679630 0.033333 0.040741
1 0.433594 0.505556 0.042188 0.081481
0 0.604688 0.488889 0.042708 0.074074
1 0.694271 0.536111 0.041667 0.081481
1 0.791667 0.549074 0.041667 0.094444
1 0.738542 0.594444 0.058333 0.118519
5 0.738542 0.742593 0.090625 0.055556
8 0.114844 0.566667 0.175521 0.190741
8 0.256250 0.579167 0.126042 0.195370
8 0.383594 0.562500 0.124479 0.262037
8 0.445833 0.542130 0.070833 0.141667
8 0.589063 0.543519 0.094792 0.170370
8 0.683594 0.567593 0.076563 0.131481
8 0.728906 0.640741 0.132812 0.207407
8 0.796615 0.578241 0.061979 0.139815
