0 0.092188 0.632407 0.077083 0.131481
3 0.047917 0.844444 0.054167 0.037037
0 0.242188 0.584259 0.041667 0.081481
7 0.196615 0.760185 0.067187 0.118519
0 0.349740 0.574074 0.039062 0.081481
3 0.322917 0.714815 0.030208 0.037037
0 0.487240 0.575926 0.045312 0.081481
1 0.509896 0.695370 0.059375 0.112963
0 0.604688 0.570833 0.042708 0.080556
3 0.610938 0.705556 0.029167 0.027778
0 0.701042 0.605556 0.050000 0.107407
3 0.694792 0.818519 0.035417 0.037037
1 0.840365 0.660185 0.057813 0.118519
5 0.885938 0.820370 0.094792 0.062963
4 0.542188 0.815741 0.043750 0.057407
8 0.105990 0.698611 0.132812 0.265741
8 0.246615 0.631019 0.095312 0.171296
8 0.346094 0.624074 0.094271 0.168519
8 0.491406 0.612963 0.096354 0.168519
9 0.533594 0.738889 0.135937 0.201852
8 0.606510 0.618056 0.101562 0.171296
8 0.704688 0.693056 0.125000 0.269444
8 0.852865 0.715278 0.133854 0.221296
9 0.217969 0.750000 0.147396 0.207407
