8 0.069792 0.249074 0.089583 0.129630
8 0.056771 0.188426 0.079167 0.100926
8 0.136719 0.145833 0.050521 0.071296
8 0.334115 0.143981 0.047396 0.087963
8 0.307292 0.179167 0.040625 0.089815
8 0.379688 0.141204 0.042708 0.063889
8 0.419792 0.156019 0.054167 0.082407
8 0.477865 0.162037 0.036979 0.105556
8 0.476042 0.220370 0.055208 0.125926
8 0.524219 0.181019 0.048438 0.106481
8 0.555469 0.145370 0.033854 0.074074
8 0.569792 0.207870 0.048958 0.071296
8 0.632292 0.229630 0.055208 0.105556
8 0.645573 0.370370 0.138021 0.177778
8 0.604167 0.331019 0.066667 0.126852
9 0.596875 0.288889 0.065625 0.098148
8 0.538021 0.355556 0.094792 0.175926
8 0.444792 0.349074 0.101042 0.185185
9 0.447917 0.268519 0.072917 0.125926
9 0.397917 0.226389 0.060417 0.089815
8 0.326042 0.311111 0.073958 0.155556
8 0.342969 0.250000 0.047396 0.131481
8 0.270313 0.243056 0.070833 0.126852
8 0.273438 0.347222 0.112500 0.168519
8 0.215365 0.305556 0.078646 0.146296
8 0.163542 0.335648 0.097917 0.180556
9 0.710417 0.178241 0.037500 0.060185
9 0.731771 0.193056 0.060417 0.076852
8 0.764844 0.218519 0.048438 0.096296
8 0.809115 0.218056 0.043229 0.087963
9 0.888021 0.198611 0.053125 0.069444
8 0.836719 0.293519 0.070312 0.122222
8 0.898438 0.333333 0.076042 0.159259
8 0.960417 0.368519 0.079167 0.203704
1 0.062240 0.223611 0.038021 0.078704
1 0.054688 0.169444 0.033333 0.061111
9 0.091667 0.168056 0.059375 0.104630
1 0.076563 0.148148 0.027083 0.068519
1 0.126042 0.143056 0.026042 0.058333
0 0.340365 0.128704 0.021354 0.051852
1 0.299740 0.166667 0.025521 0.061111
1 0.375521 0.134259 0.020833 0.050000
1 0.421615 0.143981 0.023438 0.056481
1 0.390365 0.214815 0.029687 0.064815
1 0.310417 0.280556 0.038542 0.088889
1 0.196615 0.280556 0.040104 0.090741
1 0.274219 0.312037 0.042188 0.096296
5 0.261198 0.424537 0.068229 0.030556
0 0.159115 0.294444 0.046354 0.096296
0 0.286719 0.218519 0.032813 0.068519
0 0.334115 0.219907 0.028646 0.069444
0 0.454167 0.297222 0.039583 0.081481
0 0.444271 0.244444 0.033333 0.075926
0 0.544792 0.316667 0.041667 0.094444
1 0.464062 0.193519 0.028125 0.066667
1 0.526563 0.262963 0.031250 0.081481
9 0.519792 0.277778 0.044792 0.105556
0 0.472396 0.134722 0.021875 0.043519
0 0.444271 0.114352 0.018750 0.049074
8 0.444792 0.131019 0.032292 0.086111
0 0.523438 0.156019 0.023958 0.056481
1 0.559115 0.134259 0.021354 0.048148
1 0.573438 0.204167 0.022917 0.054630
1 0.613021 0.275926 0.032292 0.068519
1 0.622396 0.312037 0.032292 0.081481
1 0.649740 0.336574 0.045312 0.104630
5 0.515365 0.443056 0.039062 0.036111
4 0.654167 0.431481 0.053125 0.042593
0 0.628646 0.205556 0.026042 0.059259
1 0.717187 0.169907 0.018750 0.043519
1 0.745313 0.183333 0.023958 0.053704
2 0.772917 0.194907 0.022917 0.052778
2 0.805990 0.204630 0.024479 0.050000
1 0.896615 0.193519 0.026562 0.053704
1 0.851823 0.273148 0.030729 0.068519
6 0.839844 0.340278 0.039062 0.025000
0 0.905990 0.293056 0.036979 0.073148
0 0.980469 0.312963 0.039062 0.087037
5 0.894792 0.416204 0.033333 0.025000
5 0.978646 0.468519 0.039583 0.031481
