0 0.134896 0.475926 0.056250 0.100000
5 0.090365 0.643519 0.110937 0.048148
0 0.253646 0.501389 0.053125 0.106481
4 0.206771 0.653704 0.041667 0.051852
0 0.388021 0.485648 0.050000 0.093519
3 0.321615 0.680556 0.032813 0.029630
0 0.439063 0.492593 0.037500 0.081481
7 0.603646 0.574537 0.053125 0.082407
7 0.710938 0.563889 0.045833 0.075926
7 0.807813 0.605556 0.050000 0.088889
7 0.754167 0.677778 0.067708 0.125926
8 0.127344 0.541204 0.157812 0.226852
8 0.251042 0.560648 0.126042 0.213889
8 0.385937 0.569907 0.125000 0.258333
8 0.448437 0.532870 0.067708 0.150926
9 0.602344 0.577778 0.101562 0.124074
9 0.702344 0.581944 0.092188 0.119444
9 0.816667 0.616667 0.100000 0.112963
9 0.745313 0.664352 0.158333 0.193519
