7 0.113542 0.755556 0.064583 0.116667
3 0.059896 0.831481 0.035417 0.038889
1 0.233594 0.605556 0.042188 0.092593
4 0.213542 0.690741 0.037500 0.033333
7 0.242188 0.735648 0.058333 0.119444
1 0.348438 0.602778 0.044792 0.090741
4 0.338542 0.684259 0.034375 0.062963
1 0.523438 0.619444 0.036458 0.088889
3 0.529167 0.704630 0.033333 0.027778
1 0.628125 0.618519 0.043750 0.081481
6 0.621615 0.693519 0.054688 0.053704
0 0.754167 0.601852 0.058333 0.114815
3 0.754167 0.827778 0.034375 0.040741
0 0.877865 0.622685 0.057813 0.106481
5 0.941146 0.843519 0.112500 0.059259
8 0.229948 0.631019 0.105729 0.141667
8 0.352865 0.637963 0.093229 0.161111
8 0.517708 0.641204 0.109375 0.128704
8 0.621615 0.643056 0.092188 0.145370
8 0.731771 0.680093 0.169792 0.278704
8 0.875260 0.702778 0.121354 0.251852
9 0.108594 0.735185 0.158854 0.198148
9 0.256771 0.743981 0.144792 0.210185
