0 0.147917 0.493519 0.054167 0.100000
5 0.089063 0.653704 0.112500 0.055556
0 0.254688 0.501852 0.056250 0.111111
4 0.205990 0.648148 0.041146 0.066667
0 0.392188 0.490741 0.050000 0.100000
3 0.318750 0.679630 0.031250 0.040741
0 0.439063 0.489815 0.037500 0.072222
0 0.599740 0.481481 0.039062 0.085185
0 0.682813 0.514815 0.041667 0.066667
0 0.800521 0.526852 0.041667 0.087037
0 0.772396 0.580556 0.053125 0.116667
5 0.744792 0.744444 0.094792 0.048148
8 0.153125 0.553241 0.109375 0.210185
8 0.249219 0.559722 0.127604 0.217593
8 0.386719 0.573148 0.119271 0.255556
8 0.450781 0.531944 0.059896 0.156481
8 0.601042 0.538426 0.098958 0.180556
8 0.686719 0.555556 0.083854 0.138889
8 0.808594 0.569444 0.073438 0.164815
8 0.739323 0.637037 0.149479 0.220370
