7 0.081250 0.743519 0.068750 0.118519
3 0.048438 0.847685 0.055208 0.032407
0 0.239063 0.580556 0.043750 0.061111
0 0.240365 0.660648 0.057813 0.130556
5 0.187240 0.841667 0.117188 0.068519
0 0.347396 0.578704 0.043750 0.072222
3 0.322917 0.709722 0.026042 0.030556
0 0.485938 0.572685 0.041667 0.080556
0 0.596615 0.568519 0.048438 0.088889
3 0.613021 0.704630 0.025000 0.027778
1 0.529167 0.693519 0.058333 0.112963
4 0.537240 0.805556 0.054688 0.059259
0 0.704688 0.608333 0.058333 0.105556
3 0.696094 0.818056 0.029687 0.043519
1 0.835938 0.678704 0.056250 0.109259
5 0.882292 0.819444 0.095833 0.059259
9 0.105990 0.741667 0.150521 0.216667
8 0.234115 0.710185 0.139063 0.244444
8 0.246615 0.606019 0.078646 0.117593
8 0.344792 0.626852 0.088542 0.166667
8 0.481510 0.618056 0.100521 0.171296
8 0.529687 0.730556 0.141667 0.209259
8 0.597917 0.618519 0.089583 0.181481
8 0.707292 0.689815 0.126042 0.266667
8 0.852865 0.726852 0.131771 0.198148
