0 0.135937 0.480556 0.053125 0.107407
5 0.092188 0.648148 0.112500 0.055556
0 0.254688 0.505556 0.058333 0.107407
4 0.205990 0.655556 0.045312 0.059259
0 0.385417 0.486111 0.047917 0.109259
0 0.439063 0.490741 0.038542 0.085185
3 0.321094 0.674074 0.032813 0.044444
7 0.605990 0.573148 0.051562 0.094444
7 0.709115 0.566667 0.051562 0.081481
7 0.807813 0.600926 0.050000 0.087037
7 0.757292 0.677778 0.071875 0.140741
8 0.136458 0.542130 0.141667 0.226852
8 0.251302 0.562037 0.131771 0.222222
8 0.385417 0.575463 0.127083 0.263889
8 0.448958 0.536111 0.065625 0.155556
9 0.597917 0.576852 0.108333 0.125926
9 0.701562 0.580556 0.102083 0.120370
9 0.815365 0.612500 0.103646 0.115741
9 0.742969 0.666204 0.166146 0.191667
