7 0.113021 0.761574 0.066667 0.119444
3 0.059896 0.830556 0.031250 0.037037
0 0.232813 0.600926 0.037500 0.075926
7 0.239063 0.734722 0.061458 0.106481
4 0.204167 0.686574 0.034375 0.043519
1 0.347917 0.593519 0.045833 0.085185
4 0.335938 0.684722 0.037500 0.056481
1 0.523438 0.623611 0.037500 0.080556
3 0.527865 0.703704 0.035937 0.029630
1 0.632292 0.610648 0.038542 0.080556
6 0.632292 0.702778 0.068750 0.053704
0 0.754167 0.596759 0.059375 0.106481
0 0.875521 0.621759 0.051042 0.106481
3 0.754167 0.825926 0.041667 0.037037
5 0.939063 0.847685 0.112500 0.056481
9 0.105990 0.730556 0.156771 0.187037
9 0.254688 0.737963 0.144792 0.207407
8 0.226042 0.630093 0.086458 0.130556
8 0.353646 0.632407 0.093750 0.161111
8 0.516667 0.636574 0.102083 0.128704
8 0.624740 0.641204 0.093229 0.149074
8 0.732292 0.687037 0.173958 0.270370
8 0.879167 0.703704 0.128125 0.250000
