8 0.066667 0.245833 0.088542 0.130556
8 0.134115 0.143056 0.054688 0.080556
8 0.090365 0.165278 0.054688 0.117593
8 0.381771 0.136111 0.043750 0.070370
8 0.330990 0.148148 0.046354 0.094444
8 0.308594 0.177315 0.040104 0.099074
8 0.342969 0.251389 0.060937 0.136111
9 0.396615 0.226389 0.060937 0.087963
8 0.419792 0.156019 0.057292 0.084259
8 0.472396 0.217593 0.046875 0.114815
8 0.447917 0.255556 0.079167 0.135185
8 0.527344 0.261111 0.069271 0.144444
8 0.569792 0.204630 0.047917 0.085185
8 0.644792 0.229630 0.058333 0.111111
8 0.596615 0.287963 0.063021 0.105556
8 0.632292 0.376389 0.100000 0.152778
8 0.537240 0.351852 0.095312 0.187037
8 0.446094 0.350926 0.089063 0.181481
9 0.260417 0.366667 0.120833 0.133333
8 0.315365 0.312963 0.089063 0.137037
8 0.143490 0.343056 0.133854 0.184259
8 0.217188 0.303704 0.072917 0.138889
8 0.290365 0.210648 0.042188 0.106481
8 0.263542 0.244907 0.067708 0.147222
9 0.709115 0.179630 0.039062 0.055556
9 0.730990 0.193981 0.057813 0.080556
8 0.782813 0.181944 0.056250 0.078704
8 0.763542 0.220833 0.056250 0.086111
8 0.816667 0.218519 0.051042 0.092593
8 0.884896 0.189352 0.042708 0.087963
8 0.834115 0.294444 0.075521 0.133333
9 0.913021 0.350000 0.088542 0.131481
8 0.963021 0.387500 0.073958 0.193519
8 0.032813 0.156019 0.055208 0.078704
8 0.549740 0.165741 0.047396 0.096296
1 0.035417 0.144907 0.031250 0.056481
1 0.076563 0.142593 0.028125 0.066667
1 0.129167 0.134259 0.025000 0.055556
1 0.057813 0.218056 0.033333 0.071296
2 0.324740 0.131019 0.026562 0.052778
0 0.377344 0.125926 0.020313 0.050000
0 0.302344 0.155556 0.024479 0.053704
0 0.338542 0.211111 0.028125 0.055556
0 0.281771 0.186111 0.023958 0.055556
1 0.422396 0.143056 0.023958 0.058333
1 0.388542 0.218519 0.032292 0.064815
0 0.454167 0.120370 0.020833 0.046296
0 0.477865 0.137037 0.022396 0.044444
0 0.470313 0.193056 0.028125 0.058333
2 0.439063 0.229167 0.031250 0.075000
0 0.516667 0.164352 0.023958 0.052778
8 0.519792 0.185648 0.046875 0.095370
2 0.543490 0.142593 0.023438 0.050000
0 0.569792 0.189815 0.022917 0.050000
0 0.646615 0.206019 0.028646 0.063889
1 0.609115 0.270370 0.033854 0.074074
0 0.523438 0.229167 0.029167 0.073148
1 0.214844 0.279630 0.039062 0.085185
1 0.314063 0.296296 0.040625 0.087037
0 0.149740 0.305556 0.046354 0.100000
1 0.237240 0.350926 0.047396 0.094444
5 0.398698 0.431481 0.059896 0.031481
2 0.449219 0.305556 0.042188 0.087037
2 0.531250 0.306019 0.046875 0.097222
5 0.514323 0.443519 0.038021 0.033333
1 0.624740 0.344907 0.044271 0.089815
1 0.716667 0.172685 0.018750 0.043519
0 0.743490 0.180556 0.024479 0.051852
1 0.787240 0.172685 0.024479 0.056481
1 0.775000 0.205556 0.025000 0.050000
0 0.824740 0.200463 0.023438 0.050926
1 0.893490 0.169907 0.026562 0.050926
0 0.866667 0.228704 0.026042 0.051852
8 0.868490 0.248611 0.038021 0.093519
0 0.840365 0.262037 0.027604 0.057407
0 0.909115 0.268056 0.039062 0.065741
8 0.901563 0.291204 0.054167 0.108333
1 0.986719 0.284722 0.026562 0.069444
9 0.972917 0.293056 0.053125 0.086111
0 0.264583 0.212963 0.034375 0.075926
2 0.933854 0.328704 0.040625 0.083333
