1 0.060417 0.605556 0.061458 0.107407
3 0.013542 0.664815 0.026042 0.033333
1 0.163021 0.605556 0.058333 0.111111
6 0.151042 0.753704 0.126042 0.081481
1 0.292187 0.550926 0.043750 0.081481
6 0.278646 0.643519 0.068750 0.061111
2 0.376563 0.598148 0.067708 0.118519
1 0.468750 0.520833 0.037500 0.080556
4 0.471615 0.618519 0.035937 0.051852
3 0.319792 0.759259 0.036458 0.048148
6 0.376563 0.749074 0.087500 0.072222
1 0.673438 0.526852 0.056250 0.135185
1 0.736719 0.481481 0.048438 0.088889
1 0.831771 0.449074 0.045833 0.068519
2 0.806771 0.530556 0.070833 0.137037
6 0.838542 0.680556 0.098958 0.140741
1 0.966667 0.507407 0.057292 0.133333
8 0.084115 0.655093 0.114062 0.221296
8 0.184115 0.666667 0.167187 0.225926
8 0.400260 0.647685 0.157812 0.221296
8 0.301042 0.584259 0.096875 0.138889
8 0.483073 0.562500 0.101562 0.169444
8 0.671875 0.601389 0.137500 0.278704
8 0.735938 0.516204 0.073958 0.163889
8 0.846094 0.505556 0.085938 0.183333
8 0.815104 0.597685 0.162500 0.284259
8 0.946875 0.579167 0.106250 0.278704
