1 0.052865 0.589815 0.039062 0.064815
6 0.018490 0.680556 0.035937 0.046296
1 0.082292 0.641667 0.064583 0.105556
1 0.142969 0.619444 0.057813 0.103704
6 0.127344 0.766667 0.129688 0.096296
1 0.279167 0.575926 0.050000 0.088889
6 0.262240 0.661574 0.079687 0.054630
2 0.459115 0.546296 0.042188 0.087037
4 0.454688 0.630556 0.051042 0.048148
1 0.372917 0.618519 0.062500 0.125926
4 0.366146 0.730556 0.054167 0.044444
5 0.376042 0.771296 0.085417 0.037037
1 0.624740 0.525926 0.035937 0.074074
1 0.700521 0.505556 0.040625 0.090741
2 0.771615 0.489815 0.051562 0.079630
1 0.663021 0.566667 0.057292 0.118519
2 0.745313 0.554630 0.060417 0.131481
6 0.781771 0.702778 0.070833 0.075926
1 0.913542 0.528704 0.060417 0.120370
4 0.929688 0.684259 0.058333 0.062963
8 0.067448 0.689352 0.133854 0.206481
8 0.177865 0.671759 0.129688 0.210185
8 0.291667 0.603241 0.100000 0.141667
8 0.380990 0.662500 0.151562 0.208333
8 0.461719 0.589352 0.095312 0.143519
8 0.617969 0.562037 0.050521 0.142593
8 0.649740 0.614352 0.122396 0.221296
8 0.701042 0.543056 0.042708 0.143519
8 0.769010 0.615741 0.158854 0.233333
8 0.791667 0.530556 0.086458 0.159259
8 0.915365 0.596296 0.147396 0.240741
