8 0.067969 0.235185 0.085938 0.131481
8 0.137240 0.141667 0.054688 0.083333
8 0.380469 0.140741 0.042188 0.068519
8 0.305990 0.178704 0.039062 0.094444
8 0.341146 0.250926 0.053125 0.142593
8 0.274740 0.348611 0.108854 0.175000
8 0.168490 0.337500 0.096354 0.180556
8 0.420573 0.156944 0.047396 0.082407
8 0.397917 0.220833 0.066667 0.102778
8 0.451042 0.262037 0.076042 0.131481
8 0.441667 0.345833 0.104167 0.186111
5 0.514844 0.443056 0.040104 0.037963
8 0.571094 0.206019 0.045312 0.078704
8 0.524740 0.264815 0.067187 0.125926
8 0.535417 0.349537 0.086458 0.186111
8 0.630990 0.228704 0.057813 0.109259
8 0.648438 0.376389 0.138542 0.175000
9 0.710938 0.177778 0.037500 0.053704
9 0.740365 0.190741 0.050521 0.085185
9 0.792969 0.187037 0.044271 0.072222
8 0.763021 0.215741 0.048958 0.092593
8 0.815365 0.217593 0.055729 0.088889
8 0.884115 0.189815 0.042188 0.088889
8 0.839063 0.293056 0.069792 0.123148
8 0.904167 0.340741 0.083333 0.162963
8 0.960417 0.366667 0.079167 0.212963
8 0.554167 0.164352 0.038542 0.093519
8 0.040365 0.158333 0.042188 0.094444
8 0.330990 0.146296 0.041146 0.088889
8 0.476042 0.223611 0.052083 0.121296
9 0.217448 0.320370 0.061979 0.109259
8 0.526042 0.198611 0.050000 0.091667
0 0.057292 0.210185 0.034375 0.070370
1 0.046615 0.147222 0.029687 0.061111
1 0.129167 0.131019 0.026042 0.054630
0 0.326042 0.130556 0.022917 0.053704
0 0.300521 0.157407 0.026042 0.053704
0 0.337240 0.210185 0.030729 0.062963
1 0.378385 0.131944 0.021354 0.052778
1 0.423438 0.146296 0.022917 0.061111
1 0.402344 0.204167 0.029687 0.067593
1 0.465365 0.195370 0.027604 0.064815
1 0.442708 0.238426 0.031250 0.073148
0 0.436719 0.293981 0.039062 0.082407
1 0.274740 0.314815 0.048438 0.096296
1 0.296615 0.263889 0.038021 0.088889
8 0.317448 0.300463 0.081771 0.165741
1 0.204167 0.308333 0.029167 0.077778
0 0.172135 0.294907 0.043229 0.095370
1 0.273958 0.198148 0.025000 0.066667
1 0.526042 0.239815 0.032292 0.072222
1 0.531250 0.182407 0.025000 0.051852
0 0.485417 0.141204 0.022917 0.045370
8 0.489323 0.164352 0.036979 0.093519
1 0.551042 0.145370 0.022917 0.053704
0 0.573438 0.195370 0.023958 0.053704
0 0.632292 0.207407 0.027083 0.064815
0 0.534115 0.300000 0.042188 0.092593
1 0.654167 0.343056 0.051042 0.112037
1 0.620833 0.310648 0.034375 0.080556
8 0.605469 0.335648 0.067187 0.130556
1 0.716667 0.173611 0.018750 0.043519
2 0.751823 0.177778 0.024479 0.053704
2 0.794792 0.178241 0.027083 0.054630
1 0.767188 0.196759 0.022917 0.052778
0 0.822917 0.200926 0.023958 0.051852
0 0.855990 0.267130 0.027604 0.065741
1 0.892188 0.171759 0.025000 0.052778
0 0.910417 0.295370 0.039583 0.075926
0 0.979688 0.317130 0.039583 0.097222
4 0.652344 0.431944 0.047396 0.037963
