8 0.066667 0.234722 0.085417 0.130556
8 0.093490 0.165278 0.055729 0.115741
8 0.136719 0.140741 0.058854 0.087037
8 0.379688 0.140741 0.043750 0.068519
8 0.305990 0.175926 0.039062 0.094444
8 0.338542 0.249537 0.053125 0.143519
8 0.287240 0.341204 0.131771 0.184259
8 0.164844 0.334259 0.096354 0.181481
8 0.420573 0.155556 0.053646 0.083333
9 0.395313 0.230556 0.059375 0.083333
8 0.455990 0.266204 0.064062 0.125000
8 0.441667 0.344907 0.104167 0.186111
5 0.514844 0.443056 0.040104 0.037963
8 0.568490 0.204167 0.045312 0.082407
8 0.521615 0.255556 0.065104 0.138889
8 0.534896 0.349074 0.087500 0.194444
8 0.630990 0.228704 0.057813 0.109259
8 0.633594 0.371296 0.104688 0.153704
9 0.710938 0.177778 0.037500 0.053704
9 0.730469 0.193519 0.057813 0.074074
9 0.792969 0.186574 0.044271 0.071296
8 0.762240 0.215741 0.050521 0.092593
8 0.815365 0.217593 0.055729 0.088889
8 0.884115 0.189815 0.042188 0.088889
8 0.839063 0.293056 0.069792 0.123148
8 0.904167 0.340741 0.083333 0.162963
8 0.960417 0.366667 0.079167 0.212963
8 0.551042 0.166204 0.043750 0.102778
8 0.034115 0.156481 0.044271 0.088889
8 0.330990 0.145370 0.041146 0.088889
8 0.476042 0.222222 0.048958 0.118519
9 0.211719 0.318519 0.066146 0.111111
8 0.518490 0.183333 0.048438 0.103704
0 0.055990 0.205556 0.033854 0.064815
2 0.040365 0.145370 0.028646 0.061111
2 0.080469 0.140741 0.026562 0.066667
1 0.127865 0.127778 0.024479 0.057407
0 0.330469 0.131019 0.023438 0.052778
0 0.337240 0.212037 0.029687 0.057407
0 0.299740 0.157407 0.025521 0.055556
1 0.276042 0.301389 0.045833 0.099074
1 0.201042 0.308333 0.036458 0.087037
0 0.157292 0.293519 0.042708 0.092593
1 0.377865 0.132407 0.019271 0.053704
1 0.385417 0.225463 0.030208 0.062037
1 0.423438 0.146296 0.021875 0.061111
0 0.482292 0.139352 0.022917 0.050926
8 0.488542 0.160185 0.035417 0.094444
0 0.465365 0.190741 0.027604 0.055556
0 0.444792 0.243519 0.034375 0.081481
2 0.424740 0.303704 0.045312 0.092593
0 0.533594 0.299537 0.041146 0.093519
1 0.524740 0.226389 0.030729 0.080556
0 0.516667 0.160648 0.022917 0.056481
0 0.554688 0.137500 0.022917 0.045370
0 0.569792 0.189352 0.022917 0.050926
0 0.632292 0.206019 0.028125 0.063889
0 0.636719 0.341667 0.045312 0.090741
1 0.716667 0.171759 0.017708 0.043519
1 0.743490 0.189815 0.024479 0.051852
1 0.797396 0.180556 0.026042 0.057407
1 0.768490 0.194444 0.023438 0.053704
0 0.823438 0.201389 0.023958 0.052778
1 0.892969 0.168056 0.025521 0.056481
0 0.849740 0.265741 0.029687 0.061111
0 0.910417 0.297222 0.039583 0.081481
0 0.979948 0.314352 0.040104 0.097222
6 0.273438 0.404630 0.070833 0.062963
