0 0.182292 0.585648 0.063542 0.106481
3 0.138542 0.766667 0.035417 0.040741
1 0.276042 0.566667 0.045833 0.085185
4 0.273438 0.636574 0.037500 0.043519
0 0.322917 0.582407 0.062500 0.129630
4 0.288542 0.756481 0.058333 0.081481
1 0.403646 0.556481 0.045833 0.096296
4 0.392188 0.643519 0.033333 0.057407
1 0.573438 0.563889 0.037500 0.075926
1 0.595313 0.605556 0.053125 0.135185
4 0.596615 0.768519 0.073438 0.059259
0 0.742188 0.530556 0.057292 0.103704
3 0.751563 0.791667 0.046875 0.042593
0 0.888542 0.612500 0.068750 0.130556
5 0.919271 0.803704 0.137500 0.051852
8 0.178125 0.649074 0.135417 0.225926
8 0.318750 0.655556 0.132292 0.266667
8 0.408073 0.596759 0.086979 0.165741
8 0.593229 0.675463 0.143750 0.249074
8 0.737760 0.640741 0.134896 0.318519
8 0.873437 0.669907 0.142708 0.241667
9 0.271094 0.597685 0.063021 0.143519
9 0.560417 0.603704 0.076042 0.144444
