1 0.151042 0.655556 0.043750 0.079630
4 0.126042 0.719444 0.055208 0.040741
4 0.226042 0.692593 0.048958 0.085185
7 0.304167 0.687500 0.047917 0.093519
1 0.394792 0.620370 0.041667 0.090741
6 0.375521 0.723611 0.076042 0.058333
1 0.568490 0.655556 0.042188 0.070370
4 0.566146 0.723611 0.039583 0.043519
1 0.760938 0.611574 0.054167 0.082407
4 0.767188 0.704630 0.048958 0.057407
7 0.878646 0.780556 0.085417 0.125926
1 0.689063 0.684722 0.062500 0.130556
4 0.694792 0.830556 0.079167 0.066667
9 0.151823 0.682407 0.099479 0.127778
8 0.399219 0.656944 0.088021 0.160185
8 0.685417 0.744444 0.158333 0.246296
8 0.760417 0.649537 0.092708 0.165741
9 0.230990 0.681019 0.100521 0.125000
9 0.311719 0.687500 0.085938 0.106481
9 0.559115 0.682407 0.101562 0.114815
9 0.863542 0.775000 0.157292 0.192593
