0 0.185938 0.593519 0.062500 0.107407
3 0.139063 0.766667 0.031250 0.037037
1 0.288021 0.574074 0.041667 0.081481
4 0.277344 0.640741 0.029687 0.037037
0 0.332813 0.569444 0.054167 0.116667
3 0.293490 0.761111 0.039062 0.040741
1 0.398438 0.561111 0.044792 0.094444
4 0.395313 0.647222 0.031250 0.050000
0 0.574219 0.558333 0.035937 0.083333
1 0.597917 0.616667 0.052083 0.118519
4 0.595313 0.773148 0.073958 0.068519
1 0.720313 0.580556 0.054167 0.120370
4 0.727344 0.678704 0.054688 0.064815
1 0.763542 0.560185 0.035417 0.081481
2 0.829688 0.630556 0.068750 0.122222
5 0.909115 0.810185 0.142187 0.068519
8 0.186458 0.649074 0.137500 0.224074
8 0.333594 0.644907 0.120313 0.260185
8 0.560417 0.596759 0.079167 0.152778
8 0.592969 0.676389 0.139063 0.236111
8 0.726562 0.656944 0.130208 0.267593
8 0.854167 0.681481 0.138542 0.218519
8 0.770833 0.597685 0.056250 0.143519
9 0.283073 0.604167 0.069271 0.130556
9 0.409635 0.599537 0.084896 0.158333
