0 0.197396 0.587963 0.064583 0.094444
3 0.140365 0.761111 0.035937 0.040741
1 0.291667 0.574074 0.039583 0.081481
4 0.287240 0.635185 0.025521 0.037037
0 0.339844 0.568519 0.054688 0.111111
0 0.402344 0.530556 0.042188 0.083333
4 0.392188 0.637037 0.031250 0.044444
1 0.566667 0.576852 0.032292 0.064815
1 0.601042 0.618519 0.052083 0.129630
4 0.592969 0.768519 0.064062 0.074074
0 0.751563 0.568519 0.056250 0.103704
1 0.971615 0.641667 0.054688 0.127778
8 0.189844 0.650463 0.136979 0.226852
8 0.342448 0.642593 0.127604 0.250000
8 0.408854 0.587963 0.085417 0.181481
8 0.593229 0.671296 0.143750 0.238889
8 0.736198 0.653241 0.133854 0.271296
8 0.946094 0.687963 0.107813 0.220370
8 0.291667 0.597685 0.060417 0.123148
9 0.556771 0.612037 0.076042 0.131481
