1 0.058594 0.585648 0.042188 0.043519
1 0.042188 0.643519 0.058333 0.107407
4 0.023438 0.777778 0.045833 0.059259
1 0.147396 0.620370 0.056250 0.101852
5 0.123438 0.786574 0.085417 0.056481
1 0.261719 0.582407 0.039062 0.074074
6 0.259896 0.665741 0.072917 0.046296
1 0.451042 0.560648 0.035417 0.069444
4 0.455990 0.632407 0.029687 0.033333
2 0.400521 0.580093 0.053125 0.106481
6 0.376563 0.756481 0.100000 0.066667
3 0.315365 0.768519 0.026562 0.033333
1 0.614844 0.521759 0.029687 0.069444
1 0.701042 0.502778 0.035417 0.079630
1 0.782813 0.480556 0.039583 0.074074
1 0.644792 0.546759 0.043750 0.119444
1 0.769792 0.575463 0.062500 0.119444
1 0.916146 0.531481 0.064583 0.120370
4 0.926562 0.685648 0.055208 0.056481
6 0.795312 0.717593 0.097917 0.079630
3 0.734115 0.742593 0.032813 0.040741
8 0.059115 0.693519 0.117188 0.211111
8 0.159115 0.673611 0.130729 0.204630
8 0.275000 0.614352 0.115625 0.126852
8 0.385417 0.642593 0.139583 0.238889
8 0.464323 0.589352 0.090104 0.136111
8 0.604167 0.562500 0.048958 0.143519
8 0.643490 0.618056 0.126562 0.252778
8 0.702865 0.542130 0.072396 0.154630
8 0.795312 0.514815 0.084375 0.137037
8 0.771615 0.617593 0.147396 0.225926
8 0.917188 0.593519 0.150000 0.244444
