1 0.148438 0.629630 0.046875 0.085185
4 0.135417 0.698148 0.038542 0.044444
0 0.238021 0.592593 0.041667 0.085185
4 0.216146 0.705556 0.047917 0.057407
2 0.322396 0.585185 0.047917 0.081481
3 0.294271 0.726852 0.029167 0.027778
1 0.392188 0.609259 0.048958 0.094444
6 0.379167 0.715741 0.079167 0.046296
2 0.581771 0.598148 0.045833 0.092593
4 0.569792 0.705556 0.033333 0.038889
0 0.688021 0.577778 0.050000 0.088889
4 0.676042 0.685185 0.047917 0.068519
1 0.784896 0.592593 0.047917 0.088889
4 0.793490 0.693519 0.054688 0.048148
2 0.853125 0.627778 0.071875 0.125926
4 0.872396 0.818519 0.090625 0.066667
8 0.152865 0.655556 0.101562 0.133333
8 0.233594 0.643519 0.107813 0.175926
8 0.319792 0.630556 0.086458 0.161111
8 0.402865 0.648611 0.102604 0.158333
8 0.573177 0.636574 0.107813 0.165741
8 0.679948 0.626852 0.097396 0.183333
8 0.784115 0.634259 0.100521 0.168519
8 0.890365 0.718056 0.184896 0.289815
