1 0.114062 0.411574 0.027083 0.054630
1 0.165365 0.381019 0.021354 0.047222
2 0.238021 0.359259 0.020833 0.044444
1 0.305469 0.349537 0.019271 0.037963
0 0.262240 0.393519 0.023438 0.046296
1 0.212240 0.431019 0.030729 0.065741
0 0.332292 0.451389 0.029167 0.063889
0 0.401042 0.456019 0.033333 0.063889
7 0.361198 0.455556 0.024479 0.057407
0 0.398438 0.393056 0.023958 0.043519
1 0.424740 0.436111 0.026562 0.055556
1 0.444792 0.404167 0.022917 0.050926
0 0.415365 0.354630 0.018229 0.038889
1 0.444792 0.343519 0.018750 0.031481
1 0.472917 0.336111 0.016667 0.033333
0 0.491667 0.381019 0.019792 0.041667
1 0.505990 0.342130 0.019271 0.041667
0 0.538542 0.331019 0.018750 0.030556
0 0.512240 0.443981 0.028646 0.056481
0 0.585938 0.459259 0.028125 0.055556
4 0.400521 0.530556 0.023958 0.025926
5 0.268490 0.455556 0.025521 0.018519
0 0.521615 0.397222 0.026562 0.055556
1 0.582292 0.390278 0.025000 0.052778
0 0.574219 0.353704 0.018229 0.040741
0 0.594792 0.334259 0.017708 0.031481
1 0.618490 0.368519 0.017188 0.035185
2 0.655990 0.367593 0.020313 0.042593
0 0.644792 0.441204 0.022917 0.045370
1 0.669792 0.488426 0.035417 0.069444
0 0.716667 0.328241 0.015625 0.032407
1 0.734896 0.355556 0.013542 0.035185
0 0.754167 0.368519 0.015625 0.035185
1 0.776563 0.353704 0.019792 0.040741
1 0.806250 0.371296 0.021875 0.035185
1 0.852865 0.354630 0.019271 0.038889
1 0.829167 0.384259 0.018750 0.044444
1 0.826042 0.431019 0.025000 0.047222
0 0.859115 0.414815 0.022396 0.046296
1 0.879167 0.455556 0.029167 0.061111
2 0.923438 0.451389 0.037500 0.075000
1 0.958333 0.424537 0.025000 0.054630
2 0.977865 0.480556 0.032813 0.066667
8 0.168750 0.390741 0.046875 0.062963
8 0.210938 0.452778 0.071875 0.105556
9 0.119271 0.418519 0.058333 0.074074
8 0.268490 0.417593 0.045312 0.092593
8 0.309115 0.352315 0.035937 0.049074
8 0.319792 0.480556 0.091667 0.125926
8 0.412240 0.484722 0.085938 0.130556
8 0.513542 0.481019 0.068750 0.137963
8 0.421094 0.367130 0.032813 0.065741
8 0.491667 0.391667 0.039583 0.066667
8 0.475521 0.335648 0.031250 0.043519
8 0.595313 0.341204 0.029167 0.047222
8 0.588021 0.493056 0.067708 0.108333
8 0.656771 0.386574 0.054167 0.082407
8 0.637240 0.468056 0.044271 0.104630
8 0.667188 0.503241 0.071875 0.102778
8 0.710938 0.343056 0.032292 0.071296
8 0.730990 0.366667 0.032813 0.061111
8 0.752344 0.381019 0.035937 0.069444
8 0.776563 0.355556 0.031250 0.053704
8 0.797917 0.382407 0.040625 0.059259
8 0.847917 0.360185 0.038542 0.055556
9 0.810417 0.443519 0.057292 0.079630
8 0.854167 0.430556 0.035417 0.081481
8 0.863542 0.473611 0.058333 0.106481
8 0.917188 0.493056 0.081250 0.156481
8 0.975260 0.504167 0.049479 0.113889
9 0.365365 0.466204 0.046354 0.086111
8 0.503646 0.343981 0.032292 0.056481
1 0.535417 0.379630 0.020833 0.048148
8 0.569792 0.367593 0.030208 0.070370
8 0.530990 0.418056 0.044271 0.095370
8 0.579688 0.407407 0.054167 0.094444
8 0.616667 0.380093 0.043750 0.058333
1 0.213542 0.381019 0.021875 0.039815
5 0.163542 0.542593 0.039583 0.020370
8 0.955469 0.434259 0.039062 0.081481
8 0.435417 0.456019 0.047917 0.100926
