8 0.069271 0.246759 0.089583 0.130556
8 0.057813 0.187037 0.076042 0.105556
8 0.092188 0.167130 0.058333 0.104630
8 0.137240 0.146759 0.047396 0.075000
8 0.166146 0.337037 0.096875 0.179630
8 0.276042 0.353704 0.116667 0.159259
8 0.213542 0.322222 0.061458 0.118519
8 0.315365 0.299074 0.075521 0.166667
9 0.251563 0.254167 0.067708 0.112037
8 0.345313 0.250926 0.058333 0.138889
8 0.305469 0.181019 0.042188 0.086111
9 0.399219 0.221296 0.060937 0.088889
8 0.338542 0.143519 0.051042 0.101852
8 0.378385 0.139815 0.042188 0.072222
8 0.420573 0.162963 0.055729 0.081481
8 0.476042 0.161574 0.040625 0.104630
8 0.471615 0.221759 0.063021 0.126852
8 0.447917 0.268056 0.076042 0.123148
8 0.522917 0.189352 0.048958 0.093519
8 0.627865 0.228704 0.057813 0.105556
9 0.569792 0.173611 0.054167 0.067593
9 0.568490 0.215278 0.048438 0.069444
8 0.444792 0.356019 0.101042 0.176852
8 0.538542 0.356019 0.096875 0.178704
8 0.644792 0.370370 0.136458 0.174074
8 0.605990 0.333333 0.074479 0.127778
9 0.517969 0.286111 0.053646 0.096296
5 0.259115 0.426852 0.069271 0.035185
5 0.513542 0.443056 0.037500 0.032407
9 0.710938 0.176852 0.035417 0.053704
9 0.730990 0.193519 0.053646 0.072222
8 0.764323 0.215741 0.050521 0.092593
8 0.814063 0.220370 0.050000 0.085185
8 0.891146 0.196759 0.053125 0.075000
8 0.838021 0.292593 0.072917 0.131481
8 0.895573 0.355093 0.096354 0.134259
8 0.961719 0.368981 0.076563 0.208333
1 0.060417 0.222222 0.035417 0.075926
1 0.046615 0.168056 0.031771 0.063889
1 0.077865 0.148611 0.029687 0.067593
1 0.127865 0.142130 0.025521 0.058333
2 0.343490 0.118519 0.028646 0.051852
2 0.368490 0.131019 0.019271 0.052778
1 0.426563 0.152315 0.022917 0.058333
2 0.469792 0.139352 0.025000 0.056481
0 0.419792 0.115278 0.023958 0.052778
1 0.305469 0.168519 0.025521 0.059259
0 0.340365 0.218519 0.029687 0.070370
1 0.389844 0.212500 0.031771 0.069444
1 0.304688 0.265741 0.041667 0.092593
1 0.266146 0.238426 0.034375 0.080556
1 0.267708 0.319907 0.043750 0.095370
1 0.203646 0.306944 0.035417 0.086111
0 0.165365 0.294444 0.042188 0.096296
1 0.523438 0.174537 0.025000 0.056481
1 0.466146 0.193519 0.028125 0.066667
0 0.439323 0.244907 0.033854 0.080556
1 0.529167 0.280093 0.032292 0.080556
1 0.544010 0.152778 0.021354 0.050000
1 0.451042 0.313426 0.039583 0.093519
0 0.544792 0.316204 0.043750 0.093519
1 0.624740 0.311111 0.033854 0.081481
1 0.649219 0.338426 0.048438 0.100926
9 0.597917 0.291204 0.066667 0.100926
1 0.566667 0.209259 0.023958 0.055556
1 0.579688 0.178241 0.026042 0.052778
0 0.624740 0.206481 0.026562 0.059259
4 0.654167 0.430556 0.053125 0.042593
1 0.718490 0.169444 0.020313 0.044444
1 0.746615 0.185648 0.023438 0.054630
1 0.760938 0.193981 0.021875 0.050926
8 0.790365 0.188426 0.039062 0.069444
0 0.792188 0.179167 0.026042 0.047222
1 0.822917 0.206944 0.026042 0.054630
1 0.904167 0.186111 0.026042 0.053704
0 0.845573 0.256944 0.028646 0.058333
6 0.857292 0.330093 0.037500 0.032407
1 0.905990 0.268056 0.030729 0.073148
8 0.894792 0.281019 0.054167 0.100926
1 0.919271 0.330556 0.041667 0.085185
0 0.983594 0.313426 0.032813 0.093519
5 0.978646 0.468519 0.039583 0.027778
