7 0.088021 0.738426 0.067708 0.121296
3 0.048958 0.849074 0.052083 0.044444
0 0.242188 0.652778 0.054167 0.105556
5 0.184115 0.844444 0.120313 0.059259
0 0.238542 0.580093 0.037500 0.062037
0 0.349219 0.578241 0.036979 0.076852
3 0.326302 0.712963 0.021354 0.025926
5 0.354167 0.710648 0.041667 0.030556
0 0.485938 0.574074 0.038542 0.070370
0 0.600000 0.584722 0.041667 0.086111
3 0.611719 0.705556 0.026562 0.033333
1 0.527344 0.685648 0.057813 0.108333
4 0.535417 0.809722 0.053125 0.069444
0 0.704688 0.606481 0.050000 0.100000
3 0.698958 0.821296 0.028125 0.042593
1 0.841667 0.677778 0.064583 0.103704
5 0.886979 0.829630 0.089583 0.059259
9 0.107552 0.740741 0.141146 0.212963
8 0.235417 0.718056 0.128125 0.221296
8 0.246615 0.626389 0.081771 0.136111
8 0.346094 0.628704 0.082812 0.155556
8 0.482292 0.619444 0.103125 0.155556
8 0.532813 0.731944 0.139583 0.195370
8 0.601042 0.622685 0.079167 0.154630
8 0.709115 0.692130 0.122396 0.247222
8 0.855469 0.719907 0.124479 0.182407
