1 0.034896 0.465741 0.060417 0.124074
5 0.041667 0.580556 0.082292 0.079630
1 0.199219 0.484259 0.054688 0.118519
4 0.185938 0.603704 0.045833 0.051852
1 0.324219 0.455556 0.054688 0.125926
4 0.282813 0.580556 0.041667 0.050000
5 0.280990 0.638889 0.114062 0.048148
0 0.371615 0.439815 0.035937 0.061111
0 0.555990 0.444444 0.045312 0.074074
0 0.635938 0.470370 0.037500 0.066667
0 0.729167 0.480556 0.039583 0.074074
0 0.691146 0.501852 0.044792 0.100000
5 0.689063 0.680556 0.084375 0.044444
9 0.071094 0.514352 0.141146 0.202778
8 0.206771 0.523148 0.123958 0.185185
8 0.336979 0.512963 0.151042 0.233333
8 0.391667 0.492593 0.075000 0.155556
8 0.544792 0.495833 0.095833 0.175000
8 0.632812 0.516667 0.077083 0.142593
8 0.738021 0.524537 0.060417 0.156481
8 0.679948 0.570370 0.128646 0.225926
