1 0.080469 0.487963 0.067187 0.118519
5 0.074740 0.593519 0.110937 0.075926
1 0.239063 0.505556 0.062500 0.122222
4 0.221094 0.616667 0.045312 0.070370
0 0.369792 0.455556 0.055208 0.111111
4 0.309896 0.630556 0.040625 0.061111
0 0.410938 0.455556 0.029167 0.066667
0 0.594792 0.460185 0.045833 0.081481
0 0.682813 0.480556 0.039583 0.072222
0 0.735938 0.518519 0.050000 0.103704
0 0.767188 0.495370 0.033333 0.075926
5 0.723437 0.687963 0.093750 0.050000
8 0.248177 0.539815 0.115104 0.185185
8 0.371875 0.529630 0.156250 0.251852
8 0.426042 0.497685 0.073958 0.160185
8 0.582292 0.512500 0.103125 0.167593
8 0.675260 0.520370 0.082812 0.144444
8 0.723698 0.579167 0.143229 0.223148
8 0.779167 0.531944 0.058333 0.147222
9 0.109896 0.526389 0.145833 0.175000
