8 0.068490 0.243056 0.085938 0.130556
8 0.140365 0.144444 0.049479 0.083333
8 0.376563 0.136574 0.038542 0.067593
8 0.306771 0.176389 0.040625 0.093519
8 0.274740 0.245370 0.072396 0.125926
8 0.345313 0.248611 0.047917 0.139815
8 0.275260 0.345833 0.108854 0.176852
8 0.164844 0.336574 0.100521 0.180556
8 0.423438 0.157407 0.046875 0.083333
8 0.397917 0.214352 0.067708 0.112037
9 0.448958 0.265741 0.073958 0.127778
8 0.446615 0.346296 0.100521 0.183333
5 0.514844 0.443056 0.040104 0.037963
8 0.571615 0.205556 0.051562 0.077778
8 0.547396 0.349074 0.090625 0.194444
8 0.631250 0.228241 0.054167 0.106481
8 0.648177 0.372222 0.133854 0.174074
9 0.710938 0.177778 0.037500 0.053704
9 0.732292 0.194907 0.058333 0.082407
8 0.763542 0.215741 0.047917 0.092593
8 0.811719 0.218519 0.046354 0.090741
8 0.884115 0.189815 0.042188 0.088889
8 0.838542 0.300000 0.073958 0.127778
8 0.897917 0.338426 0.082292 0.162037
8 0.034375 0.159722 0.046875 0.080556
8 0.343750 0.142593 0.066667 0.098148
8 0.477344 0.224537 0.055729 0.119444
8 0.211458 0.300463 0.087500 0.150926
8 0.520573 0.187037 0.049479 0.100000
5 0.255990 0.418519 0.073438 0.033333
8 0.326302 0.305556 0.071354 0.157407
9 0.597917 0.288889 0.063542 0.094444
9 0.793229 0.189815 0.032292 0.072222
1 0.063542 0.222222 0.035417 0.075926
1 0.043490 0.151389 0.024479 0.056481
1 0.134115 0.135185 0.025521 0.057407
2 0.344792 0.124074 0.027083 0.053704
1 0.366667 0.131944 0.018750 0.050926
0 0.300000 0.158796 0.026042 0.056481
0 0.337500 0.211111 0.030208 0.061111
1 0.324219 0.274537 0.041146 0.089815
0 0.283854 0.225463 0.034375 0.080556
0 0.275781 0.302315 0.044271 0.086111
1 0.191667 0.274537 0.044792 0.093519
0 0.155469 0.294907 0.044271 0.093519
0 0.396354 0.194907 0.029167 0.065741
1 0.422917 0.147222 0.022917 0.059259
0 0.443229 0.120370 0.019792 0.048148
8 0.451823 0.130556 0.039062 0.068519
0 0.491667 0.144907 0.022917 0.047222
0 0.516667 0.164815 0.025000 0.055556
1 0.464062 0.196759 0.028125 0.062037
0 0.444531 0.239815 0.031771 0.074074
0 0.452604 0.294444 0.039583 0.077778
0 0.550781 0.300000 0.040104 0.087037
0 0.572135 0.192593 0.023438 0.051852
0 0.624219 0.206019 0.024479 0.060185
1 0.611979 0.280093 0.032292 0.071296
1 0.646354 0.338889 0.046875 0.103704
4 0.651563 0.432870 0.046875 0.039815
1 0.717187 0.174074 0.019792 0.042593
1 0.747917 0.184722 0.025000 0.050926
1 0.793490 0.183796 0.025521 0.054630
2 0.771094 0.195833 0.024479 0.052778
2 0.814063 0.200926 0.023958 0.051852
1 0.892708 0.171759 0.025000 0.052778
2 0.858073 0.270833 0.027604 0.067593
6 0.843490 0.341204 0.042188 0.025000
0 0.908594 0.293056 0.039062 0.071296
8 0.958333 0.371296 0.083333 0.209259
0 0.984896 0.316667 0.030208 0.094444
