0 0.169792 0.630556 0.071875 0.133333
3 0.141667 0.801852 0.044792 0.048148
1 0.321615 0.590741 0.045312 0.062963
1 0.319792 0.658333 0.055208 0.114815
5 0.276042 0.780556 0.093750 0.053704
0 0.394271 0.587963 0.045833 0.087037
6 0.404167 0.703704 0.071875 0.059259
0 0.569792 0.555556 0.039583 0.074074
2 0.585938 0.640741 0.056250 0.111111
3 0.597396 0.816667 0.031250 0.040741
1 0.663021 0.594444 0.041667 0.098148
4 0.669271 0.690741 0.046875 0.051852
1 0.784896 0.627778 0.061458 0.133333
4 0.807813 0.780556 0.041667 0.066667
1 0.924740 0.650463 0.070312 0.119444
5 0.964063 0.816667 0.068750 0.055556
8 0.177344 0.690278 0.129688 0.225000
8 0.326302 0.708333 0.125521 0.188889
8 0.324740 0.602315 0.078646 0.084259
8 0.416146 0.632870 0.091667 0.165741
8 0.547917 0.604167 0.087500 0.175000
8 0.596875 0.704630 0.122917 0.220370
8 0.670833 0.628704 0.100000 0.168519
8 0.780990 0.682407 0.141146 0.240741
8 0.930208 0.699074 0.137500 0.216667
