0 0.092188 0.639815 0.089583 0.146296
3 0.044792 0.843519 0.056250 0.037037
0 0.244792 0.580556 0.041667 0.079630
7 0.197396 0.755556 0.078125 0.116667
0 0.341667 0.568519 0.045833 0.074074
3 0.325521 0.710648 0.025000 0.030556
0 0.490365 0.568519 0.045312 0.077778
1 0.512240 0.697685 0.057813 0.106481
4 0.538542 0.809722 0.044792 0.056481
0 0.605990 0.569444 0.048438 0.088889
3 0.612240 0.703704 0.023438 0.037037
0 0.698438 0.605556 0.057292 0.096296
3 0.694792 0.819907 0.036458 0.043519
1 0.844271 0.656481 0.062500 0.118519
5 0.885417 0.830556 0.098958 0.061111
9 0.217969 0.749537 0.146354 0.206481
8 0.105469 0.700000 0.132812 0.255556
8 0.246615 0.623611 0.092188 0.169444
8 0.344010 0.623611 0.095312 0.175000
8 0.492188 0.618981 0.101042 0.165741
9 0.530469 0.738426 0.139063 0.206481
8 0.605990 0.618056 0.103646 0.178704
8 0.705990 0.692593 0.126562 0.261111
8 0.854167 0.709722 0.132292 0.219444
