1 0.148438 0.630556 0.046875 0.092593
4 0.139063 0.703704 0.055208 0.044444
0 0.239063 0.593519 0.043750 0.088889
4 0.214844 0.703704 0.054688 0.059259
2 0.326042 0.580556 0.050000 0.081481
3 0.294271 0.718519 0.029167 0.029630
1 0.392188 0.614815 0.050000 0.088889
6 0.379167 0.717593 0.087500 0.050000
2 0.579688 0.593519 0.042708 0.081481
4 0.569792 0.705556 0.037500 0.044444
0 0.694792 0.573148 0.045833 0.094444
4 0.668490 0.685185 0.050521 0.068519
1 0.785417 0.593519 0.044792 0.096296
4 0.792188 0.690741 0.047917 0.051852
2 0.851042 0.631481 0.073958 0.122222
4 0.864844 0.817593 0.095312 0.057407
9 0.157292 0.656019 0.104167 0.119444
8 0.237240 0.644444 0.104688 0.170370
8 0.325000 0.630556 0.084375 0.168519
8 0.404427 0.651389 0.101562 0.156481
8 0.574219 0.642593 0.109896 0.166667
8 0.682031 0.625463 0.100521 0.184259
8 0.784375 0.634259 0.100000 0.168519
8 0.890365 0.717593 0.197396 0.268519
