1 0.119271 0.533333 0.061458 0.111111
6 0.087240 0.641667 0.104688 0.079630
1 0.255990 0.526852 0.057813 0.112963
4 0.216667 0.655556 0.041667 0.053704
0 0.388542 0.493519 0.058333 0.105556
4 0.322917 0.660185 0.041667 0.068519
0 0.431771 0.492593 0.037500 0.081481
0 0.603646 0.492593 0.039583 0.081481
0 0.669271 0.506481 0.037500 0.075926
0 0.792188 0.523148 0.042708 0.081481
1 0.735938 0.581481 0.062500 0.114815
5 0.735938 0.741667 0.088542 0.057407
8 0.261979 0.577315 0.114583 0.204630
8 0.385156 0.572222 0.158854 0.250000
8 0.445833 0.536574 0.068750 0.156481
8 0.586198 0.540741 0.094271 0.172222
8 0.672396 0.553241 0.085417 0.156481
8 0.794010 0.569907 0.080729 0.158333
8 0.727083 0.637500 0.134375 0.212037
9 0.140625 0.571759 0.115625 0.173148
