1 0.153646 0.653704 0.039583 0.077778
4 0.126042 0.716667 0.040625 0.051852
7 0.229167 0.693519 0.050000 0.074074
7 0.307292 0.693519 0.050000 0.074074
1 0.397917 0.618519 0.043750 0.087037
6 0.371875 0.722685 0.068750 0.054630
1 0.568490 0.663889 0.042188 0.072222
4 0.569271 0.718519 0.037500 0.033333
7 0.769792 0.679630 0.059375 0.096296
1 0.688021 0.680556 0.059375 0.133333
4 0.692969 0.825463 0.064062 0.069444
7 0.877865 0.777778 0.079687 0.111111
3 0.860938 0.855556 0.061458 0.035185
9 0.234115 0.681019 0.103646 0.121296
9 0.311719 0.694907 0.085938 0.087963
9 0.555990 0.681019 0.104688 0.112037
9 0.763542 0.662500 0.093750 0.143519
9 0.863542 0.775926 0.155208 0.187037
9 0.149740 0.679167 0.099479 0.123148
8 0.396875 0.657870 0.089583 0.158333
8 0.685417 0.743056 0.163542 0.245370
