1 0.113542 0.514815 0.064583 0.111111
6 0.082292 0.631481 0.098958 0.081481
0 0.266146 0.493519 0.060417 0.100000
3 0.235417 0.659259 0.029167 0.044444
0 0.385417 0.480556 0.053125 0.103704
3 0.315365 0.681481 0.027604 0.033333
1 0.426042 0.494444 0.032292 0.074074
0 0.597396 0.484259 0.042708 0.075926
0 0.689063 0.508333 0.039583 0.064815
0 0.788542 0.535185 0.043750 0.092593
1 0.738021 0.580556 0.058333 0.125926
5 0.734896 0.740741 0.088542 0.055556
8 0.132552 0.569444 0.119271 0.196296
8 0.265104 0.563426 0.112500 0.232407
8 0.391927 0.565278 0.148438 0.262037
8 0.440885 0.537037 0.061979 0.159259
8 0.590365 0.538889 0.097396 0.172222
8 0.680990 0.555556 0.083854 0.150000
8 0.729167 0.631944 0.138542 0.223148
8 0.794271 0.574074 0.064583 0.157407
