1 0.112500 0.414352 0.028125 0.050926
1 0.163542 0.382407 0.023958 0.044444
1 0.207813 0.433333 0.031250 0.061111
4 0.192188 0.488426 0.031250 0.025000
1 0.257292 0.406019 0.023958 0.049074
1 0.241667 0.358333 0.019792 0.037037
1 0.306771 0.343519 0.017708 0.037037
0 0.327865 0.442130 0.029687 0.065741
0 0.404167 0.450463 0.027083 0.050926
1 0.364063 0.443056 0.026042 0.060185
0 0.401302 0.396759 0.022396 0.045370
0 0.447917 0.392130 0.018750 0.037963
0 0.416406 0.353704 0.019271 0.037037
0 0.442188 0.330556 0.017708 0.035185
0 0.491146 0.380556 0.017708 0.040741
1 0.474479 0.335185 0.014583 0.033333
0 0.510938 0.443519 0.028125 0.057407
0 0.519792 0.397685 0.018750 0.043519
0 0.574219 0.392593 0.023438 0.046296
0 0.584896 0.480556 0.029167 0.064815
0 0.534115 0.356019 0.018229 0.034259
1 0.505729 0.341667 0.016667 0.038889
0 0.538542 0.331019 0.012500 0.025000
0 0.601823 0.319907 0.014063 0.032407
2 0.664844 0.443056 0.031771 0.062037
0 0.640365 0.441667 0.019271 0.048148
2 0.654167 0.372685 0.020833 0.043519
0 0.618490 0.366204 0.017188 0.036111
0 0.718490 0.331019 0.011979 0.028704
1 0.775521 0.352315 0.017708 0.036111
1 0.733073 0.355556 0.018229 0.037037
0 0.754167 0.366667 0.014583 0.033333
1 0.806771 0.374537 0.019792 0.041667
1 0.853906 0.354167 0.017188 0.041667
1 0.832292 0.380556 0.018750 0.038889
1 0.832292 0.431019 0.023958 0.052778
1 0.879167 0.455556 0.022917 0.059259
0 0.922917 0.452778 0.032292 0.064815
1 0.959115 0.426852 0.022396 0.048148
0 0.987500 0.480093 0.025000 0.076852
8 0.916667 0.492130 0.077083 0.152778
8 0.863542 0.475463 0.056250 0.106481
8 0.820573 0.397685 0.041146 0.069444
8 0.847917 0.359722 0.035417 0.056481
8 0.752865 0.380556 0.033854 0.062963
8 0.730469 0.367593 0.032813 0.055556
8 0.776823 0.355556 0.030729 0.051852
8 0.667188 0.481019 0.071875 0.141667
8 0.587240 0.499537 0.059896 0.093519
8 0.514844 0.480556 0.065104 0.129630
8 0.579167 0.416667 0.060417 0.100000
8 0.659896 0.386111 0.040625 0.068519
8 0.597396 0.330556 0.027083 0.057407
8 0.489063 0.392130 0.035417 0.067593
8 0.540365 0.381019 0.033854 0.080556
8 0.412240 0.480556 0.088021 0.129630
8 0.316667 0.474074 0.083333 0.131481
8 0.451042 0.417593 0.041667 0.094444
8 0.442188 0.343056 0.033333 0.058333
8 0.475000 0.335648 0.031250 0.043519
8 0.210938 0.456019 0.059375 0.097222
8 0.266667 0.426852 0.050000 0.088889
9 0.115365 0.422685 0.052604 0.069444
9 0.166667 0.383333 0.044792 0.055556
8 0.311719 0.347685 0.035937 0.056481
8 0.610417 0.378241 0.035417 0.062037
9 0.367188 0.460185 0.048958 0.094444
5 0.163542 0.542593 0.035417 0.022222
9 0.814844 0.443519 0.059896 0.079630
8 0.957292 0.435185 0.035417 0.081481
8 0.796615 0.380556 0.045312 0.053704
8 0.713021 0.347222 0.030208 0.068519
5 0.268490 0.459722 0.025521 0.019444
