8 0.068490 0.245833 0.089063 0.126852
8 0.055208 0.184722 0.077083 0.099074
8 0.091146 0.166667 0.060417 0.105556
8 0.135417 0.144907 0.050000 0.073148
8 0.164323 0.337037 0.099479 0.181481
8 0.278385 0.355556 0.116146 0.159259
9 0.211198 0.318056 0.065104 0.123148
9 0.321615 0.306944 0.101562 0.141667
9 0.249740 0.257407 0.067187 0.094444
8 0.344792 0.250000 0.060417 0.133333
8 0.306771 0.180556 0.042708 0.085185
9 0.399740 0.221296 0.060937 0.088889
8 0.338021 0.143056 0.052083 0.097222
8 0.380990 0.141667 0.042188 0.068519
8 0.421094 0.157407 0.051562 0.087037
8 0.474740 0.157870 0.039062 0.099074
8 0.468750 0.218519 0.062500 0.129630
8 0.446615 0.268981 0.074479 0.119444
8 0.523438 0.185648 0.051042 0.108333
8 0.627865 0.228704 0.057813 0.105556
9 0.571615 0.176389 0.053646 0.069444
9 0.567969 0.212500 0.045312 0.067593
8 0.444792 0.355093 0.101042 0.176852
8 0.538542 0.356019 0.096875 0.178704
8 0.646615 0.369444 0.136979 0.174074
8 0.607292 0.330556 0.071875 0.129630
9 0.515365 0.281481 0.053646 0.101852
5 0.259115 0.426852 0.069271 0.035185
5 0.513542 0.443056 0.037500 0.032407
9 0.710938 0.176852 0.037500 0.051852
9 0.734115 0.193519 0.054688 0.077778
8 0.767448 0.215741 0.050521 0.092593
8 0.816146 0.218981 0.050000 0.080556
8 0.888021 0.200463 0.053125 0.075000
8 0.839844 0.303704 0.073438 0.114815
8 0.894792 0.354630 0.096875 0.137037
8 0.962500 0.367130 0.075000 0.206481
1 0.058594 0.222222 0.039062 0.075926
1 0.046615 0.168056 0.032813 0.063889
1 0.076563 0.148611 0.030208 0.067593
1 0.126562 0.139352 0.023958 0.060185
2 0.345573 0.119444 0.027604 0.050000
1 0.301563 0.170370 0.028125 0.059259
1 0.266146 0.253704 0.036458 0.077778
1 0.274740 0.203241 0.029687 0.065741
8 0.283073 0.211111 0.046354 0.083333
1 0.389844 0.212500 0.031771 0.069444
1 0.377865 0.131944 0.021354 0.049074
1 0.422917 0.145370 0.026042 0.059259
2 0.466667 0.132870 0.026042 0.050926
0 0.466667 0.189815 0.030208 0.070370
0 0.520312 0.160185 0.026042 0.055556
1 0.579688 0.179630 0.028125 0.057407
1 0.544792 0.152778 0.022917 0.051852
1 0.526042 0.268981 0.035417 0.080556
1 0.452344 0.317593 0.039062 0.094444
1 0.268490 0.325000 0.046354 0.094444
1 0.294792 0.298148 0.041667 0.092593
0 0.159896 0.294444 0.044792 0.101852
0 0.340365 0.214815 0.033854 0.070370
0 0.440885 0.245833 0.032813 0.073148
0 0.624740 0.205556 0.025521 0.062963
0 0.544792 0.316204 0.040625 0.095370
1 0.566667 0.207407 0.023958 0.055556
1 0.623437 0.308333 0.034375 0.081481
9 0.597135 0.290278 0.068229 0.097222
1 0.648438 0.337037 0.047917 0.105556
4 0.654167 0.429167 0.055208 0.045370
1 0.717448 0.171759 0.021354 0.043519
1 0.746615 0.182870 0.025521 0.052778
1 0.793490 0.191204 0.026562 0.054630
1 0.769792 0.195370 0.025000 0.053704
0 0.821615 0.205556 0.026562 0.055556
1 0.899740 0.189352 0.026562 0.052778
1 0.860938 0.283333 0.032292 0.075926
1 0.901823 0.269907 0.038021 0.075000
6 0.845313 0.339815 0.048958 0.035185
1 0.919010 0.329167 0.041146 0.084259
0 0.986198 0.309259 0.027604 0.094444
5 0.979167 0.468056 0.038542 0.030556
