1 0.057813 0.607407 0.057292 0.111111
3 0.015365 0.666667 0.029687 0.029630
1 0.163542 0.605556 0.060417 0.122222
6 0.135417 0.745370 0.081250 0.061111
1 0.292969 0.550000 0.048438 0.081481
6 0.279167 0.643519 0.075000 0.059259
1 0.377865 0.593519 0.064062 0.129630
3 0.314063 0.761111 0.037500 0.044444
6 0.375521 0.743519 0.083333 0.083333
1 0.473438 0.518981 0.037500 0.080556
4 0.469792 0.616667 0.036458 0.040741
1 0.676042 0.525000 0.055208 0.131481
1 0.734115 0.480556 0.045312 0.100000
2 0.821615 0.511111 0.076563 0.131481
6 0.835938 0.680556 0.087500 0.133333
1 0.966146 0.505556 0.060417 0.138889
8 0.074740 0.654630 0.118229 0.211111
8 0.172396 0.665278 0.141667 0.230556
8 0.301563 0.579167 0.094792 0.143519
8 0.397656 0.648148 0.157812 0.233333
8 0.479167 0.556944 0.101042 0.162037
8 0.673177 0.598148 0.139063 0.277778
8 0.743490 0.507870 0.077604 0.152778
8 0.822396 0.584722 0.167708 0.297222
8 0.949740 0.565741 0.100521 0.264815
