1 0.154688 0.655556 0.041667 0.074074
4 0.128646 0.718519 0.047917 0.040741
1 0.226042 0.638889 0.039583 0.085185
7 0.304688 0.693519 0.050000 0.077778
1 0.405469 0.618519 0.039062 0.096296
6 0.372917 0.718519 0.076042 0.053704
0 0.566667 0.643519 0.040625 0.075926
4 0.566667 0.717593 0.041667 0.050000
7 0.772917 0.678704 0.060417 0.094444
0 0.851042 0.680556 0.064583 0.120370
1 0.688542 0.680556 0.059375 0.137037
4 0.693490 0.829630 0.057813 0.074074
3 0.857292 0.855556 0.055208 0.035185
9 0.152865 0.680556 0.093229 0.118519
8 0.404948 0.659259 0.098437 0.168519
8 0.685417 0.741667 0.156250 0.248148
8 0.557813 0.717593 0.097917 0.222222
8 0.862500 0.741667 0.150000 0.240741
9 0.232813 0.668056 0.098958 0.132407
9 0.314323 0.694907 0.086979 0.078704
9 0.763542 0.662963 0.090625 0.125926
