7 0.085417 0.729630 0.072917 0.096296
3 0.046615 0.850926 0.048438 0.044444
0 0.242188 0.655556 0.056250 0.111111
5 0.185938 0.841667 0.113542 0.053704
0 0.234375 0.577778 0.040625 0.055556
0 0.348438 0.579630 0.037500 0.077778
3 0.326562 0.712963 0.019792 0.022222
5 0.355469 0.712963 0.032813 0.025926
0 0.484115 0.570370 0.039062 0.074074
0 0.594271 0.570833 0.045833 0.080556
1 0.527865 0.680556 0.054688 0.118519
3 0.610938 0.707407 0.029167 0.025926
0 0.701042 0.603704 0.050000 0.111111
0 0.696875 0.823148 0.034375 0.042593
1 0.839063 0.677778 0.050000 0.111111
5 0.889062 0.827778 0.100000 0.048148
4 0.537240 0.806481 0.054688 0.072222
9 0.104688 0.738889 0.138542 0.198148
8 0.236458 0.720370 0.125000 0.222222
8 0.247917 0.627315 0.087500 0.147222
8 0.345313 0.624537 0.080208 0.152778
8 0.483333 0.619907 0.107292 0.167593
8 0.532292 0.734259 0.135417 0.194444
8 0.599740 0.618519 0.080729 0.161111
8 0.708594 0.682407 0.125521 0.264815
8 0.854688 0.722685 0.122917 0.180556
