8 0.063542 0.244444 0.085417 0.122222
8 0.055990 0.186574 0.078646 0.106481
8 0.091146 0.168056 0.058333 0.102778
8 0.137240 0.147222 0.048438 0.074074
8 0.161719 0.334259 0.102604 0.181481
8 0.277344 0.355556 0.116146 0.159259
9 0.211719 0.320370 0.064062 0.114815
9 0.321615 0.310185 0.096354 0.144444
9 0.249740 0.255093 0.070312 0.110185
8 0.345573 0.251389 0.058854 0.136111
8 0.305469 0.181944 0.043229 0.080556
9 0.399219 0.223611 0.059896 0.091667
8 0.338542 0.143056 0.051042 0.100926
8 0.379688 0.143056 0.042708 0.065741
8 0.419271 0.158333 0.053125 0.085185
8 0.474740 0.158333 0.040104 0.103704
8 0.471615 0.219907 0.061979 0.130556
8 0.447917 0.268056 0.076042 0.126852
8 0.524219 0.182407 0.049479 0.107407
8 0.627865 0.228704 0.057813 0.105556
9 0.568490 0.173148 0.054688 0.066667
9 0.567969 0.211574 0.047396 0.069444
8 0.446094 0.343056 0.098437 0.191667
8 0.538542 0.356019 0.096875 0.178704
8 0.646094 0.373148 0.141146 0.168519
8 0.605990 0.331019 0.070312 0.130556
9 0.517969 0.278704 0.051562 0.109259
5 0.259115 0.426852 0.069271 0.035185
5 0.513542 0.443056 0.037500 0.032407
9 0.710417 0.176389 0.036458 0.052778
9 0.735417 0.191204 0.061458 0.080556
8 0.768750 0.214815 0.050000 0.088889
8 0.815365 0.219444 0.050521 0.081481
8 0.882292 0.192130 0.050000 0.087963
8 0.838021 0.305556 0.079167 0.112963
8 0.887240 0.335185 0.085938 0.168519
8 0.961198 0.368519 0.077604 0.200000
9 0.597917 0.291204 0.066667 0.095370
1 0.064844 0.223611 0.033854 0.069444
1 0.044792 0.168056 0.033333 0.065741
1 0.076563 0.150000 0.028125 0.068519
1 0.127865 0.141204 0.024479 0.056481
0 0.340885 0.118056 0.024479 0.050926
1 0.377865 0.134722 0.020313 0.049074
1 0.303646 0.172222 0.026042 0.061111
0 0.342969 0.218519 0.032813 0.066667
1 0.262500 0.243056 0.034375 0.076852
1 0.201823 0.305556 0.036979 0.077778
1 0.296094 0.293056 0.040104 0.086111
1 0.269271 0.320833 0.045833 0.091667
0 0.163021 0.293056 0.042708 0.097222
1 0.422396 0.145370 0.022917 0.057407
1 0.390365 0.216204 0.031771 0.065741
0 0.440365 0.243519 0.033854 0.075926
0 0.454167 0.293519 0.039583 0.079630
2 0.466667 0.132870 0.025000 0.050926
0 0.521615 0.156481 0.025521 0.055556
0 0.466146 0.184722 0.029167 0.056481
1 0.527865 0.265741 0.030729 0.081481
0 0.543490 0.312963 0.041146 0.094444
1 0.544792 0.155093 0.023958 0.050926
1 0.582292 0.180093 0.027083 0.054630
1 0.566667 0.206019 0.025000 0.056481
0 0.624740 0.205556 0.025521 0.059259
1 0.624740 0.308333 0.032813 0.081481
1 0.651563 0.341667 0.048958 0.105556
4 0.654167 0.430556 0.055208 0.048148
1 0.717969 0.173611 0.020313 0.043519
2 0.752865 0.177778 0.026562 0.053704
1 0.777865 0.193519 0.023438 0.050000
1 0.794792 0.186111 0.022917 0.055556
1 0.823438 0.206481 0.023958 0.051852
1 0.893750 0.174074 0.025000 0.055556
1 0.862240 0.285185 0.029687 0.068519
0 0.890365 0.291204 0.040104 0.075000
1 0.915365 0.281019 0.029687 0.076852
1 0.985417 0.329167 0.029167 0.102778
5 0.979427 0.468519 0.040104 0.029630
