8 0.069271 0.247222 0.087500 0.131481
8 0.135417 0.143056 0.055208 0.080556
8 0.091146 0.165741 0.055208 0.111111
8 0.380990 0.138889 0.042188 0.074074
8 0.330469 0.147222 0.042188 0.081481
8 0.307292 0.177315 0.039583 0.097222
8 0.341667 0.251389 0.058333 0.137963
9 0.396615 0.226852 0.063021 0.087037
8 0.419792 0.156019 0.056250 0.082407
8 0.476042 0.218056 0.042708 0.115741
8 0.451042 0.260648 0.084375 0.143519
8 0.522396 0.255556 0.058333 0.140741
8 0.569792 0.205556 0.047917 0.083333
8 0.644792 0.228241 0.058333 0.110185
8 0.599740 0.280556 0.055729 0.094444
8 0.647917 0.355556 0.112500 0.194444
8 0.546615 0.355556 0.097396 0.179630
8 0.444271 0.353241 0.092708 0.184259
9 0.263542 0.368056 0.117708 0.132407
8 0.313021 0.309722 0.086458 0.143519
8 0.142969 0.336574 0.132812 0.180556
8 0.214844 0.303704 0.067187 0.137037
8 0.265365 0.243519 0.067187 0.135185
9 0.707292 0.173611 0.038542 0.056481
9 0.733594 0.193056 0.056771 0.082407
8 0.792188 0.181019 0.040625 0.080556
8 0.763542 0.218519 0.055208 0.092593
8 0.816667 0.218519 0.055208 0.090741
8 0.884896 0.188889 0.042708 0.085185
8 0.832292 0.293981 0.075000 0.130556
9 0.909115 0.355093 0.082812 0.128704
8 0.963021 0.380556 0.073958 0.192593
8 0.032813 0.155556 0.055208 0.079630
8 0.544792 0.148148 0.040625 0.081481
5 0.399740 0.430556 0.060937 0.031481
5 0.513542 0.443056 0.037500 0.032407
8 0.518490 0.181019 0.046354 0.099074
8 0.867969 0.243519 0.039062 0.096296
9 0.971615 0.293056 0.056771 0.095370
1 0.065625 0.221759 0.031250 0.069444
2 0.038542 0.144907 0.030208 0.056481
1 0.077865 0.141667 0.029687 0.062963
1 0.128906 0.136111 0.023438 0.055556
2 0.332031 0.135185 0.026562 0.051852
2 0.379948 0.127778 0.021354 0.050000
0 0.301563 0.156019 0.027083 0.052778
1 0.421094 0.144907 0.024479 0.056481
1 0.389323 0.218519 0.031771 0.066667
0 0.338542 0.210648 0.030208 0.056481
0 0.270573 0.208333 0.033854 0.068519
1 0.317188 0.305556 0.037500 0.072222
1 0.215365 0.279630 0.039062 0.087037
0 0.161719 0.295833 0.044271 0.095370
1 0.243490 0.356019 0.048438 0.093519
0 0.461719 0.118056 0.020313 0.047222
0 0.476042 0.136111 0.020833 0.044444
0 0.470313 0.192593 0.028125 0.055556
0 0.449219 0.228704 0.033854 0.072222
2 0.452865 0.305556 0.044271 0.088889
0 0.524219 0.229630 0.032813 0.077778
0 0.517448 0.164815 0.024479 0.051852
0 0.551042 0.130556 0.020833 0.050000
0 0.569792 0.192130 0.023958 0.049074
2 0.554167 0.312037 0.048958 0.094444
1 0.610417 0.269444 0.034375 0.075926
0 0.647917 0.205556 0.029167 0.062963
0 0.644792 0.305556 0.046875 0.096296
1 0.716146 0.168519 0.020833 0.042593
1 0.746615 0.179630 0.026562 0.053704
0 0.769792 0.194907 0.023958 0.043519
1 0.785417 0.168056 0.023958 0.052778
0 0.823438 0.200463 0.023958 0.050926
1 0.892188 0.168056 0.025000 0.050926
1 0.860938 0.229630 0.023958 0.059259
0 0.844271 0.261111 0.029167 0.055556
0 0.908594 0.268519 0.041146 0.064815
8 0.902865 0.293056 0.052604 0.108333
1 0.930469 0.331019 0.042188 0.082407
1 0.986198 0.286111 0.027604 0.068519
