7 0.113021 0.755556 0.067708 0.111111
3 0.057813 0.830556 0.036458 0.037037
0 0.232292 0.598148 0.044792 0.092593
4 0.207292 0.680556 0.038542 0.044444
7 0.241146 0.741667 0.072917 0.116667
1 0.351042 0.599074 0.050000 0.094444
4 0.338542 0.685185 0.041667 0.055556
1 0.523438 0.624074 0.043750 0.081481
3 0.527865 0.705556 0.035937 0.033333
1 0.634896 0.611111 0.047917 0.081481
6 0.632292 0.698148 0.070833 0.055556
0 0.754167 0.604630 0.060417 0.116667
3 0.753646 0.826852 0.037500 0.038889
0 0.872396 0.626852 0.057292 0.109259
5 0.939063 0.848148 0.112500 0.066667
8 0.239844 0.617130 0.099479 0.119444
8 0.351562 0.639815 0.100000 0.159259
8 0.515625 0.640278 0.093750 0.137963
8 0.624740 0.642130 0.103646 0.154630
8 0.730469 0.683796 0.177604 0.275000
8 0.880208 0.695833 0.132292 0.258333
9 0.109115 0.730556 0.166146 0.179630
9 0.260677 0.745833 0.138021 0.210185
