7 0.113542 0.754630 0.062500 0.109259
3 0.060417 0.835185 0.029167 0.044444
1 0.235417 0.605556 0.043750 0.081481
4 0.210938 0.680556 0.043750 0.046296
1 0.350521 0.595833 0.041667 0.093519
4 0.340365 0.687037 0.035937 0.055556
7 0.243490 0.743519 0.067187 0.118519
1 0.523438 0.627778 0.041667 0.085185
3 0.526563 0.701852 0.035417 0.025926
1 0.637240 0.607407 0.045312 0.088889
6 0.630990 0.693519 0.070312 0.053704
0 0.755469 0.604630 0.057813 0.109259
3 0.754167 0.820833 0.033333 0.043519
0 0.874740 0.619444 0.060937 0.098148
5 0.938542 0.843519 0.115625 0.061111
9 0.109115 0.732870 0.170313 0.189815
9 0.256250 0.744444 0.145833 0.201852
8 0.228385 0.626852 0.086979 0.124074
8 0.354687 0.623611 0.087500 0.178704
8 0.519792 0.639815 0.110417 0.146296
8 0.624740 0.634259 0.101562 0.131481
8 0.736719 0.687500 0.170313 0.275000
8 0.876042 0.694907 0.129167 0.243519
