7 0.086458 0.764815 0.081250 0.122222
3 0.050521 0.902778 0.054167 0.035185
0 0.257292 0.696296 0.050000 0.111111
0 0.244271 0.630556 0.046875 0.064815
5 0.188021 0.894444 0.115625 0.074074
0 0.348438 0.621296 0.043750 0.072222
3 0.326042 0.755556 0.025000 0.027778
5 0.358594 0.756481 0.032813 0.024074
0 0.477865 0.618519 0.039062 0.077778
0 0.600521 0.616667 0.043750 0.085185
3 0.613021 0.744444 0.025000 0.033333
1 0.527865 0.725926 0.060937 0.118519
4 0.532292 0.854630 0.044792 0.057407
0 0.704167 0.652778 0.057292 0.105556
3 0.698438 0.860185 0.030208 0.042593
1 0.838542 0.719444 0.065625 0.105556
5 0.894271 0.864815 0.095833 0.059259
9 0.110937 0.787037 0.152083 0.201852
8 0.254688 0.757407 0.129167 0.227778
8 0.252344 0.678704 0.082812 0.148148
8 0.346875 0.676852 0.082292 0.162963
8 0.489063 0.665741 0.075000 0.162963
8 0.530990 0.775926 0.142187 0.205556
8 0.601042 0.663889 0.083333 0.164815
8 0.710417 0.730556 0.122917 0.257407
8 0.857292 0.765278 0.127083 0.178704
