0 0.058594 0.593519 0.067187 0.107407
0 0.160938 0.570370 0.062500 0.111111
6 0.154167 0.755556 0.096875 0.070370
1 0.294271 0.547222 0.045833 0.081481
6 0.282292 0.642593 0.068750 0.044444
0 0.388021 0.578704 0.058333 0.111111
0 0.480990 0.513889 0.032813 0.072222
4 0.372917 0.720833 0.063542 0.056481
5 0.367188 0.768519 0.058333 0.025926
4 0.476042 0.615741 0.031250 0.046296
0 0.636979 0.495370 0.034375 0.074074
0 0.721354 0.450000 0.035417 0.079630
1 0.835938 0.455556 0.053125 0.096296
0 0.947396 0.472222 0.064583 0.131481
4 0.860938 0.568519 0.045833 0.040741
1 0.669792 0.527778 0.055208 0.125926
0 0.769792 0.499074 0.069792 0.131481
6 0.826042 0.707407 0.073958 0.088889
8 0.077344 0.653704 0.102604 0.214815
8 0.183073 0.643056 0.134896 0.241667
8 0.304688 0.585648 0.092708 0.143519
8 0.393490 0.636574 0.153646 0.230556
8 0.487240 0.558333 0.093229 0.161111
8 0.632292 0.531481 0.044792 0.140741
8 0.716667 0.491204 0.045833 0.152778
8 0.663542 0.600463 0.118750 0.265741
8 0.792969 0.581019 0.143229 0.289815
8 0.844271 0.503241 0.086458 0.169444
8 0.931250 0.566204 0.137500 0.280556
