7 0.116667 0.756481 0.066667 0.114815
3 0.057292 0.830556 0.030208 0.042593
1 0.229167 0.605556 0.050000 0.081481
4 0.212240 0.680556 0.035937 0.037037
1 0.347917 0.601852 0.051042 0.088889
4 0.338542 0.684722 0.034375 0.056481
7 0.244792 0.740741 0.062500 0.111111
1 0.525000 0.626852 0.043750 0.087037
3 0.527865 0.693519 0.029687 0.037037
1 0.627865 0.618519 0.045312 0.081481
6 0.621094 0.700926 0.057813 0.050000
0 0.753646 0.594907 0.056250 0.106481
3 0.751563 0.822685 0.029167 0.054630
0 0.874740 0.621759 0.048438 0.106481
5 0.939844 0.842593 0.120313 0.062963
9 0.109115 0.730093 0.161979 0.191667
9 0.257552 0.744907 0.147396 0.204630
8 0.233073 0.630556 0.099479 0.133333
8 0.354687 0.637963 0.093750 0.155556
8 0.518490 0.645833 0.107813 0.130556
8 0.630990 0.647222 0.108854 0.131481
8 0.736719 0.691667 0.179688 0.279630
8 0.876563 0.701852 0.118750 0.253704
