0 0.146094 0.499074 0.057813 0.105556
5 0.090365 0.649074 0.110937 0.055556
0 0.256771 0.512037 0.065625 0.109259
4 0.204687 0.652778 0.043750 0.057407
0 0.388021 0.489815 0.050000 0.101852
3 0.318490 0.680556 0.034896 0.037037
0 0.439063 0.488889 0.035417 0.074074
0 0.600521 0.484259 0.041667 0.081481
0 0.688542 0.518519 0.042708 0.066667
0 0.815625 0.536111 0.043750 0.081481
0 0.779167 0.581481 0.058333 0.103704
5 0.742969 0.743519 0.101562 0.050000
8 0.154688 0.557870 0.110417 0.208333
8 0.249740 0.568056 0.128646 0.213889
8 0.386198 0.568981 0.118229 0.250926
8 0.448958 0.532407 0.066667 0.151852
8 0.596875 0.538889 0.100000 0.172222
8 0.687240 0.558796 0.081771 0.147222
8 0.738802 0.639815 0.149479 0.216667
8 0.816146 0.581481 0.048958 0.155556
