7 0.117969 0.754630 0.076563 0.105556
3 0.059115 0.830556 0.034896 0.042593
1 0.235417 0.605556 0.041667 0.088889
4 0.212240 0.684259 0.036979 0.031481
7 0.247396 0.731481 0.065625 0.114815
1 0.348438 0.603704 0.046875 0.088889
4 0.338542 0.689815 0.037500 0.061111
1 0.523438 0.624074 0.043750 0.081481
3 0.528646 0.705556 0.037500 0.022222
1 0.627344 0.615741 0.042188 0.087037
6 0.624740 0.703704 0.064062 0.059259
0 0.754167 0.594444 0.059375 0.111111
3 0.752865 0.822222 0.035937 0.044444
0 0.872917 0.618519 0.056250 0.107407
5 0.941667 0.843519 0.113542 0.057407
9 0.109115 0.731019 0.166146 0.176852
9 0.255208 0.745370 0.155208 0.201852
8 0.228385 0.635185 0.102604 0.142593
8 0.352083 0.637500 0.095833 0.160185
8 0.516146 0.643519 0.094792 0.122222
8 0.627865 0.639352 0.109896 0.139815
8 0.729167 0.681481 0.173958 0.281481
8 0.876823 0.703704 0.121354 0.248148
