1 0.151042 0.648611 0.039583 0.071296
4 0.127344 0.716667 0.042188 0.037037
1 0.217188 0.625463 0.042708 0.080556
4 0.213542 0.719444 0.040625 0.037037
0 0.299740 0.617593 0.042188 0.083333
4 0.304688 0.730556 0.034375 0.033333
1 0.398438 0.618519 0.043750 0.083333
6 0.372396 0.728704 0.072917 0.042593
0 0.572396 0.629630 0.035417 0.074074
3 0.569792 0.725926 0.025000 0.037037
2 0.668490 0.635648 0.067187 0.119444
4 0.617188 0.731481 0.050000 0.057407
1 0.759115 0.631481 0.048438 0.083333
2 0.850521 0.688426 0.066667 0.130556
3 0.860417 0.862963 0.059375 0.037037
9 0.152865 0.680093 0.099479 0.117593
8 0.229167 0.668056 0.094792 0.156481
8 0.315365 0.655556 0.097396 0.157407
8 0.401042 0.666667 0.092708 0.162963
8 0.569792 0.710648 0.077083 0.228704
8 0.669271 0.708333 0.127083 0.262963
8 0.757292 0.656019 0.089583 0.132407
8 0.859896 0.743056 0.136458 0.219444
