8 0.067969 0.243056 0.088021 0.121296
8 0.115365 0.160648 0.054688 0.104630
8 0.376563 0.139352 0.042708 0.065741
8 0.306771 0.172222 0.039583 0.094444
8 0.277344 0.240741 0.070312 0.118519
8 0.344792 0.249537 0.048958 0.143519
8 0.275000 0.349074 0.109375 0.168519
8 0.163021 0.338889 0.096875 0.185185
8 0.422917 0.155556 0.047917 0.085185
8 0.397917 0.218056 0.063542 0.108333
9 0.449219 0.268519 0.073438 0.125926
8 0.446615 0.344907 0.101562 0.186111
5 0.514844 0.443056 0.040104 0.037963
9 0.571094 0.207407 0.050521 0.070370
8 0.542188 0.361574 0.104167 0.167593
8 0.629167 0.225000 0.055208 0.105556
8 0.646615 0.368981 0.132812 0.171296
9 0.710938 0.177778 0.037500 0.053704
9 0.732292 0.193056 0.055208 0.073148
8 0.763542 0.215741 0.047917 0.092593
8 0.815365 0.218519 0.053646 0.088889
8 0.884115 0.189815 0.042188 0.088889
8 0.840365 0.301852 0.074479 0.114815
8 0.897917 0.336574 0.076042 0.158333
8 0.034115 0.159259 0.043229 0.081481
8 0.335938 0.142593 0.050000 0.094444
8 0.477865 0.222685 0.054688 0.125000
8 0.213542 0.303241 0.078125 0.147222
8 0.524219 0.184259 0.049479 0.100000
5 0.255990 0.418519 0.073438 0.033333
8 0.322917 0.305093 0.080208 0.149074
8 0.960417 0.369907 0.079167 0.202778
1 0.063542 0.227778 0.033333 0.074074
2 0.040365 0.150926 0.025521 0.055556
2 0.114844 0.141667 0.029687 0.062963
1 0.071094 0.132870 0.026562 0.052778
9 0.077865 0.144907 0.046354 0.075000
0 0.341667 0.123148 0.022917 0.055556
1 0.300521 0.156019 0.023958 0.060185
2 0.364063 0.132870 0.018750 0.052778
0 0.335938 0.208796 0.028125 0.060185
0 0.288542 0.219444 0.035417 0.072222
1 0.318490 0.277778 0.039062 0.088889
1 0.265625 0.318056 0.040625 0.093519
1 0.194792 0.279630 0.038542 0.092593
0 0.156771 0.293519 0.043750 0.092593
1 0.421615 0.144444 0.023438 0.059259
0 0.397396 0.197222 0.029167 0.061111
0 0.464844 0.128241 0.022396 0.039815
0 0.429167 0.107870 0.020833 0.045370
1 0.463542 0.196759 0.027083 0.069444
0 0.442969 0.243981 0.031771 0.075000
0 0.454948 0.293519 0.038021 0.083333
1 0.522917 0.168056 0.023958 0.060185
1 0.573438 0.200000 0.022917 0.055556
1 0.557292 0.143519 0.020833 0.053704
8 0.557292 0.163889 0.044792 0.088889
1 0.529167 0.279630 0.032292 0.079630
9 0.530990 0.284259 0.056771 0.094444
0 0.626563 0.205556 0.026042 0.061111
1 0.571615 0.330556 0.039062 0.103704
1 0.612240 0.278241 0.032813 0.067593
1 0.622396 0.311111 0.034375 0.081481
1 0.651042 0.336574 0.046875 0.106481
4 0.654167 0.430556 0.052083 0.046296
1 0.717448 0.173611 0.018229 0.043519
1 0.746615 0.186574 0.024479 0.052778
1 0.795573 0.191667 0.025521 0.055556
1 0.892188 0.169444 0.025000 0.051852
1 0.861719 0.279630 0.029687 0.070370
2 0.772917 0.193981 0.021875 0.050926
1 0.819792 0.203241 0.023958 0.050926
2 0.912240 0.294444 0.040104 0.072222
1 0.981771 0.322685 0.036458 0.106481
6 0.846875 0.342593 0.040625 0.027778
