0 0.138021 0.474074 0.058333 0.105556
5 0.089583 0.649074 0.120833 0.055556
0 0.254688 0.503704 0.051042 0.103704
4 0.206771 0.651852 0.044792 0.059259
0 0.388542 0.486111 0.051042 0.094444
3 0.322396 0.681481 0.031250 0.040741
0 0.439063 0.490741 0.035417 0.085185
7 0.602865 0.570370 0.054688 0.088889
7 0.707292 0.561111 0.046875 0.081481
7 0.810417 0.611111 0.054167 0.092593
7 0.757292 0.675926 0.064583 0.111111
9 0.601042 0.576389 0.106250 0.119444
9 0.701042 0.577778 0.091667 0.111111
9 0.815885 0.613426 0.100521 0.112037
9 0.743229 0.667130 0.163542 0.180556
8 0.136719 0.547222 0.142187 0.235185
8 0.249219 0.565278 0.127604 0.215741
8 0.386719 0.566204 0.121354 0.249074
8 0.452604 0.531019 0.064583 0.154630
