7 0.085938 0.743519 0.070833 0.116667
3 0.044792 0.846296 0.058333 0.050000
0 0.242188 0.659722 0.057292 0.119444
5 0.188021 0.841667 0.109375 0.053704
0 0.235417 0.580556 0.045833 0.051852
0 0.348438 0.579630 0.045833 0.070370
3 0.326042 0.709722 0.018750 0.019444
5 0.356250 0.707407 0.028125 0.027778
0 0.488021 0.573611 0.041667 0.069444
0 0.596875 0.566667 0.040625 0.077778
1 0.529687 0.695370 0.054167 0.120370
4 0.537240 0.809722 0.054688 0.056481
0 0.705990 0.611574 0.051562 0.099074
3 0.697396 0.819907 0.033333 0.043519
1 0.842187 0.683333 0.058333 0.109259
5 0.885938 0.827778 0.088542 0.051852
3 0.613021 0.706481 0.023958 0.025926
9 0.108594 0.736111 0.139063 0.203704
8 0.235417 0.718981 0.123958 0.221296
8 0.246615 0.626852 0.085938 0.138889
8 0.344792 0.623611 0.082292 0.165741
8 0.481771 0.625463 0.107292 0.169444
8 0.532813 0.732407 0.139583 0.194444
8 0.600000 0.618981 0.078125 0.165741
8 0.709896 0.691667 0.119792 0.253704
8 0.854427 0.721759 0.125521 0.191667
