1 0.114844 0.412500 0.026562 0.052778
1 0.208333 0.432870 0.031250 0.062037
1 0.166406 0.384259 0.024479 0.046296
0 0.256510 0.395370 0.024479 0.050000
0 0.335417 0.448611 0.032292 0.062037
1 0.242969 0.358796 0.019271 0.039815
1 0.305469 0.347222 0.020313 0.040741
0 0.404167 0.443519 0.028125 0.062963
0 0.510938 0.444907 0.031250 0.056481
0 0.399740 0.394444 0.025521 0.044444
0 0.452865 0.393056 0.022396 0.045370
0 0.491146 0.380556 0.020833 0.040741
0 0.416667 0.354630 0.019792 0.042593
1 0.443490 0.343519 0.016146 0.031481
1 0.476042 0.328241 0.016667 0.032407
1 0.505990 0.342130 0.015104 0.039815
0 0.540625 0.332407 0.015625 0.031481
0 0.522917 0.398148 0.021875 0.055556
0 0.574740 0.387037 0.023438 0.044444
2 0.598698 0.337500 0.018229 0.036111
0 0.617188 0.364815 0.017708 0.033333
0 0.652865 0.373148 0.021354 0.042593
1 0.629167 0.413889 0.023958 0.051852
0 0.642448 0.443519 0.021354 0.042593
0 0.663021 0.455556 0.032292 0.064815
0 0.717187 0.326389 0.016667 0.030556
1 0.734115 0.355556 0.020313 0.035185
0 0.754948 0.368056 0.015104 0.036111
1 0.776042 0.353704 0.017708 0.038889
1 0.806771 0.375463 0.021875 0.037963
1 0.852344 0.353241 0.018229 0.039815
1 0.829167 0.385185 0.018750 0.044444
1 0.818490 0.418056 0.021354 0.047222
0 0.860417 0.416204 0.020833 0.041667
1 0.878646 0.454167 0.026042 0.060185
0 0.923438 0.449074 0.035417 0.068519
1 0.958854 0.425926 0.023958 0.050000
0 0.991667 0.480556 0.016667 0.064815
8 0.921615 0.492130 0.082812 0.150926
8 0.863542 0.474537 0.054167 0.106481
8 0.813021 0.436111 0.045833 0.081481
8 0.754167 0.383333 0.036458 0.068519
8 0.713021 0.345833 0.028125 0.069444
8 0.849740 0.359722 0.036979 0.056481
8 0.667969 0.489352 0.068229 0.128704
0 0.584896 0.480556 0.033333 0.068519
8 0.585938 0.495833 0.065625 0.106481
8 0.513542 0.481019 0.067708 0.134259
8 0.581250 0.414352 0.059375 0.102778
8 0.624740 0.424537 0.035937 0.080556
8 0.660417 0.392593 0.043750 0.075926
8 0.612500 0.376852 0.037500 0.059259
8 0.492188 0.392593 0.041667 0.068519
8 0.544792 0.347685 0.029167 0.069444
8 0.411719 0.480556 0.088021 0.135185
8 0.421615 0.366667 0.031771 0.066667
8 0.474740 0.331944 0.030729 0.050926
8 0.455990 0.416667 0.042188 0.096296
1 0.361719 0.452315 0.026562 0.060185
8 0.319792 0.479630 0.090625 0.131481
8 0.210417 0.454167 0.067708 0.102778
9 0.117448 0.418519 0.052604 0.066667
8 0.168490 0.392130 0.048438 0.062037
8 0.263542 0.418056 0.051042 0.089815
8 0.309115 0.353241 0.036979 0.050926
5 0.163542 0.543519 0.040625 0.020370
5 0.268490 0.459259 0.023438 0.018519
8 0.596094 0.342130 0.028646 0.047222
1 0.534896 0.378704 0.018750 0.046296
8 0.634115 0.468056 0.039062 0.102778
8 0.530990 0.418519 0.042188 0.094444
4 0.398438 0.531019 0.023958 0.028704
9 0.368490 0.464352 0.044271 0.086111
8 0.730469 0.368056 0.033854 0.058333
8 0.776823 0.357870 0.028646 0.052778
8 0.852865 0.431019 0.034896 0.078704
8 0.957292 0.439352 0.033333 0.075000
8 0.796094 0.386111 0.043229 0.059259
