1 0.060417 0.605556 0.062500 0.111111
3 0.015104 0.668519 0.029167 0.037037
0 0.172917 0.593519 0.058333 0.118519
6 0.141667 0.755556 0.082292 0.066667
1 0.294792 0.550000 0.044792 0.081481
6 0.273438 0.643519 0.068750 0.055556
1 0.375000 0.587037 0.062500 0.131481
3 0.314063 0.755556 0.037500 0.044444
6 0.376563 0.740741 0.084375 0.081481
1 0.471875 0.518519 0.040625 0.090741
4 0.473438 0.618519 0.040625 0.048148
1 0.666146 0.524074 0.060417 0.131481
1 0.735938 0.480556 0.046875 0.090741
1 0.801042 0.527778 0.063542 0.144444
1 0.829688 0.448148 0.041667 0.081481
6 0.834896 0.684259 0.089583 0.131481
1 0.964063 0.505556 0.062500 0.144444
8 0.077865 0.657407 0.115104 0.209259
8 0.172396 0.665741 0.147917 0.238889
8 0.299219 0.581481 0.098437 0.144444
8 0.397656 0.653704 0.149479 0.235185
8 0.483333 0.558796 0.095833 0.162037
8 0.667969 0.600463 0.131771 0.276852
8 0.737240 0.489815 0.074479 0.122222
8 0.810937 0.596759 0.158333 0.265741
8 0.845313 0.480556 0.077083 0.131481
8 0.946094 0.577778 0.107813 0.270370
