8 0.069792 0.244444 0.089583 0.127778
8 0.056510 0.180093 0.078646 0.112037
8 0.136198 0.146296 0.050521 0.075926
8 0.329688 0.140741 0.041667 0.087037
8 0.379167 0.135185 0.041667 0.081481
8 0.419792 0.156019 0.054167 0.082407
8 0.476042 0.220833 0.055208 0.125000
8 0.523438 0.193056 0.050000 0.097222
9 0.574219 0.217130 0.050521 0.060185
8 0.630990 0.229167 0.053646 0.106481
8 0.644792 0.370370 0.139583 0.175926
8 0.607292 0.331019 0.072917 0.126852
9 0.596615 0.287500 0.065104 0.093519
8 0.538542 0.355556 0.094792 0.175926
8 0.445573 0.353241 0.100521 0.175000
8 0.447917 0.275926 0.073958 0.112963
9 0.398698 0.218981 0.059896 0.093519
8 0.315365 0.303241 0.073438 0.158333
8 0.347396 0.250000 0.065625 0.150000
8 0.274740 0.345833 0.108854 0.169444
8 0.217969 0.305556 0.071354 0.148148
8 0.163542 0.335648 0.095833 0.178704
9 0.710417 0.179630 0.037500 0.057407
9 0.731771 0.193519 0.052083 0.075926
8 0.764844 0.215741 0.048438 0.094444
8 0.809115 0.218056 0.043229 0.086111
8 0.888542 0.197222 0.052083 0.081481
8 0.838542 0.298148 0.070833 0.120370
8 0.896615 0.348148 0.100521 0.155556
9 0.091667 0.168056 0.058333 0.106481
5 0.515365 0.443519 0.038021 0.035185
5 0.257292 0.418519 0.073958 0.029630
1 0.059896 0.220370 0.036458 0.075926
1 0.044792 0.157870 0.032292 0.067593
1 0.077344 0.145833 0.027604 0.062037
1 0.128646 0.141667 0.022917 0.057407
1 0.327344 0.130093 0.021354 0.058333
1 0.301563 0.165278 0.025000 0.060185
2 0.375521 0.121759 0.020833 0.050926
1 0.422917 0.144907 0.023958 0.060185
1 0.391667 0.208333 0.030208 0.066667
1 0.329688 0.214352 0.031250 0.073148
1 0.299219 0.270370 0.039062 0.090741
1 0.270313 0.310648 0.042708 0.093519
1 0.202865 0.280556 0.039062 0.094444
0 0.164844 0.296759 0.042188 0.095370
1 0.439063 0.118519 0.020833 0.048148
8 0.442188 0.130556 0.029167 0.075926
2 0.468490 0.136111 0.024479 0.053704
1 0.464844 0.194907 0.028646 0.069444
1 0.526563 0.178241 0.026042 0.062037
1 0.546615 0.153704 0.022396 0.050000
1 0.577865 0.168981 0.025521 0.049074
9 0.569792 0.175463 0.054167 0.067593
1 0.577865 0.212037 0.023438 0.055556
1 0.441667 0.256019 0.034375 0.071296
1 0.452344 0.313889 0.039062 0.088889
1 0.527865 0.278704 0.030729 0.070370
0 0.544792 0.316667 0.042708 0.094444
1 0.624740 0.311574 0.035937 0.080556
1 0.649740 0.338426 0.048438 0.106481
0 0.624740 0.206019 0.025521 0.062037
4 0.654167 0.434259 0.051042 0.038889
1 0.716667 0.170833 0.018750 0.041667
1 0.744271 0.186574 0.023958 0.056481
2 0.771615 0.193519 0.024479 0.051852
0 0.807292 0.203241 0.025000 0.050926
1 0.900521 0.187500 0.025000 0.054630
1 0.854688 0.274537 0.030208 0.069444
6 0.846615 0.339815 0.044271 0.027778
1 0.919271 0.318056 0.040625 0.086111
1 0.976042 0.273611 0.030208 0.069444
8 0.964063 0.291667 0.059375 0.114815
5 0.979167 0.468056 0.038542 0.034259
1 0.261979 0.238426 0.035417 0.071296
