7 0.112500 0.755556 0.071875 0.122222
3 0.059115 0.832407 0.039062 0.040741
1 0.231250 0.605556 0.037500 0.088889
4 0.213542 0.688889 0.040625 0.037037
7 0.244792 0.737500 0.068750 0.119444
1 0.348438 0.601852 0.046875 0.100000
4 0.335938 0.685648 0.030208 0.054630
1 0.525521 0.624537 0.041667 0.080556
3 0.526563 0.700926 0.037500 0.024074
1 0.626042 0.617593 0.039583 0.083333
6 0.622917 0.693519 0.056250 0.048148
0 0.754167 0.598611 0.058333 0.108333
3 0.753646 0.821296 0.032292 0.048148
0 0.875000 0.621296 0.056250 0.111111
5 0.941146 0.846759 0.114583 0.069444
3 0.229167 0.842593 0.033333 0.033333
9 0.102865 0.737963 0.161979 0.187037
9 0.256510 0.743056 0.145313 0.208333
8 0.232292 0.631019 0.086458 0.150926
8 0.354167 0.636111 0.089583 0.162963
8 0.518490 0.644907 0.107813 0.121296
8 0.623437 0.646759 0.109375 0.126852
8 0.731771 0.687963 0.177083 0.270370
8 0.875521 0.696296 0.116667 0.246296
