0 0.220312 0.581481 0.058333 0.100000
3 0.139063 0.768519 0.037500 0.033333
1 0.280469 0.573148 0.039062 0.081481
4 0.278646 0.637963 0.035417 0.031481
1 0.322917 0.607407 0.063542 0.137037
4 0.294792 0.745370 0.061458 0.064815
1 0.398438 0.559259 0.043750 0.094444
4 0.388542 0.647222 0.042708 0.050000
1 0.567969 0.575926 0.035937 0.062963
1 0.600521 0.621296 0.050000 0.124074
4 0.597917 0.774074 0.067708 0.068519
0 0.738542 0.570370 0.060417 0.107407
2 0.865365 0.618519 0.070312 0.125926
5 0.908594 0.804630 0.142187 0.068519
8 0.279167 0.598148 0.050000 0.133333
8 0.408594 0.596759 0.086979 0.160185
8 0.559896 0.608796 0.083333 0.128704
8 0.787760 0.614815 0.063021 0.138889
8 0.212500 0.650000 0.123958 0.235185
8 0.315365 0.660185 0.145313 0.246296
8 0.595573 0.678704 0.141146 0.237037
8 0.735417 0.651852 0.139583 0.274074
8 0.860938 0.680093 0.135417 0.232407
