8 0.068490 0.243056 0.084896 0.130556
8 0.030990 0.155093 0.053646 0.078704
8 0.089063 0.166667 0.059375 0.114815
8 0.135417 0.143056 0.055208 0.086111
8 0.334896 0.147222 0.048958 0.094444
8 0.379688 0.135185 0.044792 0.081481
8 0.307292 0.175000 0.038542 0.094444
8 0.263542 0.256019 0.065625 0.126852
8 0.341667 0.252315 0.060417 0.141667
8 0.315365 0.313426 0.085938 0.136111
9 0.263542 0.368519 0.130208 0.131481
8 0.213542 0.301852 0.081250 0.146296
8 0.140365 0.341667 0.130729 0.187037
8 0.418750 0.155556 0.056250 0.085185
8 0.451042 0.131019 0.030208 0.082407
8 0.474740 0.218056 0.041146 0.115741
8 0.396615 0.219907 0.061979 0.093519
8 0.444792 0.264352 0.072917 0.136111
8 0.468490 0.362037 0.111979 0.155556
5 0.398438 0.431019 0.062500 0.034259
5 0.514844 0.443056 0.040104 0.037963
8 0.521615 0.186111 0.048438 0.105556
8 0.569792 0.204167 0.050000 0.084259
8 0.521615 0.256019 0.056771 0.139815
8 0.544792 0.347222 0.092708 0.194444
8 0.646615 0.230093 0.059896 0.117593
8 0.597917 0.280556 0.062500 0.100000
8 0.637240 0.371759 0.100521 0.143519
9 0.709115 0.179167 0.039062 0.058333
9 0.733594 0.193519 0.058854 0.079630
8 0.793490 0.180556 0.040104 0.077778
8 0.764844 0.218056 0.053646 0.097222
8 0.816146 0.218519 0.055208 0.096296
8 0.884896 0.189815 0.043750 0.090741
8 0.865365 0.245833 0.040104 0.093519
8 0.836198 0.293519 0.065104 0.127778
8 0.894792 0.293519 0.053125 0.109259
8 0.905990 0.343519 0.085938 0.153704
8 0.962500 0.381019 0.075000 0.191667
1 0.063542 0.227315 0.032292 0.073148
2 0.037240 0.143519 0.029687 0.059259
2 0.081250 0.142593 0.028125 0.062963
1 0.128646 0.130556 0.028125 0.055556
0 0.337240 0.130556 0.023438 0.053704
2 0.369792 0.126852 0.020833 0.051852
0 0.278646 0.181019 0.026042 0.054630
0 0.301823 0.157407 0.025521 0.055556
0 0.339323 0.210648 0.031771 0.056481
1 0.272917 0.231019 0.036458 0.080556
1 0.317969 0.301389 0.040104 0.087963
1 0.392448 0.211574 0.031771 0.069444
1 0.421615 0.143056 0.021354 0.058333
1 0.524740 0.230556 0.033854 0.081481
1 0.249740 0.351389 0.050521 0.099074
1 0.213542 0.273611 0.040625 0.093519
0 0.138542 0.294907 0.055208 0.095370
1 0.449740 0.238426 0.033854 0.075000
0 0.470313 0.193056 0.030208 0.060185
0 0.472917 0.131019 0.023958 0.045370
0 0.451042 0.118056 0.021875 0.050926
0 0.518490 0.161111 0.024479 0.055556
0 0.537240 0.135648 0.020313 0.043519
8 0.542969 0.153704 0.032813 0.079630
8 0.571615 0.190278 0.023438 0.052778
8 0.651823 0.206019 0.028646 0.067593
1 0.611719 0.268519 0.034896 0.075926
1 0.640365 0.350000 0.047396 0.094444
0 0.549740 0.305556 0.044271 0.100000
2 0.496094 0.335185 0.056771 0.094444
1 0.716667 0.169907 0.019792 0.043519
1 0.746615 0.181019 0.025521 0.054630
0 0.769792 0.193519 0.023958 0.050000
1 0.797396 0.168056 0.026042 0.050926
1 0.823698 0.202315 0.024479 0.054630
1 0.893750 0.168056 0.025000 0.050926
1 0.863542 0.231019 0.027083 0.056481
0 0.838021 0.266204 0.029167 0.063889
0 0.917188 0.306019 0.042708 0.082407
1 0.985938 0.283796 0.028125 0.069444
9 0.969792 0.303704 0.060417 0.107407
