1 0.148438 0.630556 0.046875 0.083333
4 0.138021 0.704630 0.050000 0.042593
0 0.235417 0.593519 0.043750 0.092593
4 0.213542 0.705556 0.051042 0.050000
2 0.326042 0.584722 0.048958 0.080556
3 0.291146 0.718519 0.031250 0.037037
1 0.393490 0.605556 0.048438 0.085185
6 0.379167 0.718519 0.083333 0.048148
2 0.583594 0.598148 0.038021 0.079630
4 0.573438 0.701852 0.036458 0.040741
0 0.693490 0.568519 0.045312 0.087037
0 0.671615 0.682407 0.057813 0.062963
0 0.788542 0.591667 0.047917 0.094444
4 0.794792 0.690741 0.053125 0.048148
2 0.851042 0.635648 0.075000 0.119444
4 0.863542 0.815741 0.085417 0.072222
9 0.153646 0.655556 0.100000 0.125926
8 0.235417 0.640278 0.104167 0.176852
8 0.322917 0.631019 0.082292 0.165741
8 0.405469 0.646296 0.101562 0.159259
8 0.572135 0.641667 0.109896 0.166667
8 0.680990 0.626389 0.098437 0.186111
8 0.783333 0.631481 0.097917 0.172222
8 0.885938 0.715278 0.193750 0.273148
