1 0.185938 0.605556 0.064583 0.118519
3 0.141146 0.758333 0.031250 0.048148
1 0.316667 0.594444 0.060417 0.142593
4 0.291667 0.745370 0.053125 0.074074
2 0.378385 0.549537 0.047396 0.099074
4 0.386719 0.639815 0.035937 0.061111
1 0.597917 0.614815 0.062500 0.133333
4 0.594792 0.769444 0.063542 0.074074
0 0.744792 0.555556 0.061458 0.118519
3 0.745313 0.789815 0.041667 0.038889
0 0.860938 0.568519 0.062500 0.120370
5 0.909896 0.803704 0.139583 0.066667
8 0.182292 0.653704 0.134375 0.214815
8 0.318490 0.659259 0.134896 0.251852
8 0.399219 0.587963 0.084896 0.168519
8 0.593490 0.669907 0.135937 0.230556
8 0.744010 0.643519 0.124479 0.294444
8 0.875260 0.655556 0.150521 0.279630
9 0.562240 0.608333 0.086979 0.125926
