8 0.065365 0.245370 0.079687 0.120370
8 0.094792 0.167593 0.055208 0.101852
9 0.135937 0.150000 0.050000 0.070370
8 0.146094 0.337963 0.127604 0.175926
8 0.276562 0.355556 0.113542 0.155556
9 0.253646 0.254630 0.066667 0.103704
8 0.318490 0.293981 0.082812 0.175000
8 0.304688 0.171296 0.037500 0.083333
8 0.379688 0.137037 0.045833 0.072222
9 0.394271 0.224537 0.067708 0.089815
8 0.420312 0.157870 0.057292 0.086111
8 0.444271 0.132407 0.029167 0.079630
8 0.466667 0.219444 0.067708 0.131481
9 0.447396 0.281944 0.072917 0.102778
8 0.446615 0.349074 0.090104 0.181481
8 0.534115 0.347685 0.092188 0.187963
9 0.516667 0.200926 0.048958 0.074074
8 0.567708 0.168519 0.065625 0.092593
8 0.566667 0.206944 0.046875 0.078704
8 0.630208 0.229630 0.083333 0.112963
9 0.598437 0.291667 0.069792 0.092593
8 0.638542 0.374074 0.133333 0.168519
4 0.644010 0.430556 0.052604 0.038889
9 0.735938 0.193056 0.060417 0.082407
8 0.765365 0.217130 0.052604 0.089815
8 0.815365 0.211111 0.055729 0.105556
8 0.886458 0.192130 0.050000 0.078704
8 0.832812 0.299074 0.072917 0.122222
8 0.897135 0.339352 0.084896 0.156481
8 0.951042 0.289352 0.044792 0.113889
5 0.259896 0.426852 0.069792 0.035185
5 0.515365 0.443056 0.038021 0.032407
5 0.978646 0.468519 0.042708 0.031481
8 0.337240 0.246759 0.050521 0.143519
8 0.948698 0.364352 0.102604 0.199074
8 0.702865 0.176389 0.042188 0.099074
8 0.326042 0.143519 0.035417 0.077778
8 0.343490 0.136574 0.029687 0.080556
8 0.057813 0.190278 0.076042 0.099074
8 0.214323 0.307870 0.063021 0.137963
1 0.065365 0.223148 0.031771 0.075926
1 0.053646 0.174537 0.031250 0.060185
1 0.081510 0.147685 0.027604 0.060185
1 0.127865 0.143981 0.025521 0.054630
0 0.166667 0.295370 0.042708 0.090741
1 0.201563 0.281944 0.037500 0.084259
1 0.269792 0.324537 0.042708 0.086111
1 0.267188 0.243056 0.033333 0.075000
1 0.303646 0.254167 0.038542 0.089815
0 0.327344 0.205556 0.029687 0.061111
0 0.307812 0.159259 0.026042 0.053704
0 0.320573 0.132407 0.021354 0.053704
1 0.337240 0.121296 0.018229 0.050000
2 0.380469 0.123148 0.022396 0.044444
1 0.422917 0.144907 0.023958 0.058333
1 0.390365 0.214352 0.029687 0.063889
0 0.440365 0.117130 0.020313 0.047222
0 0.465365 0.182870 0.026562 0.054630
1 0.474740 0.143519 0.022396 0.053704
1 0.517969 0.193056 0.024479 0.056481
1 0.567708 0.150000 0.021875 0.053704
1 0.568490 0.194907 0.023438 0.052778
0 0.616146 0.206481 0.026042 0.064815
0 0.455469 0.304630 0.036979 0.088889
0 0.534375 0.297222 0.040625 0.085185
1 0.643750 0.341667 0.043750 0.103704
1 0.711719 0.148611 0.018229 0.043519
2 0.752865 0.179167 0.025521 0.052778
1 0.813021 0.187963 0.023958 0.055556
1 0.772917 0.197685 0.020833 0.050926
1 0.897917 0.181019 0.025000 0.050926
1 0.842969 0.273611 0.028646 0.069444
4 0.851562 0.331481 0.035417 0.029630
0 0.909115 0.299537 0.036979 0.076852
0 0.952865 0.260185 0.029687 0.055556
0 0.982812 0.305556 0.033333 0.081481
