1 0.154688 0.655556 0.050000 0.070370
4 0.132292 0.716667 0.055208 0.048148
7 0.226042 0.694444 0.052083 0.087037
7 0.303646 0.693519 0.047917 0.079630
1 0.397396 0.618519 0.043750 0.081481
6 0.372917 0.726852 0.066667 0.046296
1 0.573438 0.672685 0.044792 0.056481
4 0.569792 0.715741 0.039583 0.035185
7 0.769792 0.680556 0.064583 0.087037
7 0.880469 0.775463 0.076563 0.119444
3 0.860938 0.855556 0.055208 0.037037
1 0.686719 0.682407 0.064062 0.125926
4 0.692969 0.830556 0.067187 0.077778
9 0.153646 0.681019 0.100000 0.128704
8 0.396615 0.656944 0.091146 0.160185
8 0.684896 0.745833 0.162500 0.249074
9 0.234115 0.682870 0.102604 0.121296
9 0.313542 0.695370 0.089583 0.087037
9 0.556771 0.682407 0.101042 0.116667
9 0.760938 0.656944 0.097917 0.134259
9 0.863542 0.771296 0.154167 0.185185
