1 0.177865 0.627778 0.064062 0.125926
3 0.141667 0.805556 0.042708 0.037037
1 0.317188 0.593519 0.040625 0.059259
5 0.276562 0.780556 0.094792 0.055556
1 0.316667 0.656481 0.054167 0.103704
1 0.397396 0.619444 0.046875 0.088889
6 0.401042 0.705556 0.068750 0.051852
0 0.556771 0.556481 0.037500 0.081481
2 0.603646 0.630556 0.060417 0.111111
3 0.595313 0.811574 0.031250 0.043519
1 0.663542 0.593519 0.043750 0.100000
4 0.669792 0.690741 0.050000 0.051852
1 0.782292 0.623611 0.055208 0.130556
4 0.799740 0.782407 0.051562 0.051852
1 0.926042 0.650463 0.065625 0.119444
5 0.963542 0.820370 0.067708 0.061111
8 0.179427 0.689815 0.131771 0.222222
8 0.326042 0.702315 0.125000 0.193519
8 0.329167 0.610185 0.083333 0.098148
8 0.410938 0.654630 0.101042 0.150000
8 0.549219 0.612037 0.067187 0.170370
8 0.598437 0.702315 0.121875 0.230556
8 0.667969 0.631019 0.079687 0.160185
8 0.788542 0.685648 0.138542 0.258333
8 0.938542 0.694444 0.122917 0.216667
