2 0.076042 0.575926 0.042708 0.062963
1 0.057292 0.633333 0.060417 0.103704
0 0.204167 0.588889 0.062500 0.111111
6 0.152865 0.775000 0.095312 0.079630
1 0.299740 0.570370 0.045312 0.085185
6 0.287240 0.666667 0.063021 0.055556
0 0.414062 0.574074 0.054167 0.107407
4 0.406771 0.726852 0.062500 0.046296
5 0.369792 0.780556 0.070833 0.057407
1 0.484115 0.549074 0.042188 0.083333
4 0.481771 0.637037 0.037500 0.044444
1 0.673438 0.551852 0.062500 0.125926
0 0.740625 0.480556 0.046875 0.075926
0 0.810417 0.518519 0.062500 0.129630
1 0.845313 0.475000 0.031250 0.083333
1 0.963542 0.519444 0.067708 0.131481
5 0.823438 0.755556 0.078125 0.044444
4 0.975000 0.697222 0.046875 0.055556
8 0.090885 0.677315 0.121354 0.191667
8 0.101562 0.608333 0.085417 0.129630
8 0.209115 0.661111 0.119271 0.248148
8 0.305990 0.604630 0.092188 0.138889
8 0.418490 0.642130 0.129688 0.237963
8 0.492448 0.583796 0.086979 0.154630
8 0.675781 0.625926 0.139063 0.268519
8 0.740365 0.536574 0.080729 0.184259
8 0.808333 0.596296 0.144792 0.274074
8 0.850521 0.531019 0.079167 0.186111
8 0.948698 0.593519 0.102604 0.270370
