0 0.137240 0.480556 0.057813 0.098148
5 0.087240 0.644444 0.107813 0.048148
0 0.254688 0.503704 0.059375 0.103704
4 0.205990 0.651852 0.045312 0.059259
0 0.388021 0.490741 0.050000 0.107407
3 0.321094 0.681481 0.032813 0.040741
0 0.438542 0.493519 0.040625 0.081481
7 0.609115 0.559259 0.051562 0.094444
7 0.711719 0.566667 0.051562 0.092593
7 0.810417 0.603704 0.045833 0.081481
7 0.755990 0.677778 0.070312 0.125926
8 0.134635 0.545370 0.146354 0.231481
8 0.250781 0.561574 0.127604 0.213889
8 0.384635 0.565741 0.123438 0.253704
8 0.450000 0.535185 0.066667 0.151852
9 0.601042 0.573611 0.105208 0.132407
9 0.698958 0.580556 0.087500 0.118519
9 0.816667 0.611574 0.104167 0.115741
9 0.744531 0.665741 0.166146 0.183333
