8 0.068490 0.243519 0.092188 0.127778
8 0.055990 0.181944 0.077604 0.102778
8 0.091146 0.166667 0.060417 0.105556
8 0.135417 0.145370 0.047917 0.074074
8 0.164323 0.335185 0.096354 0.181481
8 0.277344 0.355556 0.116146 0.159259
9 0.213542 0.318056 0.059375 0.117593
8 0.317188 0.297222 0.075000 0.168519
9 0.250521 0.254630 0.070833 0.112963
8 0.344792 0.247222 0.058333 0.131481
8 0.305990 0.181019 0.041146 0.087963
9 0.399219 0.219907 0.060937 0.089815
8 0.335938 0.143519 0.054167 0.101852
8 0.380469 0.140741 0.042188 0.068519
8 0.422396 0.157407 0.053125 0.087037
8 0.475521 0.157407 0.041667 0.098148
8 0.470313 0.219444 0.063542 0.125926
8 0.446615 0.268519 0.077604 0.122222
8 0.523438 0.189352 0.051042 0.110185
8 0.627865 0.228704 0.057813 0.105556
9 0.569792 0.178241 0.053125 0.065741
9 0.568490 0.211111 0.044271 0.057407
8 0.444792 0.356019 0.101042 0.176852
8 0.538542 0.356019 0.096875 0.178704
8 0.644792 0.370370 0.136458 0.174074
8 0.606771 0.331019 0.071875 0.128704
9 0.517969 0.279630 0.057813 0.109259
5 0.259115 0.426852 0.069271 0.035185
5 0.513542 0.443056 0.037500 0.032407
9 0.709896 0.178241 0.036458 0.054630
9 0.732292 0.193056 0.054167 0.075000
8 0.767448 0.218056 0.050521 0.093519
8 0.814063 0.220370 0.047917 0.085185
8 0.888021 0.200463 0.053125 0.075000
8 0.834115 0.288889 0.071354 0.131481
8 0.894792 0.356019 0.097917 0.137963
8 0.961719 0.369444 0.076563 0.200000
1 0.060417 0.222685 0.035417 0.080556
1 0.048438 0.168519 0.033333 0.066667
1 0.077344 0.149537 0.027604 0.069444
1 0.127865 0.140278 0.025521 0.054630
2 0.343490 0.118519 0.028646 0.051852
1 0.374740 0.131019 0.020313 0.050926
1 0.423438 0.143981 0.026042 0.058333
2 0.473698 0.135648 0.025521 0.056481
1 0.299740 0.168981 0.027604 0.062037
1 0.266667 0.236574 0.033333 0.080556
0 0.340365 0.218519 0.031771 0.068519
1 0.301823 0.267130 0.040104 0.093519
1 0.270313 0.322222 0.046875 0.094444
1 0.202344 0.306019 0.035937 0.086111
0 0.163021 0.293056 0.042708 0.095370
1 0.389844 0.212500 0.029687 0.069444
1 0.466667 0.193056 0.029167 0.067593
1 0.544792 0.153704 0.021875 0.053704
1 0.580469 0.178704 0.023438 0.055556
1 0.527865 0.265741 0.034896 0.081481
1 0.452344 0.317130 0.039062 0.086111
0 0.440365 0.248611 0.033854 0.080556
0 0.544792 0.314352 0.042708 0.097222
0 0.624740 0.205556 0.028646 0.059259
0 0.520573 0.160648 0.025521 0.056481
1 0.568490 0.205556 0.022396 0.057407
1 0.625521 0.305556 0.034375 0.081481
9 0.598698 0.291204 0.068229 0.097222
1 0.649740 0.336111 0.048438 0.105556
4 0.654167 0.431019 0.051042 0.039815
1 0.716667 0.172685 0.020833 0.043519
1 0.746615 0.185648 0.023438 0.056481
2 0.776042 0.197222 0.026042 0.053704
1 0.823438 0.206019 0.023958 0.054630
0 0.793490 0.180556 0.024479 0.050000
1 0.901042 0.191204 0.026042 0.052778
0 0.843490 0.254167 0.028646 0.058333
4 0.846615 0.338889 0.047396 0.031481
1 0.896615 0.269907 0.034896 0.073148
1 0.918490 0.330556 0.041146 0.083333
0 0.984896 0.315741 0.029167 0.088889
5 0.979167 0.468519 0.038542 0.031481
