0 0.171354 0.631019 0.064583 0.125000
3 0.141667 0.803704 0.043750 0.037037
1 0.319271 0.663426 0.058333 0.119444
5 0.275521 0.783333 0.100000 0.044444
1 0.322396 0.593519 0.039583 0.070370
0 0.394010 0.590278 0.043229 0.091667
6 0.404167 0.705556 0.067708 0.051852
0 0.569792 0.559259 0.035417 0.081481
1 0.667188 0.593519 0.050000 0.096296
4 0.667188 0.687963 0.045833 0.050000
2 0.591667 0.643519 0.054167 0.103704
3 0.597917 0.816667 0.031250 0.040741
1 0.784115 0.618519 0.057813 0.129630
4 0.809115 0.780556 0.042188 0.068519
1 0.924219 0.653704 0.070312 0.118519
5 0.963542 0.819444 0.067708 0.059259
8 0.177865 0.687037 0.126562 0.240741
8 0.326562 0.705556 0.122917 0.196296
8 0.335417 0.610648 0.065625 0.093519
8 0.410417 0.632407 0.098958 0.168519
8 0.548438 0.610648 0.083333 0.180556
8 0.597917 0.699537 0.120833 0.219444
8 0.665625 0.631019 0.096875 0.152778
8 0.785417 0.685648 0.139583 0.254630
8 0.935417 0.701389 0.128125 0.210185
