1 0.113542 0.530556 0.066667 0.112963
6 0.089063 0.635185 0.104167 0.081481
2 0.251563 0.512037 0.064583 0.116667
4 0.213542 0.649074 0.040625 0.064815
2 0.376563 0.494444 0.064583 0.125926
3 0.324219 0.679630 0.035937 0.040741
1 0.432812 0.503704 0.037500 0.088889
2 0.603646 0.489815 0.039583 0.072222
1 0.691146 0.530556 0.039583 0.085185
2 0.794792 0.528704 0.043750 0.087037
1 0.744792 0.576852 0.053125 0.118519
5 0.735938 0.742593 0.086458 0.055556
9 0.139844 0.566204 0.124479 0.175000
8 0.252083 0.570370 0.127083 0.211111
8 0.385677 0.565278 0.147396 0.247222
8 0.442188 0.540278 0.078125 0.149074
8 0.587760 0.540278 0.099479 0.175000
8 0.686458 0.565278 0.082292 0.136111
8 0.732031 0.633333 0.136979 0.225926
8 0.796094 0.570833 0.064062 0.158333
