0 0.136719 0.478704 0.060937 0.098148
5 0.089063 0.649074 0.112500 0.046296
0 0.254688 0.505556 0.058333 0.111111
4 0.203125 0.652778 0.046875 0.061111
0 0.385417 0.487963 0.052083 0.105556
3 0.322917 0.677778 0.037500 0.037037
0 0.438542 0.493519 0.033333 0.079630
7 0.602344 0.563889 0.045312 0.087037
7 0.709896 0.562037 0.052083 0.090741
7 0.810417 0.600000 0.045833 0.092593
7 0.757292 0.680556 0.072917 0.125926
8 0.135937 0.544444 0.142708 0.222222
8 0.251302 0.568056 0.123438 0.217593
8 0.388021 0.571296 0.117708 0.242593
8 0.448177 0.537500 0.068229 0.149074
9 0.599740 0.573611 0.102604 0.132407
9 0.698438 0.581019 0.089583 0.119444
9 0.814844 0.615278 0.102604 0.108333
9 0.743490 0.667130 0.167187 0.182407
