7 0.115625 0.755556 0.078125 0.118519
3 0.060417 0.830556 0.037500 0.051852
0 0.232813 0.603704 0.041667 0.088889
4 0.209896 0.680556 0.041667 0.040741
7 0.242188 0.743519 0.066667 0.122222
1 0.348438 0.593519 0.043750 0.088889
4 0.335938 0.685185 0.037500 0.055556
1 0.523438 0.622222 0.038542 0.081481
3 0.531250 0.700000 0.034375 0.031481
1 0.634115 0.610185 0.042188 0.081481
6 0.629167 0.693519 0.065625 0.046296
0 0.751563 0.601852 0.060417 0.114815
3 0.754167 0.829630 0.033333 0.044444
0 0.872396 0.618519 0.057292 0.111111
5 0.939063 0.842593 0.112500 0.062963
9 0.105469 0.731481 0.158854 0.183333
9 0.256771 0.746759 0.143750 0.212037
8 0.229948 0.633796 0.091146 0.137963
8 0.353646 0.637500 0.082292 0.145370
8 0.517969 0.641667 0.107813 0.129630
8 0.626042 0.644907 0.097917 0.139815
8 0.732292 0.693519 0.173958 0.279630
8 0.882292 0.698611 0.121875 0.256481
