7 0.088542 0.789815 0.077083 0.112963
3 0.050521 0.895370 0.050000 0.046296
0 0.244792 0.676852 0.050000 0.101852
5 0.190365 0.889815 0.123438 0.061111
0 0.244271 0.620833 0.037500 0.043519
0 0.348438 0.625000 0.038542 0.079630
3 0.326042 0.755556 0.018750 0.029630
5 0.357292 0.757407 0.035417 0.037037
0 0.479167 0.626852 0.041667 0.087037
0 0.597917 0.614815 0.044792 0.088889
3 0.613542 0.745370 0.023958 0.024074
1 0.526563 0.730556 0.061458 0.116667
4 0.534115 0.857407 0.048438 0.059259
0 0.701042 0.643519 0.059375 0.103704
3 0.698438 0.862963 0.029167 0.037037
1 0.841146 0.714815 0.065625 0.103704
5 0.891146 0.864815 0.102083 0.062963
9 0.113542 0.787037 0.151042 0.201852
8 0.254167 0.756481 0.126042 0.229630
8 0.348958 0.673611 0.084375 0.165741
8 0.486719 0.669444 0.073438 0.157407
8 0.529687 0.775926 0.135417 0.205556
8 0.598437 0.661111 0.086458 0.162963
8 0.709115 0.728704 0.122396 0.255556
8 0.857812 0.758796 0.122917 0.184259
