1 0.122917 0.510648 0.062500 0.119444
6 0.096094 0.617593 0.117188 0.072222
1 0.254688 0.527778 0.054167 0.107407
4 0.239844 0.638889 0.057813 0.062963
2 0.380729 0.490278 0.058333 0.119444
4 0.328646 0.664815 0.035417 0.033333
0 0.431771 0.476389 0.037500 0.080556
0 0.617188 0.484722 0.041667 0.080556
2 0.709375 0.509722 0.037500 0.073148
0 0.788021 0.508333 0.037500 0.074074
0 0.757292 0.546759 0.050000 0.106481
5 0.745313 0.719444 0.089583 0.051852
8 0.146615 0.552315 0.127604 0.187963
8 0.266667 0.568519 0.111458 0.183333
8 0.397917 0.555556 0.141667 0.248148
8 0.446875 0.524074 0.071875 0.155556
8 0.599740 0.531944 0.104688 0.162037
8 0.694792 0.545370 0.086458 0.146296
8 0.742188 0.609259 0.136458 0.237037
8 0.798438 0.554167 0.070833 0.165741
