1 0.175521 0.629630 0.066667 0.118519
3 0.141667 0.804630 0.042708 0.035185
1 0.317188 0.593519 0.036458 0.066667
1 0.316667 0.655556 0.052083 0.114815
5 0.273438 0.778704 0.088542 0.053704
1 0.393490 0.618981 0.045312 0.080556
6 0.400000 0.703704 0.062500 0.048148
0 0.555469 0.555556 0.035937 0.072222
2 0.604688 0.630556 0.057292 0.109259
3 0.597917 0.818519 0.030208 0.037037
1 0.663542 0.592593 0.042708 0.088889
4 0.667188 0.691667 0.048958 0.042593
1 0.782292 0.618519 0.053125 0.133333
4 0.801042 0.780556 0.050000 0.057407
1 0.921615 0.645833 0.060937 0.119444
5 0.964063 0.816667 0.068750 0.062963
8 0.178385 0.686574 0.135937 0.234259
8 0.327604 0.706019 0.119792 0.208333
8 0.326042 0.606019 0.080208 0.093519
8 0.414583 0.653704 0.094792 0.146296
8 0.544271 0.622222 0.077083 0.211111
8 0.597917 0.699074 0.128125 0.222222
8 0.671094 0.629630 0.079687 0.170370
8 0.787240 0.680556 0.126562 0.242593
8 0.936719 0.703241 0.126562 0.219444
