8 0.066667 0.242593 0.089583 0.120370
8 0.096094 0.163889 0.059896 0.101852
8 0.137500 0.153241 0.050000 0.073148
8 0.160417 0.343519 0.098958 0.168519
8 0.277344 0.354630 0.116146 0.159259
9 0.205469 0.316667 0.085938 0.125926
9 0.315365 0.308333 0.084896 0.144444
9 0.247917 0.255556 0.069792 0.105556
8 0.342969 0.252778 0.064062 0.142593
8 0.307292 0.181481 0.043750 0.081481
8 0.398438 0.210648 0.059375 0.106481
8 0.336719 0.152315 0.043229 0.086111
8 0.380990 0.142130 0.042188 0.065741
8 0.424219 0.156019 0.048438 0.084259
8 0.474740 0.159722 0.042188 0.106481
9 0.513542 0.200926 0.051042 0.081481
8 0.628646 0.228241 0.060417 0.106481
9 0.571615 0.180556 0.063021 0.066667
8 0.568490 0.206481 0.050521 0.074074
8 0.444792 0.348148 0.092708 0.183333
8 0.535417 0.356019 0.088542 0.171296
8 0.646615 0.368519 0.138021 0.172222
8 0.607292 0.331481 0.072917 0.133333
8 0.525521 0.276389 0.067708 0.102778
5 0.259115 0.426852 0.069271 0.035185
5 0.513542 0.443056 0.037500 0.032407
9 0.709896 0.177315 0.037500 0.052778
9 0.732292 0.192593 0.053125 0.077778
8 0.765365 0.214815 0.048438 0.088889
8 0.816667 0.218519 0.052083 0.087037
8 0.876563 0.189815 0.056250 0.079630
8 0.832292 0.303241 0.077083 0.123148
8 0.893490 0.356019 0.093229 0.134259
8 0.959115 0.371759 0.080729 0.193519
9 0.597917 0.287037 0.066667 0.094444
5 0.979688 0.468519 0.040625 0.033333
4 0.654167 0.431019 0.053125 0.041667
1 0.716667 0.173148 0.020833 0.044444
8 0.444271 0.131019 0.033333 0.089815
1 0.064323 0.222685 0.033854 0.080556
1 0.082292 0.143519 0.030208 0.061111
1 0.129688 0.143519 0.026042 0.055556
1 0.143490 0.311111 0.046354 0.094444
1 0.182292 0.298611 0.038542 0.080556
1 0.267969 0.318056 0.045312 0.093519
1 0.264844 0.243056 0.035937 0.076852
1 0.302865 0.305556 0.039062 0.085185
0 0.342969 0.215278 0.032813 0.063889
1 0.304688 0.176852 0.026042 0.059259
2 0.330990 0.136111 0.024479 0.055556
1 0.379688 0.130556 0.020833 0.050000
2 0.402344 0.193056 0.032813 0.063889
1 0.423438 0.143519 0.025000 0.061111
0 0.441146 0.110648 0.020833 0.045370
0 0.471615 0.130556 0.022396 0.048148
0 0.463542 0.190741 0.027083 0.061111
8 0.471615 0.219907 0.060937 0.126852
0 0.449740 0.300463 0.039062 0.087963
1 0.513542 0.187037 0.026042 0.055556
1 0.526042 0.260648 0.031250 0.069444
0 0.532813 0.318056 0.040625 0.093519
1 0.578125 0.168056 0.028125 0.049074
1 0.545573 0.150463 0.021354 0.049074
9 0.543490 0.155556 0.040104 0.064815
1 0.569792 0.202778 0.023958 0.053704
1 0.622917 0.305556 0.033333 0.081481
0 0.622917 0.205556 0.028125 0.059259
1 0.652865 0.331019 0.050521 0.104630
1 0.742969 0.181019 0.024479 0.052778
1 0.765365 0.193056 0.022396 0.052778
1 0.793490 0.186111 0.025521 0.055556
1 0.823698 0.205556 0.024479 0.053704
1 0.887240 0.176852 0.027604 0.053704
1 0.853646 0.275926 0.029167 0.068519
6 0.843490 0.336574 0.042188 0.030556
1 0.917448 0.331019 0.040104 0.080556
1 0.910417 0.275926 0.039583 0.074074
1 0.968490 0.270833 0.029687 0.069444
8 0.958594 0.293056 0.051562 0.108333
