1 0.208073 0.437037 0.028646 0.059259
9 0.205990 0.455556 0.072396 0.088889
1 0.115885 0.409259 0.023438 0.053704
9 0.115365 0.418056 0.048438 0.073148
1 0.162760 0.390278 0.021354 0.045370
9 0.167187 0.392593 0.047917 0.053704
1 0.259115 0.405556 0.019271 0.038889
8 0.267188 0.431019 0.048958 0.093519
1 0.247917 0.351852 0.018750 0.042593
8 0.244792 0.360648 0.036458 0.056481
2 0.271094 0.352778 0.019271 0.046296
8 0.281510 0.366667 0.041146 0.066667
1 0.308073 0.339815 0.018229 0.038889
8 0.310417 0.343981 0.033333 0.050926
1 0.316667 0.465741 0.029167 0.064815
8 0.309115 0.491667 0.090104 0.114815
4 0.304427 0.526389 0.035937 0.034259
1 0.402865 0.467130 0.033854 0.065741
8 0.406250 0.487037 0.100000 0.105556
4 0.396615 0.530556 0.034896 0.037037
0 0.515365 0.443056 0.029687 0.054630
8 0.516146 0.480556 0.073958 0.135185
0 0.578385 0.477778 0.031771 0.066667
8 0.584635 0.495833 0.064062 0.108333
0 0.665365 0.443056 0.030729 0.060185
8 0.667188 0.480556 0.070833 0.138889
1 0.363021 0.450926 0.026042 0.055556
9 0.365365 0.461111 0.055729 0.090741
1 0.424219 0.454167 0.023438 0.049074
9 0.442969 0.458796 0.060937 0.100926
1 0.647917 0.448148 0.016667 0.055556
8 0.634115 0.468056 0.044271 0.091667
1 0.390885 0.415278 0.025521 0.054630
9 0.394792 0.419907 0.052083 0.062037
0 0.524219 0.401852 0.020313 0.046296
8 0.521615 0.422222 0.053646 0.094444
1 0.580469 0.413889 0.022396 0.050000
8 0.580990 0.430556 0.059896 0.083333
1 0.634375 0.418519 0.021875 0.053704
8 0.629948 0.430556 0.044271 0.079630
1 0.447396 0.393056 0.020833 0.045370
1 0.401042 0.382870 0.019792 0.037963
8 0.407292 0.393519 0.031250 0.055556
8 0.454167 0.416204 0.038542 0.089815
0 0.482292 0.379167 0.019792 0.039815
8 0.488542 0.393056 0.038542 0.067593
0 0.537240 0.366204 0.020313 0.036111
8 0.546094 0.386111 0.036979 0.081481
0 0.658594 0.376852 0.018229 0.042593
8 0.662240 0.391667 0.038021 0.072222
0 0.575781 0.350463 0.017188 0.039815
8 0.576042 0.363889 0.036458 0.064815
1 0.616146 0.370833 0.018750 0.037963
8 0.613021 0.381019 0.040625 0.054630
0 0.417708 0.353704 0.018750 0.042593
8 0.421615 0.368519 0.031771 0.062963
1 0.438281 0.342130 0.016146 0.039815
8 0.438542 0.346759 0.029167 0.058333
1 0.474219 0.333333 0.014063 0.033333
8 0.473698 0.336111 0.028646 0.044444
1 0.504167 0.341667 0.016667 0.038889
9 0.504167 0.350463 0.034375 0.056481
1 0.533854 0.334722 0.015625 0.032407
1 0.601042 0.331019 0.013542 0.030556
8 0.597917 0.342593 0.030208 0.055556
1 0.719792 0.343519 0.011458 0.033333
8 0.714063 0.356944 0.026042 0.065741
1 0.732292 0.355093 0.015625 0.034259
8 0.730990 0.368056 0.034896 0.067593
1 0.776563 0.353704 0.017708 0.037037
8 0.773438 0.359722 0.026042 0.056481
0 0.755990 0.368519 0.016146 0.038889
1 0.795312 0.369907 0.018750 0.043519
1 0.858073 0.351389 0.020313 0.037963
8 0.851042 0.357407 0.033333 0.062963
1 0.831771 0.391204 0.017708 0.039815
8 0.829948 0.403704 0.027604 0.066667
0 0.810417 0.415278 0.021875 0.045370
8 0.809896 0.433796 0.044792 0.091667
1 0.865365 0.416204 0.028646 0.047222
8 0.859896 0.430556 0.040625 0.075926
0 0.894792 0.406019 0.023958 0.043519
8 0.900521 0.427778 0.035417 0.083333
1 0.957812 0.424537 0.025000 0.050926
8 0.959375 0.437500 0.028125 0.075000
1 0.876823 0.452315 0.028646 0.065741
8 0.863542 0.472222 0.058333 0.105556
0 0.917188 0.453241 0.035417 0.065741
8 0.921615 0.493519 0.074479 0.144444
0 0.983854 0.484259 0.032292 0.070370
8 0.978646 0.500926 0.042708 0.107407
5 0.164323 0.542130 0.040104 0.023148
5 0.269271 0.458333 0.025000 0.025926
8 0.753385 0.381481 0.034896 0.064815
8 0.790365 0.381481 0.031771 0.064815
