8 0.064844 0.243981 0.082812 0.117593
8 0.094010 0.164815 0.056771 0.105556
9 0.136719 0.151852 0.049479 0.075926
8 0.146094 0.337963 0.127604 0.175926
8 0.277344 0.358333 0.114062 0.155556
9 0.250521 0.256019 0.072917 0.100926
8 0.320312 0.300463 0.083333 0.162037
8 0.304688 0.177315 0.035417 0.089815
8 0.380990 0.135185 0.045312 0.075926
9 0.395313 0.224537 0.067708 0.089815
8 0.418490 0.158796 0.056771 0.086111
8 0.443490 0.130556 0.030729 0.077778
8 0.465365 0.218056 0.066146 0.130556
9 0.447917 0.281019 0.072917 0.102778
8 0.446615 0.350000 0.090104 0.181481
8 0.534896 0.345833 0.091667 0.187963
9 0.516667 0.202315 0.047917 0.073148
8 0.564063 0.173148 0.057292 0.079630
8 0.563542 0.206481 0.047917 0.077778
8 0.630208 0.227778 0.084375 0.109259
8 0.639583 0.369907 0.132292 0.163889
4 0.643490 0.430556 0.052604 0.038889
9 0.745573 0.188426 0.050521 0.082407
8 0.765885 0.217130 0.052604 0.089815
8 0.815365 0.208796 0.053646 0.100926
8 0.887240 0.193056 0.048438 0.078704
8 0.829167 0.300463 0.080208 0.128704
8 0.896615 0.340741 0.083854 0.155556
8 0.951042 0.289352 0.044792 0.113889
5 0.259896 0.426852 0.069792 0.035185
5 0.515365 0.443056 0.038021 0.032407
5 0.978646 0.468519 0.042708 0.031481
8 0.339844 0.246759 0.057813 0.147222
8 0.946615 0.365741 0.105729 0.201852
8 0.702865 0.176389 0.042188 0.099074
8 0.326823 0.142593 0.033854 0.079630
8 0.340885 0.132870 0.033854 0.082407
8 0.057813 0.193056 0.076042 0.099074
9 0.212240 0.319907 0.063021 0.115741
8 0.543490 0.156481 0.036979 0.070370
1 0.065365 0.225463 0.032813 0.071296
1 0.050260 0.175000 0.030729 0.057407
1 0.080469 0.147685 0.026562 0.056481
1 0.127865 0.143519 0.025521 0.055556
0 0.164583 0.297685 0.043750 0.093519
1 0.265885 0.243519 0.034896 0.075926
1 0.269010 0.325463 0.043229 0.084259
1 0.306510 0.268056 0.041146 0.091667
0 0.328385 0.206944 0.030729 0.063889
0 0.308333 0.161111 0.025000 0.055556
0 0.321094 0.131019 0.021354 0.052778
1 0.334896 0.118056 0.018750 0.047222
2 0.382292 0.121759 0.020833 0.047222
1 0.390365 0.214352 0.029687 0.063889
1 0.422917 0.144444 0.022917 0.055556
0 0.439844 0.117130 0.020313 0.047222
1 0.473438 0.144907 0.022917 0.050926
0 0.465625 0.182407 0.028125 0.053704
0 0.455469 0.303241 0.040104 0.086111
0 0.533594 0.295833 0.039062 0.087963
1 0.518490 0.193981 0.023438 0.054630
1 0.547396 0.146759 0.020833 0.047222
1 0.572135 0.158333 0.025521 0.046296
1 0.563542 0.198611 0.023958 0.052778
0 0.615365 0.204630 0.026562 0.061111
0 0.613021 0.289815 0.037500 0.074074
8 0.602083 0.325463 0.059375 0.149074
1 0.643490 0.343056 0.047396 0.104630
1 0.711458 0.148611 0.018750 0.043519
2 0.757292 0.174074 0.023958 0.055556
2 0.777344 0.196296 0.023438 0.050000
1 0.797917 0.175926 0.023958 0.050000
1 0.812240 0.187500 0.023438 0.052778
1 0.897396 0.181019 0.026042 0.050926
1 0.852865 0.272685 0.029687 0.069444
0 0.911719 0.299537 0.039062 0.076852
0 0.952865 0.260648 0.030729 0.058333
0 0.982292 0.305556 0.034375 0.081481
