0 0.139063 0.479630 0.056250 0.107407
5 0.089063 0.644444 0.112500 0.055556
0 0.254688 0.500926 0.057292 0.105556
4 0.204687 0.647222 0.043750 0.068519
0 0.388542 0.483333 0.051042 0.096296
3 0.321094 0.677778 0.032813 0.037037
0 0.440365 0.490741 0.035937 0.077778
7 0.604688 0.562037 0.052083 0.090741
7 0.710938 0.559259 0.054167 0.085185
7 0.807813 0.597222 0.050000 0.081481
7 0.754167 0.677778 0.064583 0.133333
8 0.133073 0.544444 0.149479 0.233333
8 0.248958 0.565741 0.125000 0.229630
8 0.389062 0.571296 0.116667 0.259259
8 0.450000 0.536111 0.059375 0.157407
9 0.601562 0.577315 0.108333 0.126852
9 0.700521 0.580556 0.092708 0.125926
9 0.814844 0.611111 0.106771 0.116667
9 0.744010 0.662500 0.171354 0.184259
