7 0.114844 0.764815 0.070312 0.122222
3 0.057813 0.828704 0.033333 0.035185
1 0.229167 0.605556 0.041667 0.088889
4 0.213542 0.686574 0.037500 0.043519
7 0.241667 0.740741 0.066667 0.114815
1 0.348438 0.604630 0.045833 0.083333
4 0.338021 0.680556 0.033333 0.059259
1 0.526042 0.621759 0.045833 0.080556
3 0.527865 0.694907 0.035937 0.030556
1 0.628646 0.618519 0.044792 0.096296
6 0.622396 0.693519 0.060417 0.061111
0 0.755469 0.603704 0.064062 0.111111
0 0.872917 0.622685 0.057292 0.093519
3 0.752344 0.827778 0.032813 0.040741
5 0.938021 0.835648 0.116667 0.069444
8 0.230990 0.628241 0.092188 0.125000
8 0.351302 0.636111 0.096354 0.159259
8 0.514844 0.643056 0.105729 0.141667
8 0.624219 0.650463 0.107813 0.130556
8 0.734115 0.692130 0.170313 0.275000
8 0.877344 0.694907 0.123438 0.258333
9 0.110417 0.731019 0.165625 0.180556
9 0.259375 0.746296 0.139583 0.198148
