8 0.063542 0.243056 0.081250 0.119444
8 0.055990 0.184259 0.079687 0.100000
8 0.091146 0.168056 0.058333 0.102778
8 0.135417 0.146296 0.048958 0.074074
8 0.161719 0.330556 0.104688 0.179630
8 0.277344 0.355556 0.116146 0.159259
9 0.210938 0.318519 0.067708 0.116667
9 0.321615 0.314352 0.097396 0.152778
9 0.251563 0.254167 0.069792 0.112037
8 0.344792 0.250000 0.058333 0.144444
8 0.305469 0.180556 0.044271 0.081481
9 0.397917 0.223148 0.060417 0.092593
8 0.338542 0.143056 0.051042 0.100926
8 0.380469 0.143056 0.042188 0.065741
8 0.418750 0.156481 0.056250 0.087037
8 0.471615 0.155556 0.050521 0.100000
8 0.471615 0.219444 0.064062 0.129630
8 0.447917 0.268056 0.076042 0.126852
8 0.523698 0.180556 0.049479 0.103704
8 0.627865 0.228704 0.057813 0.105556
9 0.568490 0.173611 0.054688 0.069444
9 0.567448 0.215278 0.047396 0.069444
8 0.444792 0.343519 0.100000 0.185185
8 0.538542 0.356019 0.096875 0.178704
8 0.646094 0.372685 0.138021 0.169444
8 0.605990 0.331019 0.070312 0.130556
9 0.513542 0.280556 0.054167 0.103704
5 0.259115 0.426852 0.069271 0.035185
5 0.513542 0.443056 0.037500 0.032407
9 0.710417 0.177315 0.036458 0.052778
9 0.744792 0.188426 0.053125 0.076852
8 0.767969 0.208796 0.047396 0.087963
8 0.815625 0.218519 0.050000 0.081481
8 0.882292 0.193056 0.050000 0.087963
9 0.839063 0.303704 0.080208 0.111111
8 0.894792 0.355556 0.094792 0.127778
8 0.955990 0.374074 0.086979 0.194444
9 0.597917 0.291204 0.066667 0.095370
1 0.794271 0.183333 0.020833 0.051852
1 0.064323 0.224074 0.034896 0.070370
1 0.046094 0.168519 0.032813 0.062963
1 0.076563 0.148611 0.028125 0.067593
1 0.127865 0.141204 0.025521 0.056481
0 0.159115 0.291204 0.041146 0.093519
1 0.201563 0.306019 0.037500 0.084259
1 0.268490 0.319444 0.043229 0.092593
1 0.262240 0.234259 0.034896 0.077778
1 0.297396 0.293519 0.040625 0.088889
0 0.343490 0.218519 0.033854 0.068519
1 0.302865 0.169907 0.029687 0.062037
0 0.343490 0.118519 0.024479 0.050000
1 0.377865 0.137963 0.020313 0.050000
1 0.422917 0.143981 0.025000 0.060185
1 0.388542 0.216667 0.031250 0.070370
0 0.471615 0.131944 0.023438 0.050926
0 0.419792 0.105556 0.021875 0.044444
0 0.442188 0.243519 0.033333 0.077778
0 0.457292 0.293519 0.038542 0.081481
1 0.523438 0.268519 0.032292 0.081481
0 0.468490 0.193056 0.030729 0.065741
0 0.521615 0.155556 0.024479 0.053704
0 0.543490 0.315741 0.040104 0.092593
1 0.565365 0.206019 0.024479 0.056481
1 0.582292 0.179630 0.023958 0.053704
1 0.544792 0.155556 0.021875 0.050000
0 0.626042 0.205556 0.027083 0.061111
1 0.624219 0.306481 0.033854 0.079630
1 0.649740 0.342593 0.050521 0.105556
4 0.652865 0.431019 0.056771 0.045370
1 0.717969 0.173148 0.020313 0.044444
1 0.757292 0.178241 0.026042 0.054630
1 0.777865 0.193056 0.023438 0.052778
1 0.822917 0.206019 0.023958 0.052778
1 0.893490 0.177315 0.025521 0.052778
1 0.863542 0.281944 0.029167 0.071296
1 0.909115 0.278704 0.033854 0.070370
6 0.851042 0.339352 0.041667 0.026852
1 0.918490 0.331019 0.041146 0.080556
1 0.986719 0.327315 0.026562 0.102778
5 0.979688 0.468056 0.040625 0.030556
