8 0.068490 0.243981 0.084896 0.130556
8 0.030990 0.155093 0.053646 0.078704
8 0.088542 0.166667 0.059375 0.114815
8 0.134115 0.143056 0.057813 0.084259
8 0.334896 0.149074 0.048958 0.094444
8 0.382292 0.136111 0.044792 0.081481
8 0.307292 0.172685 0.038542 0.093519
8 0.265365 0.243519 0.067187 0.144444
8 0.341667 0.252315 0.060417 0.141667
8 0.317188 0.311574 0.086458 0.143519
9 0.263542 0.366204 0.127083 0.137963
8 0.214844 0.298611 0.078646 0.143519
8 0.140365 0.339815 0.130729 0.187037
8 0.419792 0.156481 0.058333 0.087037
8 0.451042 0.130556 0.032292 0.077778
8 0.474740 0.218056 0.041146 0.115741
8 0.396615 0.224074 0.061979 0.094444
8 0.448698 0.263889 0.078646 0.135185
8 0.469792 0.358796 0.113542 0.169444
5 0.398438 0.431019 0.062500 0.034259
5 0.514844 0.443056 0.040104 0.037963
8 0.521615 0.186574 0.048438 0.106481
8 0.569792 0.203241 0.050000 0.084259
8 0.526042 0.255556 0.065625 0.138889
8 0.551042 0.358796 0.094792 0.169444
8 0.646615 0.222685 0.058854 0.130556
8 0.602344 0.280556 0.051562 0.096296
8 0.641667 0.368519 0.101042 0.172222
9 0.709115 0.179167 0.039062 0.058333
9 0.732292 0.193056 0.060417 0.084259
8 0.792188 0.180556 0.040625 0.079630
8 0.764844 0.218056 0.053646 0.097222
8 0.816146 0.218519 0.055208 0.096296
8 0.884896 0.189815 0.043750 0.090741
8 0.865365 0.246759 0.040104 0.093519
8 0.836719 0.293519 0.065104 0.127778
8 0.907292 0.343056 0.085417 0.150926
8 0.962500 0.381019 0.075000 0.191667
1 0.063542 0.222685 0.034375 0.069444
2 0.035417 0.146759 0.032292 0.056481
2 0.076042 0.139815 0.032292 0.062963
1 0.129167 0.134259 0.027083 0.055556
0 0.335938 0.131019 0.021875 0.054630
2 0.382292 0.122222 0.020833 0.055556
1 0.419792 0.145833 0.023958 0.056481
0 0.452344 0.118056 0.020313 0.049074
0 0.476823 0.136111 0.022396 0.044444
0 0.469792 0.193519 0.027083 0.059259
0 0.521094 0.165741 0.024479 0.057407
0 0.571615 0.188426 0.023438 0.049074
0 0.537240 0.140278 0.020313 0.047222
8 0.539323 0.146759 0.036979 0.080556
1 0.387240 0.214352 0.034896 0.065741
0 0.337240 0.211111 0.030729 0.055556
0 0.271094 0.208333 0.035937 0.068519
1 0.217188 0.276852 0.042708 0.087037
1 0.312240 0.294444 0.041146 0.088889
1 0.449740 0.235648 0.034896 0.080556
1 0.251563 0.352315 0.050000 0.097222
0 0.145313 0.293519 0.048958 0.092593
2 0.497917 0.328241 0.054167 0.097222
1 0.563542 0.330556 0.047917 0.107407
1 0.634115 0.331019 0.051562 0.097222
1 0.610938 0.272685 0.036458 0.069444
0 0.644792 0.193519 0.029167 0.064815
0 0.524740 0.230556 0.032813 0.074074
1 0.716667 0.171759 0.020833 0.043519
1 0.746615 0.180556 0.024479 0.053704
1 0.787240 0.170370 0.026562 0.055556
0 0.769792 0.193519 0.021875 0.048148
1 0.823438 0.201852 0.026042 0.053704
1 0.892188 0.168519 0.025000 0.051852
0 0.866667 0.230556 0.028125 0.055556
0 0.838542 0.265278 0.030208 0.062037
1 0.921615 0.310648 0.042188 0.080556
