8 0.065365 0.245370 0.079687 0.120370
8 0.094792 0.167130 0.056250 0.097222
9 0.137500 0.151852 0.050000 0.074074
8 0.146094 0.337963 0.127604 0.175926
8 0.277865 0.356481 0.114062 0.155556
9 0.250000 0.255556 0.068750 0.103704
8 0.320573 0.293056 0.080729 0.175000
8 0.305469 0.170833 0.038021 0.084259
8 0.380990 0.131019 0.046354 0.078704
9 0.396615 0.220370 0.067187 0.098148
8 0.422396 0.156944 0.054167 0.082407
8 0.444271 0.130556 0.029167 0.079630
8 0.466667 0.218519 0.064583 0.131481
9 0.447917 0.282870 0.072917 0.102778
8 0.446615 0.346759 0.090104 0.180556
8 0.534115 0.347685 0.092188 0.187963
9 0.516667 0.200926 0.047917 0.068519
8 0.569271 0.166667 0.064583 0.096296
8 0.563542 0.206019 0.045833 0.076852
8 0.637240 0.231019 0.057813 0.106481
9 0.597917 0.292130 0.068750 0.089815
8 0.639062 0.371296 0.131250 0.164815
4 0.644271 0.430093 0.051042 0.037963
9 0.734115 0.191204 0.058854 0.078704
8 0.765365 0.217130 0.052604 0.089815
8 0.816146 0.206944 0.056250 0.099074
8 0.885938 0.192593 0.048958 0.079630
8 0.834115 0.298611 0.073438 0.119444
8 0.894792 0.340278 0.081250 0.158333
8 0.956771 0.290741 0.055208 0.116667
5 0.259896 0.426852 0.069792 0.035185
5 0.515365 0.443056 0.038021 0.032407
5 0.978646 0.468519 0.042708 0.031481
8 0.342448 0.249074 0.053646 0.142593
8 0.946875 0.375926 0.106250 0.181481
8 0.702865 0.175926 0.043229 0.098148
8 0.326042 0.143519 0.035417 0.077778
8 0.343490 0.132407 0.029687 0.081481
8 0.057813 0.193056 0.076042 0.099074
9 0.216146 0.310648 0.072917 0.130556
8 0.543490 0.156019 0.039062 0.069444
1 0.065365 0.224074 0.032813 0.070370
1 0.054948 0.176389 0.031771 0.062037
1 0.038021 0.145370 0.029167 0.059259
1 0.080990 0.148611 0.027604 0.056481
1 0.126562 0.143056 0.025000 0.056481
0 0.165365 0.294907 0.042188 0.087963
1 0.196094 0.293519 0.031771 0.090741
1 0.268490 0.323611 0.042188 0.084259
1 0.302865 0.254630 0.038021 0.088889
1 0.265365 0.242593 0.032813 0.072222
0 0.331510 0.211574 0.029687 0.065741
0 0.307292 0.156481 0.026042 0.053704
0 0.321094 0.131019 0.021354 0.052778
1 0.337240 0.118981 0.018229 0.050926
0 0.380469 0.113889 0.018229 0.044444
1 0.391667 0.206019 0.029167 0.065741
1 0.426563 0.145833 0.021875 0.056481
0 0.440365 0.118519 0.019271 0.050000
0 0.465365 0.180556 0.026562 0.053704
0 0.454688 0.304630 0.035417 0.090741
1 0.517969 0.193056 0.022396 0.054630
1 0.546615 0.144907 0.020313 0.043519
0 0.534115 0.298148 0.038021 0.083333
1 0.566667 0.195833 0.022917 0.050926
1 0.574219 0.145833 0.022396 0.056481
0 0.635938 0.206944 0.027083 0.060185
1 0.644271 0.343056 0.045833 0.104630
1 0.711719 0.148148 0.018229 0.044444
2 0.750521 0.177778 0.025000 0.051852
1 0.772135 0.195833 0.023438 0.050926
1 0.812240 0.187037 0.023438 0.055556
1 0.797396 0.170833 0.022917 0.052778
1 0.853646 0.276389 0.029167 0.069444
1 0.897917 0.179630 0.023958 0.051852
0 0.908594 0.296296 0.036979 0.072222
0 0.954167 0.261574 0.029167 0.056481
