7 0.114844 0.752778 0.070312 0.112963
3 0.057813 0.831481 0.033333 0.040741
7 0.243750 0.734259 0.062500 0.118519
4 0.208594 0.682407 0.032813 0.038889
1 0.231250 0.603704 0.050000 0.081481
1 0.351042 0.600000 0.047917 0.094444
4 0.338542 0.685185 0.039583 0.055556
1 0.521615 0.624074 0.039062 0.081481
3 0.529167 0.705556 0.040625 0.027778
1 0.624740 0.618519 0.045312 0.081481
6 0.619271 0.700926 0.054167 0.050000
0 0.753125 0.602778 0.056250 0.105556
3 0.751563 0.820833 0.037500 0.043519
0 0.877344 0.619444 0.060937 0.109259
5 0.939844 0.843519 0.120313 0.070370
8 0.235417 0.631481 0.111458 0.140741
8 0.354427 0.634259 0.094271 0.166667
8 0.515365 0.640741 0.095312 0.137037
8 0.621094 0.643519 0.098437 0.118519
8 0.730469 0.684722 0.167187 0.269444
8 0.877865 0.702778 0.119271 0.255556
9 0.104948 0.732407 0.152604 0.175926
9 0.257552 0.746759 0.144271 0.199074
