2 0.148438 0.605556 0.048958 0.077778
4 0.135417 0.693519 0.046875 0.044444
1 0.234896 0.592593 0.043750 0.088889
4 0.219271 0.689815 0.045833 0.046296
2 0.310417 0.618519 0.047917 0.083333
3 0.301042 0.715741 0.035417 0.035185
1 0.400521 0.603704 0.050000 0.081481
6 0.385417 0.705556 0.081250 0.051852
1 0.575521 0.601852 0.041667 0.085185
4 0.575521 0.690741 0.041667 0.048148
1 0.676042 0.583333 0.051042 0.100000
4 0.678646 0.693519 0.047917 0.044444
1 0.792188 0.593519 0.052083 0.096296
4 0.794792 0.680556 0.052083 0.044444
1 0.879167 0.654630 0.073958 0.138889
4 0.885938 0.819444 0.078125 0.061111
8 0.149740 0.643056 0.104688 0.150926
8 0.238542 0.631019 0.102083 0.163889
8 0.324740 0.651389 0.066146 0.123148
8 0.398438 0.642130 0.100000 0.150926
8 0.571875 0.639815 0.109375 0.150000
8 0.673958 0.630093 0.095833 0.175000
8 0.780990 0.631019 0.104688 0.167593
8 0.863542 0.730093 0.194792 0.271296
