8 0.069792 0.245370 0.089583 0.127778
8 0.063542 0.175463 0.075000 0.119444
8 0.141667 0.148611 0.051042 0.069444
8 0.333594 0.143981 0.045312 0.089815
8 0.307292 0.174074 0.038542 0.094444
8 0.379167 0.143056 0.042708 0.067593
8 0.419792 0.156019 0.054167 0.082407
8 0.477865 0.163426 0.039062 0.100926
8 0.476042 0.220370 0.055208 0.125926
8 0.524219 0.188426 0.049479 0.102778
8 0.549740 0.143056 0.039062 0.075000
8 0.571615 0.209259 0.048438 0.068519
8 0.632292 0.229630 0.055208 0.105556
8 0.644792 0.368519 0.135417 0.179630
8 0.603125 0.331019 0.065625 0.126852
9 0.596615 0.287963 0.065104 0.094444
8 0.538021 0.355556 0.094792 0.175926
8 0.446094 0.349074 0.098437 0.183333
9 0.449219 0.274074 0.073438 0.116667
9 0.397917 0.223148 0.060417 0.094444
8 0.327344 0.305556 0.073438 0.153704
8 0.342969 0.249537 0.045312 0.132407
8 0.270313 0.243056 0.068750 0.126852
8 0.272917 0.344444 0.113542 0.179630
8 0.213542 0.304167 0.082292 0.145370
8 0.162240 0.337037 0.098437 0.181481
9 0.714063 0.174537 0.036458 0.056481
9 0.730990 0.193056 0.057813 0.076852
8 0.764844 0.218519 0.048438 0.096296
8 0.809896 0.218056 0.043750 0.087963
8 0.885938 0.193056 0.048958 0.089815
8 0.840365 0.303241 0.075521 0.117593
8 0.899219 0.335648 0.076563 0.156481
8 0.960417 0.369907 0.079167 0.206481
1 0.063542 0.221759 0.031250 0.075000
1 0.059896 0.153704 0.032292 0.066667
1 0.132292 0.143056 0.023958 0.056481
0 0.340625 0.129167 0.021875 0.052778
1 0.301823 0.159722 0.024479 0.056481
1 0.376042 0.133333 0.018750 0.050000
0 0.335938 0.218056 0.028125 0.065741
0 0.287240 0.218056 0.032813 0.067593
1 0.316667 0.274074 0.039583 0.094444
0 0.271615 0.306481 0.043229 0.101852
5 0.257292 0.420370 0.075000 0.027778
1 0.194792 0.277778 0.038542 0.090741
0 0.160938 0.293056 0.041667 0.093519
1 0.390365 0.215741 0.028646 0.066667
1 0.421615 0.143056 0.023438 0.058333
0 0.443490 0.114815 0.019271 0.050000
8 0.444792 0.130556 0.028125 0.087037
0 0.471615 0.134259 0.023438 0.044444
1 0.462240 0.193056 0.028646 0.065741
1 0.443490 0.254630 0.031771 0.068519
0 0.454688 0.297222 0.036458 0.081481
5 0.515365 0.443056 0.038021 0.036111
0 0.544792 0.316204 0.039583 0.093519
1 0.651042 0.333333 0.050000 0.101852
1 0.621615 0.311111 0.030729 0.081481
1 0.612240 0.275463 0.030729 0.069444
0 0.627865 0.205556 0.025521 0.057407
1 0.573438 0.202778 0.022917 0.053704
0 0.554688 0.131019 0.020833 0.049074
4 0.555469 0.143519 0.019271 0.033333
1 0.722396 0.168519 0.018750 0.042593
1 0.745313 0.181481 0.023958 0.053704
2 0.771615 0.193519 0.022396 0.048148
2 0.807292 0.203241 0.023958 0.050926
1 0.894792 0.174074 0.025000 0.055556
1 0.862240 0.280556 0.027604 0.070370
6 0.846615 0.343056 0.042188 0.028704
0 0.907813 0.293519 0.038542 0.074074
0 0.972917 0.265278 0.031250 0.065741
0 0.980990 0.310648 0.036979 0.082407
4 0.654167 0.431481 0.051042 0.040741
5 0.895312 0.416204 0.033333 0.025000
5 0.978646 0.468519 0.040625 0.031481
1 0.520833 0.169444 0.025000 0.061111
