1 0.038542 0.611111 0.065625 0.118519
2 0.123177 0.585185 0.066146 0.124074
6 0.089063 0.742593 0.094792 0.070370
1 0.259896 0.540741 0.043750 0.088889
6 0.246615 0.638889 0.076563 0.062963
1 0.364063 0.582407 0.055208 0.135185
4 0.354167 0.717593 0.058333 0.057407
1 0.451042 0.523148 0.044792 0.083333
4 0.450521 0.600000 0.041667 0.044444
1 0.622396 0.498148 0.043750 0.081481
1 0.667188 0.527778 0.055208 0.129630
1 0.707292 0.473148 0.044792 0.083333
1 0.792188 0.444444 0.044792 0.096296
2 0.760938 0.520370 0.067708 0.137037
1 0.926042 0.493519 0.069792 0.131481
4 0.948438 0.666667 0.068750 0.062963
6 0.801042 0.678704 0.104167 0.083333
8 0.051823 0.657407 0.102604 0.225926
8 0.154688 0.645833 0.150000 0.237963
8 0.265625 0.574074 0.109375 0.146296
8 0.375000 0.636111 0.159375 0.231481
8 0.459896 0.556481 0.096875 0.151852
8 0.617448 0.529167 0.059896 0.143519
8 0.650260 0.592130 0.113021 0.260185
8 0.711198 0.489352 0.066146 0.128704
8 0.774740 0.583796 0.150521 0.252778
8 0.809115 0.490278 0.075521 0.180556
8 0.926042 0.559722 0.146875 0.262037
