8 0.064062 0.243519 0.079167 0.120370
8 0.057813 0.188426 0.069792 0.099074
8 0.139323 0.148148 0.049479 0.074074
8 0.150521 0.336574 0.136458 0.180556
8 0.278646 0.358333 0.113542 0.155556
9 0.249740 0.255093 0.072396 0.104630
8 0.320573 0.297685 0.080729 0.163889
8 0.307292 0.182407 0.040625 0.074074
8 0.374219 0.139352 0.048438 0.069444
9 0.397396 0.225926 0.063542 0.088889
8 0.421094 0.158796 0.056771 0.086111
8 0.444792 0.130556 0.029167 0.077778
8 0.477865 0.159259 0.039062 0.100000
8 0.468490 0.225000 0.064062 0.120370
9 0.447917 0.280093 0.072917 0.102778
8 0.446094 0.348611 0.090104 0.180556
8 0.535417 0.346759 0.091667 0.187963
8 0.519792 0.188426 0.051042 0.095370
9 0.565625 0.178241 0.056250 0.071296
8 0.563542 0.206944 0.045833 0.076852
8 0.649740 0.231944 0.057813 0.106481
9 0.597917 0.287500 0.068750 0.093519
8 0.638542 0.371296 0.133333 0.166667
4 0.643490 0.430556 0.052604 0.038889
9 0.730990 0.193056 0.054688 0.082407
9 0.797396 0.187963 0.037500 0.068519
8 0.766146 0.216667 0.052083 0.092593
8 0.815365 0.218519 0.049479 0.083333
8 0.885938 0.202778 0.048958 0.070370
8 0.835417 0.295833 0.069792 0.113889
8 0.898438 0.338426 0.087500 0.158333
8 0.960938 0.293519 0.061458 0.101852
5 0.259896 0.426852 0.069792 0.035185
5 0.515365 0.443056 0.038021 0.032407
5 0.978646 0.468519 0.042708 0.031481
8 0.346615 0.241204 0.070312 0.149074
8 0.702344 0.171759 0.045312 0.099074
1 0.062500 0.220370 0.034375 0.072222
1 0.043490 0.172222 0.030729 0.061111
1 0.132812 0.138889 0.025000 0.055556
0 0.174740 0.295370 0.044271 0.096296
1 0.267188 0.325463 0.044792 0.084259
1 0.306510 0.266204 0.040104 0.093519
1 0.267188 0.241667 0.033333 0.074074
1 0.310417 0.176389 0.026042 0.056481
0 0.338542 0.198148 0.032292 0.062963
1 0.325521 0.138426 0.021875 0.056481
2 0.360417 0.131481 0.018750 0.051852
1 0.396615 0.217130 0.029687 0.067593
1 0.424219 0.147222 0.023438 0.055556
0 0.441146 0.117593 0.020833 0.046296
0 0.471615 0.136111 0.022396 0.050000
1 0.468490 0.195370 0.028646 0.064815
1 0.439063 0.263426 0.032292 0.067593
0 0.454688 0.303704 0.036458 0.088889
0 0.540365 0.298148 0.039062 0.092593
1 0.520833 0.168981 0.023958 0.056481
1 0.571615 0.166204 0.024479 0.045370
0 0.569010 0.194444 0.023438 0.046296
1 0.650000 0.213889 0.028125 0.064815
1 0.643490 0.340741 0.046354 0.101852
0 0.709115 0.141667 0.018229 0.037037
1 0.744271 0.177778 0.023958 0.051852
1 0.770312 0.196759 0.022917 0.050926
1 0.801562 0.181944 0.025000 0.050926
1 0.824219 0.204167 0.023438 0.050926
1 0.847917 0.272222 0.030208 0.068519
1 0.896615 0.194907 0.026562 0.050926
0 0.907292 0.296759 0.038542 0.075000
1 0.975521 0.278704 0.030208 0.064815
