1 0.148438 0.629630 0.048958 0.088889
4 0.135417 0.704630 0.043750 0.046296
0 0.235417 0.593519 0.045833 0.085185
4 0.212240 0.702778 0.054688 0.050000
2 0.322917 0.580556 0.040625 0.083333
3 0.291667 0.724537 0.028125 0.030556
1 0.394271 0.607407 0.054167 0.087037
6 0.379688 0.718519 0.083333 0.042593
2 0.579688 0.590741 0.046875 0.081481
4 0.569792 0.700463 0.037500 0.030556
0 0.689063 0.569444 0.043750 0.088889
4 0.672396 0.690741 0.052083 0.070370
1 0.785417 0.593519 0.044792 0.092593
2 0.853646 0.629630 0.073958 0.118519
4 0.872917 0.819444 0.070833 0.059259
4 0.793490 0.691667 0.051562 0.046296
8 0.152865 0.656019 0.098437 0.125000
8 0.235417 0.640741 0.107292 0.166667
8 0.322917 0.630556 0.080208 0.164815
8 0.403125 0.650000 0.102083 0.159259
8 0.574219 0.639815 0.108854 0.157407
8 0.680208 0.631481 0.096875 0.196296
8 0.780990 0.634722 0.102604 0.169444
8 0.892448 0.718519 0.190104 0.275926
