8 0.070312 0.239352 0.079167 0.134259
8 0.094010 0.163889 0.051562 0.114815
8 0.135417 0.143519 0.055208 0.079630
8 0.380208 0.140741 0.043750 0.064815
8 0.305990 0.172685 0.039062 0.093519
8 0.249740 0.243519 0.068229 0.133333
8 0.341667 0.252315 0.050000 0.136111
8 0.283073 0.343519 0.105729 0.179630
8 0.165365 0.334259 0.098437 0.183333
8 0.420573 0.155556 0.053646 0.083333
9 0.396094 0.229167 0.058854 0.086111
8 0.449740 0.267593 0.077604 0.127778
8 0.439323 0.352315 0.094271 0.176852
5 0.514844 0.443056 0.040104 0.037963
8 0.568490 0.204167 0.044271 0.076852
8 0.527865 0.271296 0.073438 0.109259
8 0.540365 0.355556 0.094271 0.174074
8 0.630990 0.228704 0.057813 0.109259
8 0.634896 0.374537 0.097917 0.156481
9 0.710938 0.177778 0.037500 0.053704
9 0.731771 0.193519 0.057292 0.079630
9 0.793490 0.187500 0.045312 0.075000
8 0.761719 0.218056 0.051562 0.091667
8 0.816146 0.218519 0.055208 0.092593
8 0.884896 0.188426 0.043750 0.093519
8 0.838021 0.294907 0.070833 0.130556
8 0.904167 0.338889 0.083333 0.162963
8 0.960938 0.367130 0.078125 0.213889
8 0.034115 0.155556 0.042188 0.094444
8 0.330208 0.144907 0.043750 0.084259
8 0.477865 0.224074 0.052604 0.122222
9 0.214323 0.312037 0.069271 0.131481
8 0.519010 0.187500 0.049479 0.102778
8 0.323437 0.293519 0.082292 0.174074
0 0.013542 0.233333 0.026042 0.081481
8 0.029167 0.276389 0.057292 0.180556
0 0.058594 0.207870 0.033854 0.063889
2 0.040365 0.142593 0.026562 0.061111
2 0.084115 0.139352 0.029687 0.062037
1 0.127865 0.133333 0.024479 0.055556
0 0.329688 0.130093 0.020833 0.050926
0 0.332813 0.213889 0.029167 0.057407
0 0.300000 0.156019 0.025000 0.056481
0 0.308594 0.243056 0.039062 0.065741
0 0.279948 0.304630 0.046354 0.094444
0 0.157292 0.293056 0.043750 0.091667
1 0.201563 0.292130 0.038542 0.086111
1 0.255990 0.218519 0.034896 0.075926
1 0.277865 0.195833 0.026562 0.063889
1 0.379167 0.133333 0.019792 0.051852
1 0.383333 0.219907 0.031250 0.065741
1 0.423698 0.145370 0.021354 0.061111
1 0.465365 0.195370 0.026562 0.064815
0 0.457813 0.115278 0.020833 0.045370
0 0.482292 0.142130 0.022917 0.050926
8 0.488021 0.163426 0.035417 0.093519
0 0.442708 0.243981 0.033333 0.075000
0 0.518490 0.166204 0.024479 0.056481
0 0.569271 0.187963 0.019792 0.044444
1 0.554688 0.146759 0.020833 0.043519
1 0.536458 0.257407 0.033333 0.074074
0 0.632812 0.206944 0.029167 0.065741
1 0.632292 0.349074 0.044792 0.092593
1 0.541667 0.322222 0.042708 0.101852
2 0.431510 0.308796 0.047396 0.091667
0 0.919271 0.300000 0.041667 0.085185
2 0.856510 0.272222 0.034896 0.068519
0 0.824219 0.199074 0.025521 0.051852
1 0.766406 0.193519 0.023438 0.053704
1 0.796615 0.181019 0.025521 0.056481
1 0.892969 0.172222 0.025521 0.053704
1 0.745052 0.189352 0.024479 0.052778
