0 0.192188 0.587037 0.067708 0.105556
3 0.139063 0.768519 0.037500 0.044444
1 0.288542 0.573148 0.035417 0.081481
4 0.284115 0.640741 0.023438 0.025926
0 0.340625 0.565741 0.053125 0.116667
0 0.402344 0.536111 0.045312 0.081481
1 0.566667 0.575926 0.030208 0.068519
1 0.599740 0.605556 0.055729 0.125926
4 0.582292 0.779630 0.043750 0.070370
1 0.763542 0.568519 0.035417 0.066667
0 0.804688 0.575000 0.057292 0.118519
1 0.970313 0.637037 0.054167 0.131481
8 0.190885 0.648611 0.135937 0.226852
8 0.339844 0.641667 0.131771 0.253704
8 0.411719 0.587037 0.080729 0.185185
8 0.291406 0.602315 0.059896 0.123148
8 0.595573 0.675463 0.136979 0.263889
8 0.799219 0.659259 0.145313 0.283333
8 0.942187 0.694444 0.114583 0.211111
9 0.553646 0.606481 0.077083 0.138889
9 0.746615 0.607870 0.086979 0.141667
