0 0.194271 0.590741 0.062500 0.100000
3 0.140365 0.766667 0.035937 0.044444
1 0.282813 0.575000 0.039583 0.079630
0 0.335938 0.564815 0.053125 0.114815
1 0.395313 0.551852 0.043750 0.096296
1 0.576042 0.557407 0.033333 0.062963
1 0.601042 0.618519 0.057292 0.124074
4 0.592187 0.768519 0.068750 0.066667
1 0.732292 0.590741 0.058333 0.129630
4 0.747917 0.740741 0.055208 0.059259
2 0.854688 0.618519 0.068750 0.125926
5 0.909115 0.803704 0.148438 0.066667
8 0.188542 0.657870 0.134375 0.215741
8 0.288281 0.601389 0.065104 0.125000
8 0.342448 0.645370 0.127604 0.255556
8 0.409896 0.705556 0.078125 0.390741
8 0.563542 0.598611 0.066667 0.134259
8 0.595833 0.675926 0.141667 0.225926
8 0.734896 0.656481 0.131250 0.259259
8 0.855990 0.674537 0.126562 0.228704
