1 0.146615 0.525000 0.057813 0.105556
6 0.107292 0.630556 0.116667 0.072222
1 0.276042 0.525926 0.051042 0.118519
4 0.247917 0.649074 0.048958 0.055556
2 0.377865 0.504630 0.060937 0.116667
3 0.335938 0.684259 0.029167 0.044444
0 0.437500 0.481481 0.037500 0.070370
0 0.622917 0.492593 0.045833 0.081481
0 0.719271 0.509259 0.037500 0.068519
2 0.797396 0.520833 0.041667 0.080556
0 0.763542 0.556481 0.052083 0.112963
5 0.752865 0.736111 0.092188 0.057407
8 0.155208 0.562500 0.128125 0.191667
8 0.276042 0.570370 0.114583 0.198148
8 0.397656 0.562500 0.155729 0.236111
8 0.452865 0.531019 0.071354 0.152778
8 0.607292 0.541667 0.105208 0.166667
8 0.708594 0.551389 0.076563 0.143519
8 0.747135 0.623148 0.138021 0.235185
8 0.810417 0.566204 0.066667 0.162037
