8 0.065365 0.242593 0.079687 0.120370
8 0.139583 0.150926 0.048958 0.074074
8 0.149740 0.340278 0.120313 0.171296
8 0.277865 0.356481 0.114062 0.155556
9 0.251042 0.256019 0.072917 0.100926
8 0.326042 0.305556 0.096875 0.155556
8 0.377865 0.143056 0.044271 0.062037
9 0.405469 0.226852 0.051562 0.085185
8 0.421094 0.156019 0.056771 0.086111
8 0.478646 0.159722 0.038542 0.100926
8 0.467187 0.218519 0.062500 0.129630
9 0.447917 0.280093 0.072917 0.102778
8 0.445833 0.349537 0.090625 0.182407
8 0.535156 0.347222 0.091146 0.190741
8 0.519271 0.185648 0.048958 0.099074
8 0.564844 0.160648 0.054688 0.104630
8 0.562240 0.213426 0.045312 0.076852
8 0.637240 0.229167 0.057813 0.106481
9 0.596615 0.287963 0.067187 0.094444
8 0.639844 0.370833 0.132812 0.167593
4 0.643490 0.430556 0.052604 0.038889
9 0.730990 0.193056 0.054688 0.082407
9 0.797396 0.191667 0.039583 0.068519
8 0.765625 0.216667 0.053125 0.094444
8 0.814583 0.218981 0.050000 0.086111
8 0.885938 0.202315 0.048958 0.075000
8 0.833594 0.301389 0.076563 0.123148
8 0.898438 0.340278 0.086458 0.160185
5 0.259896 0.426852 0.069792 0.035185
5 0.515365 0.443056 0.038021 0.032407
5 0.978646 0.468519 0.042708 0.031481
8 0.343490 0.242593 0.107813 0.150000
8 0.947396 0.366667 0.105208 0.207407
8 0.702865 0.174537 0.042188 0.097222
1 0.063542 0.218981 0.033333 0.073148
8 0.091667 0.166204 0.060417 0.104630
1 0.076563 0.144907 0.029167 0.062037
1 0.131771 0.140741 0.025000 0.055556
0 0.159896 0.301389 0.044792 0.093519
1 0.267969 0.323148 0.045312 0.088889
1 0.305469 0.275000 0.042188 0.092593
1 0.267188 0.244907 0.033333 0.076852
0 0.343490 0.205556 0.034896 0.074074
0 0.327865 0.128704 0.020313 0.046296
8 0.331510 0.143981 0.040104 0.082407
1 0.376563 0.135185 0.018750 0.048148
1 0.396615 0.218519 0.029687 0.066667
1 0.424219 0.147685 0.020313 0.056481
0 0.470833 0.134722 0.021875 0.049074
0 0.467187 0.178704 0.028125 0.053704
1 0.439063 0.263426 0.032292 0.069444
0 0.454688 0.304630 0.038542 0.088889
0 0.538542 0.297685 0.038542 0.086111
0 0.518490 0.167130 0.024479 0.056481
0 0.569271 0.195833 0.023958 0.047222
0 0.569792 0.133333 0.023958 0.051852
4 0.565365 0.145370 0.025521 0.035185
1 0.643490 0.339815 0.045312 0.101852
0 0.637240 0.205093 0.027604 0.058333
1 0.710417 0.147685 0.017708 0.043519
1 0.743490 0.178241 0.024479 0.052778
1 0.771094 0.196759 0.021354 0.050926
1 0.801562 0.182870 0.026042 0.050926
1 0.823438 0.204630 0.023958 0.053704
1 0.852865 0.276852 0.029687 0.068519
1 0.896615 0.195370 0.026562 0.050000
6 0.843490 0.337500 0.042188 0.032407
0 0.907813 0.297222 0.038542 0.074074
0 0.980990 0.309259 0.036979 0.096296
