7 0.116667 0.754630 0.072917 0.124074
3 0.057813 0.836574 0.033333 0.043519
1 0.231771 0.605556 0.044792 0.094444
4 0.212240 0.689815 0.042188 0.038889
7 0.244271 0.740741 0.067708 0.118519
1 0.348438 0.603704 0.046875 0.096296
4 0.339844 0.683333 0.045312 0.050000
1 0.523438 0.619907 0.043750 0.080556
3 0.529167 0.701852 0.034375 0.025926
1 0.629167 0.618519 0.045833 0.081481
6 0.622396 0.693519 0.060417 0.048148
0 0.754167 0.602778 0.058333 0.120370
3 0.754167 0.825926 0.041667 0.037037
0 0.877865 0.619444 0.070312 0.103704
5 0.939844 0.843519 0.120313 0.062963
3 0.229167 0.841667 0.035417 0.038889
8 0.228646 0.628241 0.090625 0.132407
8 0.350000 0.634722 0.101042 0.150926
8 0.520312 0.644907 0.109375 0.119444
8 0.626563 0.640741 0.108333 0.142593
8 0.731771 0.682407 0.177083 0.277778
8 0.877865 0.701389 0.117188 0.247222
9 0.105990 0.730556 0.164062 0.172222
9 0.257292 0.747222 0.148958 0.207407
