7 0.085417 0.729630 0.077083 0.107407
3 0.044792 0.851852 0.050000 0.037037
0 0.240625 0.643519 0.056250 0.100000
5 0.188542 0.842593 0.116667 0.051852
0 0.235417 0.577778 0.040625 0.062963
0 0.347396 0.579630 0.038542 0.074074
3 0.325000 0.711574 0.018750 0.030556
5 0.354167 0.714815 0.035417 0.037037
0 0.481771 0.572685 0.038542 0.080556
1 0.526563 0.685648 0.062500 0.117593
4 0.535417 0.805556 0.070833 0.064815
0 0.596094 0.580556 0.042188 0.079630
3 0.610417 0.705556 0.018750 0.025926
0 0.702865 0.603704 0.051562 0.092593
3 0.694792 0.820370 0.029167 0.038889
1 0.839063 0.674537 0.067708 0.106481
5 0.884896 0.827778 0.091667 0.055556
9 0.107292 0.737500 0.136458 0.204630
8 0.237240 0.718519 0.122396 0.224074
8 0.246615 0.624537 0.084896 0.143519
8 0.345313 0.628704 0.082292 0.157407
8 0.480990 0.619444 0.101562 0.161111
8 0.532292 0.731019 0.135417 0.197222
8 0.599740 0.620370 0.081771 0.153704
8 0.707292 0.689815 0.120833 0.251852
8 0.855469 0.723611 0.124479 0.180556
