1 0.060417 0.601852 0.063542 0.114815
1 0.162240 0.601852 0.069271 0.114815
6 0.148438 0.749074 0.095833 0.083333
1 0.291146 0.550926 0.047917 0.087037
4 0.279167 0.643519 0.075000 0.057407
1 0.382292 0.575926 0.066667 0.137037
1 0.460417 0.514815 0.053125 0.088889
4 0.471094 0.607407 0.042188 0.048148
3 0.318490 0.755556 0.042188 0.044444
6 0.372396 0.741667 0.077083 0.109259
1 0.670833 0.530556 0.055208 0.137037
1 0.738542 0.478704 0.043750 0.083333
1 0.826042 0.443519 0.051042 0.081481
1 0.813021 0.534259 0.070833 0.144444
6 0.835938 0.680556 0.104167 0.138889
1 0.968490 0.511111 0.057813 0.144444
8 0.080990 0.656481 0.113021 0.209259
8 0.179427 0.661574 0.156771 0.215741
8 0.299740 0.585648 0.095312 0.143519
8 0.399219 0.629167 0.146354 0.230556
8 0.477604 0.556481 0.094792 0.159259
8 0.671354 0.603241 0.136458 0.278704
8 0.735938 0.520833 0.073958 0.165741
8 0.842187 0.502315 0.087500 0.178704
8 0.813281 0.601852 0.154688 0.274074
8 0.946094 0.586111 0.107813 0.268519
