0 0.194792 0.597222 0.066667 0.112963
3 0.139063 0.765741 0.037500 0.042593
1 0.282813 0.570370 0.041667 0.077778
4 0.285938 0.636111 0.029167 0.031481
0 0.335938 0.568519 0.055208 0.107407
1 0.393490 0.554630 0.043229 0.098148
1 0.574740 0.562963 0.039062 0.062963
1 0.597917 0.617593 0.053125 0.120370
4 0.596094 0.770370 0.067187 0.070370
1 0.734115 0.586111 0.051562 0.120370
4 0.747917 0.727778 0.055208 0.062963
2 0.857292 0.618519 0.065625 0.124074
5 0.907813 0.805556 0.138542 0.068519
8 0.188542 0.656019 0.130208 0.217593
8 0.289844 0.601852 0.067187 0.122222
8 0.340625 0.642130 0.131250 0.250926
8 0.407031 0.593056 0.085938 0.165741
8 0.566146 0.601389 0.069792 0.137963
8 0.594792 0.673611 0.142708 0.226852
8 0.733594 0.651852 0.130729 0.261111
8 0.855990 0.675000 0.131771 0.233333
