1 0.210417 0.436111 0.028125 0.061111
8 0.205990 0.454630 0.073438 0.101852
1 0.112500 0.410648 0.026042 0.052778
9 0.117188 0.418519 0.057292 0.070370
1 0.163542 0.388426 0.022917 0.043519
9 0.165365 0.393519 0.046354 0.057407
1 0.259375 0.405093 0.021875 0.043519
8 0.267448 0.422685 0.050521 0.080556
2 0.271354 0.357870 0.020833 0.043519
8 0.281771 0.366667 0.040625 0.064815
1 0.311979 0.345370 0.017708 0.038889
8 0.313021 0.350463 0.039583 0.049074
1 0.316927 0.462963 0.029687 0.072222
8 0.310417 0.490278 0.089583 0.119444
4 0.302865 0.524074 0.035937 0.031481
1 0.404167 0.462037 0.030208 0.068519
8 0.405990 0.489815 0.099479 0.120370
4 0.397917 0.531019 0.035417 0.037963
0 0.517188 0.443981 0.033333 0.058333
8 0.515365 0.481944 0.074479 0.134259
0 0.580990 0.449537 0.032813 0.056481
8 0.585417 0.485185 0.063542 0.131481
0 0.665365 0.443519 0.030729 0.059259
8 0.667188 0.480556 0.072917 0.138889
1 0.647917 0.447222 0.019792 0.055556
1 0.364063 0.445833 0.027083 0.056481
9 0.364583 0.462500 0.055208 0.093519
1 0.428646 0.451852 0.025000 0.053704
9 0.444792 0.461111 0.055208 0.094444
1 0.393490 0.417130 0.026562 0.049074
0 0.523438 0.400926 0.020833 0.048148
8 0.523438 0.418519 0.051042 0.090741
1 0.583594 0.408333 0.021354 0.044444
1 0.635938 0.418519 0.021875 0.051852
1 0.627344 0.431019 0.041146 0.076852
0 0.658073 0.377315 0.018229 0.043519
8 0.661719 0.393056 0.042188 0.080556
1 0.537500 0.373148 0.022917 0.042593
8 0.544792 0.391204 0.038542 0.080556
0 0.485417 0.378241 0.020833 0.037963
8 0.488021 0.393056 0.041667 0.071296
0 0.448698 0.393056 0.022396 0.041667
8 0.455469 0.418519 0.035937 0.090741
1 0.400000 0.381019 0.018750 0.036111
1 0.616927 0.370833 0.017188 0.037963
8 0.612240 0.380556 0.041146 0.050000
0 0.575781 0.349074 0.017188 0.040741
8 0.576042 0.366667 0.035417 0.070370
0 0.417448 0.352315 0.018229 0.036111
8 0.419792 0.366667 0.034375 0.066667
1 0.437760 0.340278 0.015104 0.043519
8 0.439063 0.345370 0.029167 0.050000
1 0.505469 0.339815 0.016146 0.037037
8 0.505469 0.347685 0.034896 0.056481
1 0.475260 0.334259 0.015104 0.035185
8 0.474740 0.337500 0.028646 0.043519
1 0.533594 0.333333 0.014063 0.031481
1 0.600781 0.334259 0.016146 0.037037
8 0.596615 0.341667 0.026562 0.050000
1 0.718490 0.343056 0.013021 0.030556
1 0.730990 0.355093 0.015104 0.034259
8 0.730990 0.362500 0.034896 0.056481
1 0.777344 0.353241 0.016146 0.037963
8 0.774219 0.355556 0.029687 0.048148
0 0.755990 0.368519 0.015104 0.035185
1 0.796615 0.368519 0.020313 0.038889
1 0.858073 0.350463 0.019271 0.037963
8 0.852344 0.358333 0.031771 0.062963
1 0.830990 0.387037 0.019271 0.044444
8 0.831771 0.399537 0.019792 0.069444
0 0.815365 0.416667 0.028646 0.050000
8 0.815365 0.436111 0.049479 0.094444
2 0.912240 0.406019 0.022396 0.045370
8 0.904167 0.423611 0.038542 0.080556
1 0.957292 0.425926 0.023958 0.048148
8 0.959115 0.436574 0.028646 0.080556
1 0.874219 0.446296 0.026562 0.064815
8 0.862760 0.469907 0.057813 0.113889
1 0.924740 0.455556 0.033854 0.072222
8 0.921094 0.491204 0.079687 0.139815
0 0.987240 0.481019 0.024479 0.065741
8 0.979167 0.506019 0.041667 0.108333
5 0.163542 0.543519 0.040625 0.022222
5 0.269010 0.461111 0.022396 0.024074
8 0.752865 0.382870 0.036979 0.065741
6 0.929167 0.545833 0.038542 0.058333
8 0.791667 0.381944 0.035417 0.063889
