8 0.064844 0.243981 0.082812 0.119444
8 0.096094 0.165278 0.051562 0.102778
8 0.137240 0.150463 0.049479 0.069444
8 0.144010 0.338889 0.124479 0.177778
8 0.277344 0.355556 0.114062 0.155556
9 0.249740 0.255093 0.073438 0.100926
8 0.320833 0.297685 0.079167 0.167593
8 0.301563 0.168519 0.048958 0.100000
8 0.377865 0.134722 0.045312 0.075000
9 0.396615 0.226389 0.067187 0.089815
8 0.421094 0.157870 0.056771 0.086111
8 0.444271 0.130556 0.029167 0.079630
8 0.464062 0.218056 0.068750 0.132407
9 0.447917 0.281019 0.072917 0.102778
8 0.446615 0.347222 0.090104 0.181481
8 0.535417 0.343519 0.092708 0.190741
8 0.518490 0.193056 0.046354 0.084259
8 0.564063 0.170370 0.056250 0.083333
8 0.564063 0.207870 0.045833 0.076852
8 0.637240 0.229167 0.057813 0.106481
9 0.597917 0.290278 0.069792 0.089815
8 0.640365 0.372685 0.133854 0.169444
4 0.643490 0.430556 0.052604 0.038889
9 0.742188 0.188426 0.053125 0.080556
8 0.766667 0.218519 0.052083 0.090741
8 0.815885 0.208796 0.052604 0.100926
8 0.882292 0.186111 0.041667 0.094444
8 0.834375 0.300000 0.075000 0.120370
8 0.896094 0.338426 0.081771 0.156481
8 0.949740 0.286111 0.045312 0.105556
5 0.259896 0.426852 0.069792 0.035185
5 0.515365 0.443056 0.038021 0.032407
5 0.978646 0.468519 0.042708 0.031481
8 0.340365 0.248611 0.046354 0.141667
8 0.944792 0.370833 0.110417 0.193519
8 0.703646 0.176852 0.042708 0.100000
1 0.064844 0.222685 0.034896 0.075000
2 0.084115 0.143056 0.027604 0.058333
1 0.126823 0.143056 0.025521 0.052778
0 0.159115 0.294907 0.043229 0.091667
9 0.215365 0.318519 0.073438 0.114815
1 0.267188 0.322685 0.044792 0.087963
1 0.307812 0.260185 0.040625 0.094444
1 0.267188 0.243056 0.034375 0.076852
0 0.334115 0.210648 0.028646 0.058333
0 0.307292 0.143981 0.025000 0.049074
0 0.319792 0.131019 0.020833 0.050926
8 0.326042 0.140741 0.033333 0.072222
1 0.335938 0.121296 0.018750 0.051852
2 0.369271 0.127315 0.020833 0.050926
1 0.397396 0.218519 0.029167 0.064815
1 0.423698 0.143981 0.022396 0.054630
0 0.439844 0.116204 0.020313 0.045370
0 0.454688 0.298611 0.035417 0.082407
0 0.464844 0.181019 0.027604 0.052778
1 0.519792 0.180556 0.023958 0.057407
1 0.571094 0.155556 0.023438 0.046296
0 0.568490 0.195833 0.023438 0.049074
0 0.538542 0.296759 0.038542 0.093519
1 0.644271 0.342130 0.048958 0.099074
0 0.635938 0.206481 0.028125 0.061111
1 0.710938 0.147685 0.018750 0.043519
2 0.755469 0.177315 0.025521 0.052778
1 0.777865 0.198148 0.024479 0.053704
1 0.816667 0.189352 0.023958 0.052778
2 0.887240 0.168056 0.026562 0.052778
1 0.851562 0.273611 0.031250 0.067593
0 0.905990 0.298611 0.038021 0.071296
0 0.954688 0.262963 0.029167 0.055556
1 0.981510 0.325463 0.035937 0.104630
8 0.058594 0.192593 0.075521 0.098148
1 0.054167 0.171296 0.031250 0.057407
