0 0.094792 0.640741 0.075000 0.133333
3 0.044792 0.848148 0.055208 0.044444
1 0.249219 0.580556 0.045312 0.090741
7 0.194792 0.764815 0.077083 0.129630
0 0.342969 0.579630 0.045312 0.081481
3 0.326042 0.710185 0.025000 0.031481
0 0.492188 0.566667 0.040625 0.081481
1 0.516667 0.693519 0.058333 0.118519
4 0.538542 0.810185 0.040625 0.055556
0 0.621615 0.575926 0.040104 0.100000
1 0.701042 0.610185 0.055208 0.105556
3 0.696615 0.825926 0.032813 0.037037
1 0.835417 0.668981 0.056250 0.119444
5 0.881771 0.824074 0.095833 0.068519
8 0.105990 0.704167 0.131771 0.260185
8 0.252865 0.626852 0.092188 0.181481
8 0.343229 0.625000 0.088542 0.172222
8 0.493490 0.611574 0.102604 0.171296
9 0.531771 0.731019 0.135417 0.215741
8 0.613542 0.618056 0.108333 0.178704
8 0.709115 0.687500 0.128646 0.269444
8 0.852344 0.719444 0.129688 0.209259
9 0.219271 0.749074 0.142708 0.205556
