0 0.169792 0.630556 0.064583 0.120370
3 0.141667 0.801852 0.042708 0.040741
1 0.319792 0.593519 0.041667 0.061111
1 0.319792 0.658333 0.054167 0.112963
5 0.276042 0.780556 0.093750 0.051852
0 0.392188 0.592593 0.040625 0.088889
6 0.407292 0.705556 0.069792 0.048148
0 0.569271 0.555556 0.037500 0.074074
2 0.585938 0.647222 0.054167 0.105556
3 0.594792 0.816667 0.030208 0.040741
1 0.663542 0.593519 0.042708 0.100000
4 0.667188 0.692593 0.045833 0.051852
1 0.784375 0.627778 0.059375 0.133333
4 0.806771 0.780556 0.036458 0.059259
1 0.923438 0.651852 0.065625 0.114815
5 0.961719 0.818519 0.070312 0.066667
8 0.177604 0.694444 0.126042 0.225926
8 0.330208 0.710185 0.118750 0.192593
8 0.324740 0.594444 0.073438 0.090741
8 0.414323 0.634259 0.102604 0.168519
8 0.558073 0.607870 0.091146 0.173148
8 0.596875 0.706481 0.119792 0.209259
8 0.669792 0.630556 0.082292 0.150000
8 0.779167 0.681019 0.139583 0.243519
8 0.936719 0.704167 0.126562 0.213889
