0 0.184896 0.592593 0.064583 0.118519
3 0.139063 0.764815 0.037500 0.040741
1 0.285938 0.575000 0.043750 0.081481
4 0.277865 0.633333 0.039062 0.040741
1 0.331771 0.568519 0.054167 0.118519
3 0.291667 0.758333 0.041667 0.035185
1 0.400521 0.563889 0.050000 0.101852
4 0.392188 0.646296 0.033333 0.051852
0 0.571094 0.555556 0.032813 0.085185
1 0.599740 0.617593 0.060937 0.120370
4 0.595313 0.768519 0.075000 0.077778
1 0.725521 0.580556 0.058333 0.125926
4 0.734896 0.677778 0.055208 0.062963
1 0.757292 0.560185 0.035417 0.079630
2 0.832292 0.630556 0.070833 0.122222
5 0.913021 0.805556 0.141667 0.062963
8 0.186198 0.651389 0.138021 0.226852
8 0.334896 0.642130 0.115625 0.250926
8 0.592969 0.676852 0.138021 0.238889
8 0.725781 0.655556 0.128646 0.270370
8 0.855990 0.684722 0.140104 0.213889
8 0.769792 0.605556 0.058333 0.151852
9 0.283073 0.600926 0.069271 0.125926
9 0.410156 0.598611 0.085938 0.162037
8 0.561198 0.594907 0.077604 0.149074
