8 0.069271 0.248611 0.087500 0.130556
8 0.135417 0.143981 0.055208 0.080556
8 0.091667 0.164815 0.055208 0.111111
8 0.377865 0.132407 0.038021 0.068519
8 0.333594 0.143056 0.045312 0.084259
8 0.307292 0.177315 0.039583 0.097222
8 0.341667 0.251389 0.058333 0.137963
9 0.396615 0.226852 0.063021 0.087037
8 0.416667 0.155093 0.055208 0.087963
8 0.472396 0.218519 0.046875 0.114815
8 0.451042 0.255556 0.084375 0.140741
8 0.521615 0.255556 0.057813 0.140741
8 0.569792 0.205556 0.047917 0.083333
8 0.644792 0.228241 0.058333 0.110185
8 0.596615 0.281019 0.060937 0.100926
8 0.634115 0.370370 0.100521 0.150000
8 0.541146 0.347685 0.093750 0.180556
8 0.443490 0.347685 0.092188 0.182407
9 0.264844 0.365278 0.123438 0.136111
8 0.317969 0.306944 0.084896 0.137963
8 0.143490 0.330556 0.134896 0.190741
8 0.214844 0.303704 0.067187 0.137037
8 0.265365 0.242593 0.067187 0.135185
9 0.707292 0.175000 0.038542 0.055556
9 0.733594 0.193056 0.056771 0.082407
8 0.791667 0.181019 0.041667 0.082407
8 0.763542 0.218519 0.055208 0.092593
8 0.816667 0.218519 0.055208 0.090741
8 0.884896 0.188889 0.042708 0.085185
8 0.832292 0.293056 0.075000 0.130556
9 0.909115 0.355093 0.082812 0.128704
8 0.963021 0.380556 0.073958 0.192593
8 0.032813 0.156019 0.056250 0.087963
8 0.544792 0.155093 0.040625 0.076852
5 0.398438 0.431019 0.060417 0.030556
5 0.513542 0.443056 0.037500 0.032407
8 0.518490 0.183796 0.046354 0.099074
8 0.869271 0.246759 0.037500 0.093519
9 0.972396 0.300926 0.055208 0.098148
2 0.035417 0.143981 0.031250 0.058333
1 0.077865 0.143519 0.026562 0.064815
1 0.062240 0.222222 0.031771 0.068519
1 0.127344 0.132407 0.024479 0.055556
2 0.337500 0.131019 0.025000 0.054630
0 0.377865 0.126852 0.020313 0.050000
0 0.302344 0.156019 0.026562 0.052778
0 0.269792 0.210185 0.033333 0.068519
0 0.338542 0.212500 0.030208 0.056481
1 0.214844 0.280093 0.039062 0.086111
1 0.314844 0.293056 0.039062 0.087963
1 0.243490 0.354167 0.049479 0.093519
0 0.163542 0.287500 0.045833 0.093519
2 0.404167 0.142130 0.026042 0.052778
1 0.389844 0.218056 0.031771 0.067593
0 0.454688 0.120833 0.019792 0.043519
0 0.477865 0.137037 0.021354 0.044444
0 0.459896 0.160648 0.028125 0.056481
0 0.470313 0.191204 0.026042 0.058333
1 0.454167 0.229630 0.032292 0.074074
0 0.449219 0.299537 0.042188 0.082407
0 0.516667 0.162963 0.025000 0.055556
0 0.554167 0.142593 0.020833 0.050000
0 0.569792 0.190741 0.023958 0.050000
0 0.648438 0.206019 0.029167 0.065741
1 0.609896 0.270833 0.033333 0.075000
0 0.522396 0.229630 0.032292 0.075926
2 0.543490 0.306481 0.048438 0.098148
1 0.624740 0.344444 0.045312 0.092593
1 0.716146 0.169907 0.018750 0.043519
1 0.746615 0.179630 0.026562 0.051852
1 0.786719 0.168056 0.025521 0.054630
0 0.769792 0.195370 0.021875 0.050000
0 0.823438 0.200463 0.025000 0.050926
0 0.867188 0.229167 0.026042 0.054630
0 0.845313 0.266667 0.028125 0.062963
0 0.905990 0.270370 0.038021 0.062963
1 0.891667 0.169907 0.026042 0.049074
1 0.929688 0.331019 0.039583 0.082407
1 0.986198 0.285185 0.027604 0.068519
8 0.901042 0.293519 0.051042 0.109259
