1 0.905990 0.486574 0.033854 0.080556
8 0.885417 0.513889 0.087500 0.140741
0 0.961979 0.447222 0.039583 0.077778
8 0.959115 0.493519 0.079687 0.166667
1 0.872396 0.445370 0.033333 0.066667
0 0.816667 0.399537 0.032292 0.056481
8 0.809115 0.443519 0.078646 0.142593
5 0.807292 0.520833 0.038542 0.030556
0 0.834115 0.370833 0.018229 0.043519
0 0.802865 0.367593 0.020313 0.040741
1 0.765625 0.408333 0.025000 0.057407
1 0.721094 0.385648 0.021354 0.043519
8 0.709896 0.404167 0.051042 0.084259
6 0.705990 0.434259 0.026562 0.018519
8 0.751563 0.433333 0.065625 0.105556
6 0.757292 0.475463 0.038542 0.037963
1 0.725521 0.352315 0.016667 0.034259
1 0.703385 0.342593 0.020313 0.037037
0 0.652865 0.330556 0.016146 0.031481
8 0.660417 0.345370 0.041667 0.062963
1 0.745573 0.315741 0.015104 0.035185
8 0.738542 0.322685 0.029167 0.056481
8 0.796875 0.384259 0.034375 0.081481
0 0.671615 0.308333 0.016146 0.035185
8 0.675521 0.318519 0.030208 0.051852
0 0.635938 0.306481 0.016667 0.033333
8 0.629948 0.320370 0.033854 0.061111
0 0.566667 0.418519 0.028125 0.059259
0 0.489063 0.418056 0.029167 0.058333
8 0.568490 0.453241 0.068229 0.130556
8 0.501042 0.450463 0.075000 0.130556
0 0.434115 0.418519 0.029687 0.061111
8 0.427344 0.453704 0.073438 0.125926
6 0.422396 0.498148 0.036458 0.031481
1 0.358594 0.410648 0.030729 0.056481
8 0.365365 0.431019 0.078646 0.095370
1 0.287240 0.428704 0.034896 0.072222
8 0.290365 0.456019 0.104688 0.130556
1 0.008594 0.380556 0.016146 0.059259
9 0.019792 0.385185 0.038542 0.068519
1 0.069792 0.344444 0.020833 0.044444
8 0.072917 0.352778 0.035417 0.062963
1 0.109115 0.426389 0.026562 0.050926
9 0.105990 0.431019 0.077604 0.073148
0 0.165365 0.356019 0.021354 0.047222
8 0.176042 0.381019 0.045833 0.091667
5 0.169792 0.428241 0.025000 0.019444
1 0.109896 0.351389 0.022917 0.039815
2 0.147396 0.310185 0.019792 0.044444
1 0.178385 0.313426 0.019271 0.045370
8 0.186719 0.327778 0.035937 0.077778
1 0.209896 0.311111 0.017708 0.040741
1 0.215365 0.316667 0.034896 0.046296
8 0.142448 0.317130 0.033854 0.069444
1 0.551562 0.381019 0.023958 0.054630
8 0.541667 0.396296 0.047917 0.087037
1 0.352865 0.355556 0.023438 0.050000
8 0.343490 0.378241 0.044271 0.100926
1 0.306250 0.345370 0.021875 0.046296
8 0.306771 0.355556 0.051042 0.066667
1 0.331771 0.315278 0.016667 0.039815
1 0.345313 0.300463 0.013542 0.037963
1 0.390625 0.292130 0.012500 0.034259
2 0.404687 0.337963 0.022917 0.048148
8 0.402865 0.353704 0.043229 0.075926
0 0.435417 0.368519 0.020833 0.051852
8 0.438021 0.386111 0.054167 0.094444
1 0.490365 0.321759 0.018229 0.047222
0 0.446094 0.307407 0.018229 0.038889
8 0.444271 0.328704 0.045833 0.074074
1 0.413021 0.304167 0.017708 0.039815
8 0.413542 0.312963 0.038542 0.057407
0 0.435677 0.281944 0.016146 0.034259
1 0.515885 0.302315 0.017188 0.039815
8 0.512240 0.310648 0.032813 0.056481
0 0.537240 0.285185 0.015104 0.031481
8 0.538542 0.293519 0.026042 0.051852
1 0.529167 0.331019 0.014583 0.034259
8 0.526563 0.340741 0.039583 0.053704
0 0.576042 0.341204 0.017708 0.043519
8 0.576042 0.355556 0.035417 0.074074
8 0.388021 0.296759 0.033333 0.052778
8 0.485938 0.331019 0.040625 0.065741
1 0.267969 0.411574 0.026562 0.069444
8 0.330990 0.329167 0.029687 0.067593
