8 0.064844 0.243519 0.080729 0.122222
8 0.066667 0.180093 0.080208 0.115741
8 0.139063 0.146296 0.048958 0.074074
8 0.168490 0.336111 0.103646 0.181481
8 0.277865 0.355556 0.114062 0.155556
9 0.249740 0.255556 0.070312 0.103704
9 0.315885 0.311111 0.082812 0.144444
8 0.302865 0.182870 0.034896 0.078704
8 0.374219 0.140278 0.048438 0.067593
9 0.397396 0.225926 0.063542 0.088889
8 0.419792 0.159259 0.055208 0.085185
8 0.444792 0.130093 0.029167 0.078704
8 0.466146 0.218519 0.063542 0.125926
9 0.447396 0.281019 0.072917 0.102778
8 0.446094 0.350000 0.090104 0.181481
8 0.535417 0.344907 0.093750 0.187963
8 0.519792 0.182870 0.048958 0.100926
9 0.566146 0.178241 0.057292 0.069444
8 0.563542 0.208796 0.045833 0.076852
8 0.641667 0.231019 0.057292 0.102778
9 0.597917 0.288889 0.068750 0.094444
8 0.638542 0.372222 0.131250 0.168519
4 0.642188 0.430556 0.053125 0.040741
9 0.730990 0.192593 0.054688 0.081481
9 0.796615 0.188889 0.039062 0.068519
8 0.765625 0.216667 0.053125 0.094444
8 0.814063 0.218981 0.050000 0.086111
8 0.885938 0.202315 0.048958 0.075000
8 0.835938 0.294907 0.065625 0.119444
8 0.897917 0.339815 0.085417 0.161111
8 0.957812 0.293519 0.057292 0.107407
5 0.259896 0.426852 0.069792 0.035185
5 0.515365 0.443056 0.038021 0.032407
5 0.978646 0.468519 0.042708 0.031481
8 0.344792 0.246759 0.066667 0.139815
8 0.705990 0.166204 0.042188 0.078704
1 0.063021 0.218519 0.033333 0.074074
1 0.075000 0.155556 0.031250 0.064815
1 0.035417 0.151389 0.029167 0.062037
1 0.132292 0.137963 0.025000 0.055556
0 0.187240 0.291204 0.042188 0.087963
1 0.266667 0.322222 0.044792 0.088889
1 0.299740 0.293981 0.040104 0.082407
1 0.264062 0.243056 0.034375 0.076852
1 0.307292 0.174074 0.025000 0.055556
0 0.340365 0.208333 0.030729 0.059259
1 0.335417 0.121759 0.020833 0.049074
8 0.339062 0.133333 0.031250 0.074074
2 0.360417 0.131019 0.020833 0.050926
1 0.397396 0.215278 0.030208 0.069444
1 0.423438 0.145833 0.023958 0.056481
0 0.444792 0.116204 0.019792 0.045370
1 0.472917 0.187963 0.029167 0.062963
1 0.470313 0.140278 0.022917 0.049074
1 0.439063 0.263889 0.031250 0.068519
0 0.454688 0.305556 0.036458 0.088889
0 0.521615 0.161111 0.023438 0.055556
1 0.571094 0.167130 0.025521 0.045370
0 0.567708 0.193056 0.023958 0.045370
0 0.539844 0.296296 0.039062 0.088889
1 0.639323 0.212963 0.028646 0.068519
1 0.643490 0.341204 0.045312 0.104630
1 0.708333 0.147222 0.020833 0.044444
1 0.743490 0.178241 0.023438 0.049074
1 0.769792 0.193981 0.021875 0.050926
1 0.801042 0.181019 0.025000 0.050926
1 0.823438 0.204167 0.022917 0.050926
1 0.847396 0.269444 0.029167 0.068519
1 0.896875 0.194907 0.028125 0.050926
0 0.906771 0.295833 0.038542 0.073148
1 0.970313 0.272222 0.029167 0.062963
