0 0.163542 0.630556 0.058333 0.109259
3 0.059896 0.840741 0.035417 0.037037
0 0.223438 0.593519 0.043750 0.074074
0 0.280990 0.616667 0.057813 0.118519
0 0.351042 0.574537 0.045833 0.080556
3 0.234375 0.830556 0.040625 0.051852
1 0.519792 0.610648 0.040625 0.080556
4 0.526042 0.692593 0.057292 0.051852
1 0.632292 0.610648 0.039583 0.080556
6 0.634375 0.696759 0.065625 0.069444
0 0.743490 0.587963 0.054688 0.112963
0 0.871094 0.611574 0.057813 0.093519
6 0.940365 0.843519 0.114062 0.061111
3 0.757292 0.827778 0.042708 0.040741
8 0.154688 0.700926 0.110417 0.238889
8 0.225000 0.611111 0.068750 0.118519
8 0.290104 0.693981 0.129167 0.252778
8 0.356510 0.618519 0.083854 0.161111
8 0.517188 0.635648 0.106250 0.134259
8 0.627344 0.638426 0.102604 0.136111
8 0.747917 0.680556 0.161458 0.300000
8 0.878385 0.697222 0.125521 0.270370
