8 0.066146 0.243519 0.083333 0.118519
8 0.092188 0.164352 0.057292 0.113889
8 0.140625 0.147685 0.046875 0.069444
8 0.163021 0.355556 0.097917 0.144444
8 0.277344 0.356019 0.115104 0.154630
9 0.205990 0.318519 0.088021 0.124074
9 0.315365 0.311574 0.085938 0.143519
9 0.246615 0.256019 0.071354 0.104630
8 0.344271 0.248611 0.061458 0.141667
8 0.307292 0.182407 0.043750 0.079630
9 0.397396 0.225000 0.060417 0.081481
8 0.335938 0.152778 0.041667 0.079630
8 0.378385 0.142130 0.045312 0.065741
8 0.421615 0.152778 0.055729 0.092593
8 0.474740 0.161111 0.041146 0.105556
8 0.624219 0.224074 0.065104 0.105556
9 0.572396 0.179630 0.063542 0.064815
9 0.569271 0.218056 0.058333 0.063889
8 0.444792 0.351389 0.090625 0.186111
8 0.534115 0.355556 0.090104 0.170370
8 0.639844 0.368519 0.129688 0.172222
9 0.522917 0.254630 0.069792 0.148148
5 0.259115 0.426852 0.069271 0.035185
5 0.513542 0.443056 0.037500 0.032407
9 0.711719 0.178241 0.032813 0.052778
9 0.731771 0.193056 0.053125 0.075000
8 0.765625 0.216667 0.046875 0.087037
8 0.815365 0.219444 0.051562 0.085185
8 0.875521 0.191204 0.052083 0.076852
8 0.830990 0.303704 0.077604 0.122222
8 0.893490 0.355093 0.091146 0.134259
8 0.955990 0.389352 0.086979 0.156481
9 0.597917 0.287963 0.065625 0.094444
5 0.979688 0.468519 0.040625 0.033333
1 0.717969 0.173148 0.018229 0.042593
8 0.443490 0.129630 0.030729 0.083333
8 0.465365 0.218056 0.067187 0.125000
9 0.543490 0.156944 0.039062 0.063889
1 0.063021 0.221296 0.033333 0.072222
1 0.079167 0.140741 0.030208 0.062963
1 0.134115 0.143056 0.025521 0.056481
1 0.141667 0.329167 0.044792 0.087963
1 0.182292 0.301852 0.040625 0.077778
1 0.265365 0.243056 0.032813 0.075000
1 0.267188 0.325463 0.042708 0.087963
1 0.302344 0.305556 0.042188 0.083333
0 0.341667 0.210185 0.031250 0.062963
1 0.307812 0.174537 0.026042 0.056481
0 0.332813 0.139815 0.020833 0.051852
1 0.377344 0.136111 0.020313 0.053704
0 0.421094 0.133333 0.023438 0.055556
1 0.389323 0.219444 0.030729 0.066667
0 0.441146 0.112500 0.020833 0.045370
0 0.471094 0.133796 0.022396 0.050926
0 0.462760 0.188889 0.028646 0.062963
0 0.465365 0.304167 0.040104 0.082407
1 0.441146 0.267130 0.030208 0.071296
9 0.426823 0.280556 0.075521 0.100000
1 0.544792 0.151852 0.020833 0.048148
0 0.523438 0.218981 0.031250 0.082407
0 0.534896 0.318056 0.038542 0.091667
1 0.577344 0.169907 0.026562 0.049074
1 0.573438 0.214815 0.025000 0.051852
0 0.621615 0.204167 0.025521 0.060185
1 0.639844 0.333796 0.045312 0.102778
4 0.644010 0.426852 0.049479 0.048148
1 0.742188 0.180556 0.025000 0.051852
0 0.765365 0.195370 0.021354 0.046296
1 0.793490 0.186574 0.023438 0.054630
9 0.791667 0.192593 0.035417 0.059259
1 0.823698 0.204167 0.022396 0.052778
1 0.887240 0.179167 0.026562 0.050926
1 0.853646 0.278704 0.030208 0.070370
6 0.843490 0.337037 0.041146 0.031481
1 0.918490 0.328704 0.039062 0.079630
1 0.985417 0.354630 0.029167 0.085185
1 0.977344 0.286111 0.031771 0.068519
8 0.964844 0.292130 0.054688 0.084259
1 0.912240 0.270370 0.035937 0.072222
