0 0.150521 0.493519 0.058333 0.094444
5 0.089063 0.649074 0.109375 0.055556
0 0.254688 0.500000 0.053125 0.105556
4 0.203125 0.653704 0.046875 0.059259
0 0.392188 0.490741 0.050000 0.092593
3 0.321615 0.678704 0.032813 0.035185
0 0.438542 0.490741 0.034375 0.077778
0 0.597917 0.485185 0.043750 0.081481
0 0.685417 0.515741 0.038542 0.064815
0 0.801042 0.520370 0.041667 0.088889
0 0.772396 0.580556 0.060417 0.116667
5 0.745313 0.741667 0.095833 0.057407
8 0.153646 0.554630 0.113542 0.205556
8 0.250781 0.566204 0.122396 0.228704
8 0.388021 0.571296 0.118750 0.253704
8 0.449219 0.535185 0.064062 0.155556
8 0.599740 0.538889 0.099479 0.175926
8 0.687240 0.556481 0.080729 0.146296
8 0.809635 0.568519 0.063021 0.168519
8 0.740365 0.636111 0.151562 0.224074
