1 0.154688 0.652778 0.043750 0.072222
4 0.129688 0.717593 0.048958 0.038889
7 0.228125 0.698611 0.046875 0.080556
7 0.306771 0.695370 0.045833 0.077778
1 0.396615 0.618519 0.042188 0.081481
6 0.369792 0.725463 0.078125 0.043519
1 0.572396 0.656481 0.041667 0.059259
4 0.564844 0.716667 0.035937 0.040741
7 0.768490 0.677778 0.060937 0.100000
7 0.876563 0.753704 0.072917 0.118519
3 0.862240 0.854630 0.057813 0.042593
1 0.689844 0.681481 0.057813 0.135185
4 0.694271 0.830556 0.062500 0.066667
9 0.152344 0.681019 0.093229 0.117593
8 0.396094 0.659722 0.091146 0.160185
8 0.685417 0.743056 0.154167 0.237963
9 0.232292 0.681019 0.096875 0.108333
9 0.310417 0.693056 0.084375 0.078704
9 0.558854 0.681944 0.106250 0.102778
9 0.763542 0.665278 0.093750 0.130556
9 0.862240 0.770833 0.153646 0.186111
