1 0.151042 0.651852 0.037500 0.074074
4 0.126042 0.713426 0.046875 0.043519
7 0.226042 0.694444 0.048958 0.087037
7 0.304688 0.695370 0.045833 0.077778
1 0.398438 0.618519 0.044792 0.081481
6 0.375521 0.729630 0.075000 0.051852
1 0.568750 0.658333 0.043750 0.068519
4 0.566667 0.715741 0.043750 0.050000
7 0.769792 0.680556 0.055208 0.094444
7 0.879167 0.761574 0.078125 0.108333
3 0.859896 0.855556 0.052083 0.037037
1 0.688021 0.680556 0.063542 0.125926
4 0.691146 0.824537 0.062500 0.069444
9 0.152865 0.680093 0.095312 0.130556
8 0.397917 0.662037 0.090625 0.155556
8 0.686719 0.743056 0.157812 0.239815
9 0.230990 0.681481 0.100521 0.112963
9 0.311719 0.694444 0.085938 0.079630
9 0.558854 0.685648 0.109375 0.110185
9 0.764323 0.662500 0.093229 0.130556
9 0.863021 0.774537 0.156250 0.193519
