8 0.066667 0.243519 0.089583 0.120370
9 0.091146 0.168519 0.064583 0.094444
8 0.137500 0.153241 0.050000 0.073148
8 0.160417 0.344907 0.097917 0.156481
8 0.276823 0.355556 0.116146 0.159259
9 0.207292 0.315278 0.091667 0.126852
9 0.315365 0.308333 0.086979 0.144444
9 0.247917 0.255556 0.071875 0.103704
8 0.344792 0.253704 0.060417 0.144444
8 0.305990 0.180556 0.044271 0.077778
8 0.398438 0.210185 0.061458 0.118519
8 0.337240 0.152315 0.042188 0.084259
8 0.380990 0.142130 0.042188 0.065741
8 0.423438 0.155556 0.046875 0.088889
8 0.474740 0.165278 0.042188 0.104630
9 0.447917 0.277315 0.077083 0.108333
9 0.513542 0.196759 0.051042 0.080556
8 0.631250 0.218056 0.065625 0.119444
9 0.574740 0.177315 0.066146 0.073148
8 0.568490 0.205556 0.050521 0.074074
8 0.446875 0.343056 0.090625 0.186111
8 0.534896 0.355556 0.088542 0.170370
8 0.646615 0.368519 0.138021 0.172222
8 0.605990 0.332407 0.072396 0.131481
8 0.525521 0.277778 0.068750 0.100000
5 0.259115 0.426852 0.069271 0.035185
5 0.513542 0.443056 0.037500 0.032407
9 0.710417 0.177315 0.036458 0.052778
9 0.732292 0.189352 0.056250 0.078704
8 0.767969 0.214815 0.048438 0.088889
8 0.816667 0.218519 0.052083 0.087037
8 0.877865 0.189352 0.052604 0.076852
8 0.830990 0.303704 0.076563 0.124074
8 0.893490 0.355556 0.092188 0.129630
8 0.958594 0.368056 0.082812 0.199074
9 0.597917 0.284722 0.066667 0.093519
5 0.979688 0.468519 0.040625 0.033333
4 0.653646 0.431019 0.053125 0.041667
1 0.716667 0.168056 0.020833 0.043519
8 0.442188 0.130556 0.031250 0.088889
1 0.062240 0.219444 0.034896 0.074074
1 0.075521 0.152778 0.030208 0.059259
1 0.030990 0.144444 0.030729 0.062963
1 0.127865 0.143519 0.024479 0.055556
0 0.331771 0.131481 0.020833 0.048148
1 0.304688 0.172222 0.026042 0.055556
1 0.265365 0.243056 0.033854 0.076852
0 0.341667 0.215278 0.030208 0.062037
1 0.301563 0.304167 0.043750 0.080556
1 0.268490 0.318519 0.044271 0.092593
1 0.183073 0.296759 0.041146 0.080556
1 0.149740 0.318519 0.043229 0.094444
1 0.379167 0.130556 0.019792 0.048148
0 0.440365 0.109259 0.020313 0.044444
1 0.421615 0.143056 0.022396 0.058333
0 0.401042 0.189352 0.028125 0.060185
1 0.442969 0.254167 0.032813 0.063889
0 0.467969 0.139352 0.023438 0.052778
1 0.513542 0.187500 0.026042 0.056481
1 0.524740 0.264815 0.030729 0.074074
0 0.449740 0.293519 0.039062 0.079630
0 0.534896 0.318519 0.042708 0.094444
1 0.543490 0.151389 0.023438 0.049074
9 0.544792 0.156019 0.039583 0.060185
1 0.576042 0.167593 0.028125 0.051852
1 0.569792 0.201852 0.023958 0.053704
0 0.627865 0.192593 0.026562 0.061111
1 0.624740 0.309259 0.033854 0.081481
1 0.654167 0.334259 0.048958 0.105556
1 0.745573 0.179167 0.025521 0.054630
0 0.773438 0.193056 0.021875 0.049074
1 0.794792 0.185648 0.023958 0.056481
1 0.823438 0.205093 0.023958 0.054630
1 0.888542 0.178241 0.026042 0.052778
1 0.852865 0.277778 0.028646 0.070370
6 0.843490 0.336111 0.042188 0.031481
1 0.917188 0.331019 0.038542 0.078704
1 0.912240 0.273148 0.035937 0.068519
1 0.986719 0.318519 0.026562 0.098148
2 0.460938 0.194444 0.032292 0.062963
