0 0.180469 0.594444 0.067187 0.125926
3 0.140365 0.768519 0.035937 0.040741
1 0.279167 0.571296 0.038542 0.090741
4 0.273438 0.642593 0.038542 0.037037
0 0.322917 0.580556 0.063542 0.124074
4 0.292187 0.759259 0.056250 0.068519
1 0.402344 0.555556 0.045312 0.096296
4 0.392188 0.651852 0.042708 0.051852
1 0.579167 0.565741 0.037500 0.075926
1 0.601042 0.619444 0.054167 0.124074
4 0.596094 0.768519 0.051562 0.074074
0 0.748958 0.542593 0.038542 0.062963
1 0.790365 0.588889 0.064062 0.125926
4 0.814063 0.751852 0.058333 0.051852
1 0.894792 0.605556 0.070833 0.125926
6 0.913021 0.789815 0.141667 0.087037
8 0.182031 0.651852 0.143229 0.227778
8 0.318750 0.655556 0.132292 0.262963
8 0.597917 0.686574 0.136458 0.215741
8 0.758333 0.656944 0.130208 0.260185
8 0.878646 0.669444 0.118750 0.253704
8 0.273438 0.599074 0.063542 0.129630
8 0.734635 0.593519 0.069271 0.151852
9 0.563021 0.604167 0.086458 0.134259
9 0.407813 0.595833 0.087500 0.165741
