5 0.233073 0.138889 0.029687 0.014815
1 0.244010 0.097222 0.014063 0.029630
8 0.245312 0.108796 0.038542 0.052778
4 0.388021 0.077315 0.014583 0.013889
1 0.393490 0.046759 0.016146 0.032407
8 0.388542 0.056944 0.047917 0.052778
5 0.426042 0.076852 0.021875 0.012963
5 0.536979 0.032870 0.013542 0.012037
4 0.569271 0.031019 0.010417 0.012037
5 0.674479 0.312500 0.033333 0.039815
6 0.705990 0.306019 0.040104 0.039815
1 0.715104 0.252315 0.022917 0.045370
9 0.702865 0.261574 0.072396 0.091667
5 0.899219 0.391204 0.020313 0.026852
