8 0.066667 0.243519 0.086458 0.116667
8 0.101042 0.159259 0.055208 0.105556
8 0.138542 0.151389 0.050000 0.073148
8 0.161719 0.342593 0.098437 0.168519
8 0.277344 0.354630 0.116146 0.159259
9 0.315365 0.307407 0.082812 0.144444
9 0.247917 0.255556 0.069792 0.105556
8 0.344792 0.251389 0.060417 0.136111
8 0.305990 0.181019 0.044271 0.080556
8 0.398438 0.210185 0.060417 0.107407
8 0.336719 0.150000 0.042188 0.081481
8 0.380990 0.142130 0.042188 0.065741
8 0.424740 0.156481 0.045312 0.087037
8 0.477865 0.160648 0.036979 0.106481
9 0.513542 0.197222 0.051042 0.081481
8 0.634115 0.223148 0.066146 0.107407
9 0.571615 0.181019 0.066146 0.069444
8 0.569792 0.212963 0.050000 0.068519
8 0.444792 0.347685 0.090625 0.182407
8 0.534115 0.356019 0.088021 0.167593
8 0.646094 0.368519 0.138021 0.172222
8 0.605990 0.334722 0.070312 0.130556
8 0.526563 0.276389 0.068750 0.099074
5 0.259115 0.426852 0.069271 0.035185
5 0.513542 0.443056 0.037500 0.032407
9 0.709115 0.177315 0.036979 0.052778
9 0.732292 0.193056 0.051042 0.076852
8 0.766667 0.214815 0.048958 0.088889
8 0.816667 0.218056 0.053125 0.084259
8 0.874740 0.186574 0.052604 0.080556
8 0.831771 0.303704 0.077083 0.124074
8 0.894792 0.354630 0.092708 0.133333
8 0.959115 0.368056 0.081771 0.199074
9 0.597917 0.286111 0.066667 0.094444
5 0.979688 0.468519 0.040625 0.033333
4 0.654167 0.431019 0.053125 0.041667
1 0.716667 0.172222 0.020833 0.044444
8 0.447917 0.130556 0.035417 0.075926
1 0.063542 0.225463 0.033333 0.075000
1 0.091146 0.139815 0.028125 0.064815
1 0.129688 0.143519 0.025000 0.057407
1 0.154167 0.306019 0.042708 0.097222
1 0.268490 0.321759 0.045312 0.093519
1 0.301563 0.304630 0.040625 0.083333
1 0.265365 0.243056 0.032813 0.076852
0 0.342969 0.215741 0.031771 0.064815
1 0.305469 0.172222 0.025521 0.055556
0 0.330990 0.132870 0.022396 0.050926
1 0.379948 0.131019 0.021354 0.047222
2 0.403646 0.192593 0.032292 0.061111
1 0.421615 0.143519 0.024479 0.059259
2 0.444792 0.118056 0.023958 0.052778
0 0.471094 0.131019 0.022396 0.049074
8 0.470313 0.218519 0.063542 0.127778
0 0.462240 0.190741 0.028646 0.062963
0 0.447917 0.293981 0.038542 0.084259
1 0.515365 0.187500 0.026562 0.056481
1 0.544792 0.150000 0.021875 0.050000
9 0.543490 0.156019 0.040104 0.063889
1 0.576042 0.168056 0.025000 0.049074
1 0.570573 0.205556 0.022396 0.051852
1 0.524740 0.263889 0.029687 0.074074
0 0.534115 0.318519 0.041146 0.090741
0 0.620573 0.198611 0.028646 0.056481
1 0.622917 0.306481 0.034375 0.075926
1 0.653646 0.334259 0.048958 0.105556
1 0.742448 0.181019 0.025521 0.050926
1 0.766667 0.193519 0.021875 0.053704
1 0.794271 0.186574 0.026042 0.056481
1 0.823438 0.206019 0.023958 0.054630
1 0.888021 0.175926 0.026042 0.051852
1 0.852865 0.279167 0.029687 0.069444
6 0.844271 0.336111 0.042708 0.031481
1 0.918490 0.329630 0.041146 0.081481
