0 0.185938 0.585185 0.063542 0.105556
3 0.138021 0.766667 0.033333 0.037037
1 0.288021 0.575000 0.041667 0.079630
4 0.276042 0.631481 0.032292 0.037037
0 0.332813 0.568519 0.053125 0.103704
3 0.294792 0.764815 0.038542 0.040741
1 0.398438 0.562963 0.045833 0.092593
4 0.393490 0.646296 0.029687 0.051852
0 0.573438 0.563889 0.036458 0.087037
1 0.596615 0.618519 0.051562 0.137037
4 0.594271 0.770370 0.070833 0.070370
1 0.719792 0.575000 0.053125 0.120370
4 0.726042 0.685185 0.056250 0.055556
1 0.763021 0.559259 0.041667 0.085185
2 0.834115 0.623148 0.067187 0.131481
5 0.910417 0.806481 0.145833 0.061111
9 0.282292 0.602315 0.075000 0.126852
9 0.411198 0.596759 0.080729 0.163889
8 0.183854 0.649537 0.136458 0.228704
8 0.335417 0.643519 0.119792 0.251852
8 0.560417 0.597685 0.079167 0.156481
8 0.591927 0.678241 0.136979 0.241667
8 0.727604 0.650463 0.139583 0.276852
8 0.771615 0.604630 0.068229 0.155556
8 0.856771 0.679167 0.140625 0.228704
