1 0.105990 0.539815 0.066146 0.112963
6 0.091146 0.634722 0.110417 0.069444
1 0.243750 0.535648 0.059375 0.108333
4 0.216146 0.653704 0.045833 0.059259
2 0.384896 0.485648 0.060417 0.106481
3 0.322917 0.682407 0.037500 0.037037
2 0.422917 0.486574 0.033333 0.080556
2 0.604688 0.492593 0.039583 0.081481
1 0.690365 0.536574 0.042188 0.080556
1 0.794271 0.543519 0.045833 0.092593
0 0.736719 0.564815 0.051562 0.114815
5 0.742188 0.743519 0.091667 0.048148
9 0.135417 0.570833 0.129167 0.173148
8 0.254167 0.578241 0.126042 0.197222
8 0.388021 0.565278 0.157292 0.262037
8 0.440365 0.534259 0.067187 0.161111
8 0.589323 0.544444 0.097396 0.174074
8 0.685417 0.564352 0.080208 0.126852
8 0.729167 0.627778 0.141667 0.233333
8 0.793490 0.579167 0.066146 0.160185
