2 0.942969 0.448611 0.039062 0.076852
0 0.892969 0.470833 0.035937 0.080556
8 0.884896 0.506019 0.079167 0.154630
6 0.894792 0.570833 0.061458 0.049074
8 0.950521 0.498148 0.079167 0.170370
0 0.829167 0.418519 0.027083 0.068519
8 0.813542 0.456019 0.069792 0.147222
5 0.805990 0.530093 0.038021 0.025000
6 0.706771 0.442593 0.026042 0.016667
0 0.774740 0.403704 0.026562 0.046296
8 0.763542 0.431019 0.051042 0.108333
0 0.805469 0.372222 0.020313 0.046296
8 0.802865 0.393519 0.032813 0.092593
1 0.746875 0.320370 0.016667 0.038889
8 0.740365 0.330093 0.031771 0.056481
1 0.759115 0.389815 0.022396 0.050000
1 0.729948 0.393056 0.021354 0.049074
0 0.714844 0.410185 0.054688 0.081481
1 0.707031 0.342593 0.019271 0.040741
9 0.702865 0.350926 0.034896 0.051852
0 0.667188 0.327315 0.014583 0.032407
8 0.666146 0.343519 0.043750 0.064815
1 0.677865 0.321296 0.016146 0.038889
0 0.638802 0.307407 0.015104 0.033333
8 0.634375 0.322685 0.037500 0.069444
1 0.009115 0.376852 0.017188 0.046296
9 0.021615 0.384722 0.042188 0.069444
1 0.110937 0.422685 0.028125 0.063889
9 0.108073 0.434722 0.077604 0.080556
0 0.177865 0.341667 0.022396 0.042593
8 0.177865 0.368056 0.070312 0.106481
1 0.070573 0.356019 0.021354 0.045370
8 0.074740 0.357407 0.034896 0.055556
2 0.146094 0.317593 0.022396 0.044444
8 0.139063 0.330556 0.040625 0.068519
1 0.221615 0.308796 0.017188 0.036111
8 0.224219 0.316667 0.035937 0.055556
5 0.171875 0.430093 0.025000 0.017593
6 0.426563 0.495833 0.035417 0.043519
0 0.572917 0.420833 0.028125 0.056481
8 0.571094 0.455093 0.070312 0.132407
0 0.499219 0.418056 0.029687 0.062037
8 0.501823 0.455556 0.074479 0.138889
0 0.435417 0.425463 0.030208 0.062037
0 0.432292 0.455556 0.078125 0.133333
0 0.302865 0.418519 0.026562 0.051852
8 0.305469 0.455093 0.073438 0.128704
0 0.277865 0.395370 0.026562 0.061111
8 0.263542 0.418056 0.059375 0.108333
1 0.361198 0.408333 0.027604 0.064815
8 0.366146 0.427778 0.072917 0.100000
1 0.345313 0.356019 0.019792 0.052778
8 0.335938 0.381019 0.045833 0.102778
1 0.306510 0.347685 0.019271 0.049074
8 0.310417 0.359259 0.042708 0.072222
1 0.552083 0.384722 0.023958 0.052778
0 0.438542 0.372685 0.019792 0.043519
8 0.439844 0.393056 0.057813 0.093519
1 0.397917 0.362963 0.020833 0.040741
9 0.399740 0.367130 0.039062 0.050926
0 0.330469 0.316204 0.018229 0.043519
0 0.346875 0.301852 0.016667 0.035185
8 0.352344 0.311111 0.032813 0.055556
1 0.391406 0.292593 0.013021 0.037037
8 0.388021 0.300926 0.033333 0.051852
4 0.416146 0.318519 0.016667 0.031481
0 0.415365 0.292593 0.016146 0.033333
8 0.415365 0.305556 0.040104 0.070370
0 0.436719 0.284259 0.017188 0.031481
0 0.444792 0.311111 0.015625 0.031481
8 0.447917 0.331019 0.055208 0.084259
0 0.486719 0.315741 0.017188 0.038889
8 0.487240 0.331019 0.033854 0.073148
1 0.525521 0.330556 0.014583 0.033333
8 0.526563 0.343519 0.039583 0.057407
0 0.538542 0.285648 0.014583 0.030556
8 0.538542 0.297685 0.027083 0.056481
2 0.516667 0.300926 0.016667 0.037037
8 0.514844 0.315741 0.036979 0.066667
0 0.577604 0.345833 0.018750 0.043519
8 0.577865 0.358333 0.036979 0.079630
