1 0.034896 0.468519 0.061458 0.120370
5 0.042188 0.580556 0.083333 0.081481
1 0.196094 0.480556 0.057813 0.116667
4 0.182292 0.603704 0.052083 0.059259
0 0.327344 0.441667 0.054688 0.109259
4 0.275521 0.605556 0.041667 0.064815
0 0.372396 0.443519 0.035417 0.064815
2 0.557031 0.454167 0.045312 0.078704
0 0.657813 0.482407 0.038542 0.074074
0 0.698438 0.508333 0.057292 0.100000
5 0.689063 0.680556 0.087500 0.048148
8 0.205990 0.530556 0.120313 0.190741
8 0.335417 0.513426 0.157292 0.250926
8 0.390365 0.491204 0.071354 0.152778
8 0.546615 0.498611 0.095312 0.169444
8 0.639062 0.518056 0.087500 0.130556
8 0.685937 0.569444 0.134375 0.212963
8 0.740365 0.529167 0.057813 0.149074
9 0.072917 0.511574 0.140625 0.197222
