1 0.134115 0.487963 0.060937 0.105556
0 0.263542 0.487963 0.057292 0.118519
2 0.371094 0.483333 0.057813 0.125926
4 0.238542 0.623148 0.045833 0.057407
0 0.435937 0.470370 0.043750 0.092593
2 0.613542 0.476852 0.039583 0.081481
0 0.705469 0.491667 0.039062 0.075926
0 0.788542 0.501852 0.042708 0.085185
0 0.755469 0.550000 0.048438 0.131481
5 0.744792 0.730556 0.096875 0.077778
8 0.141667 0.540278 0.137500 0.197222
8 0.268229 0.545370 0.113542 0.225926
8 0.383594 0.548148 0.169271 0.255556
8 0.444792 0.512500 0.064583 0.167593
8 0.600260 0.519444 0.100521 0.162963
8 0.697917 0.532407 0.072917 0.148148
8 0.799740 0.542130 0.064062 0.154630
8 0.742448 0.607407 0.136979 0.227778
