0 0.182292 0.593519 0.062500 0.105556
3 0.138542 0.766667 0.037500 0.033333
1 0.273438 0.570833 0.043750 0.080556
4 0.269271 0.640741 0.037500 0.044444
0 0.319792 0.588889 0.063542 0.125926
4 0.290625 0.755556 0.053125 0.075926
1 0.401042 0.560185 0.045833 0.094444
4 0.392188 0.650926 0.033333 0.050000
1 0.571094 0.566667 0.042188 0.081481
1 0.597917 0.606481 0.054167 0.120370
4 0.597917 0.768519 0.054167 0.055556
0 0.735417 0.540741 0.056250 0.103704
3 0.750521 0.794444 0.041667 0.037037
0 0.863542 0.579630 0.060417 0.107407
5 0.921094 0.800926 0.142187 0.061111
9 0.272917 0.597685 0.071875 0.136111
9 0.556771 0.597685 0.076042 0.143519
8 0.178125 0.651852 0.141667 0.227778
8 0.317708 0.659722 0.136458 0.250926
8 0.407813 0.594907 0.088542 0.154630
8 0.592187 0.677778 0.138542 0.261111
8 0.737500 0.639815 0.131250 0.305556
8 0.860938 0.660648 0.122917 0.256481
