1 0.151042 0.654630 0.042708 0.075926
4 0.128646 0.718519 0.047917 0.029630
1 0.218750 0.625926 0.043750 0.088889
4 0.217188 0.719444 0.050000 0.038889
0 0.300521 0.616667 0.045833 0.077778
4 0.304688 0.730556 0.033333 0.040741
1 0.401042 0.619444 0.040625 0.087037
6 0.376042 0.730556 0.076042 0.035185
0 0.569792 0.630556 0.039583 0.072222
3 0.574740 0.724074 0.029687 0.031481
2 0.669531 0.638889 0.061979 0.118519
4 0.619271 0.729630 0.045833 0.051852
1 0.760938 0.630556 0.044792 0.081481
2 0.850521 0.693056 0.065625 0.126852
3 0.854688 0.855556 0.060417 0.037037
8 0.859896 0.740278 0.139583 0.225000
8 0.760417 0.656019 0.089583 0.136111
8 0.671615 0.707407 0.127604 0.264815
8 0.569271 0.708796 0.084375 0.236111
8 0.399740 0.662500 0.091146 0.158333
8 0.313542 0.656019 0.086458 0.156481
8 0.232292 0.667593 0.087500 0.151852
9 0.149219 0.677778 0.091146 0.125926
