0 0.171354 0.630556 0.064583 0.127778
3 0.141146 0.798148 0.042708 0.044444
1 0.321094 0.593519 0.042188 0.064815
1 0.317188 0.655556 0.051042 0.111111
5 0.276042 0.782407 0.094792 0.044444
0 0.393490 0.590741 0.042188 0.085185
6 0.403646 0.701852 0.070833 0.048148
0 0.569271 0.555556 0.037500 0.074074
2 0.585938 0.643519 0.053125 0.103704
3 0.597396 0.816667 0.031250 0.040741
1 0.664062 0.600000 0.040625 0.096296
6 0.669792 0.693519 0.046875 0.038889
1 0.783594 0.626852 0.057813 0.127778
4 0.807813 0.787037 0.039583 0.068519
1 0.928385 0.655093 0.065104 0.123148
5 0.963542 0.818519 0.067708 0.051852
8 0.178646 0.683333 0.134375 0.231481
8 0.326042 0.712037 0.120833 0.196296
8 0.318490 0.592130 0.078646 0.086111
8 0.414062 0.637963 0.103125 0.166667
8 0.549740 0.605556 0.080729 0.172222
8 0.596615 0.709259 0.117188 0.211111
8 0.665365 0.631481 0.083854 0.166667
8 0.779687 0.687963 0.146875 0.244444
8 0.934115 0.707407 0.130729 0.212963
