1 0.171875 0.626852 0.065625 0.124074
3 0.141667 0.803704 0.050000 0.037037
1 0.319792 0.598148 0.043750 0.068519
1 0.319271 0.662037 0.054167 0.105556
5 0.276042 0.780556 0.094792 0.050000
1 0.395313 0.625926 0.043750 0.088889
6 0.401042 0.700926 0.064583 0.050000
0 0.552865 0.555556 0.035937 0.081481
2 0.600521 0.638889 0.062500 0.114815
3 0.596094 0.816667 0.032813 0.033333
1 0.663021 0.593519 0.044792 0.096296
4 0.669792 0.691667 0.052083 0.050000
1 0.786719 0.622222 0.060937 0.131481
4 0.802865 0.782407 0.054688 0.055556
1 0.924219 0.653704 0.064062 0.118519
5 0.963021 0.817593 0.066667 0.072222
8 0.180469 0.680556 0.130729 0.237037
8 0.326042 0.709722 0.122917 0.189815
8 0.319792 0.609722 0.072917 0.106481
8 0.412500 0.644444 0.102083 0.153704
8 0.547917 0.627778 0.082292 0.209259
8 0.596875 0.703241 0.122917 0.223148
8 0.668490 0.631944 0.094271 0.173148
8 0.785417 0.688426 0.132292 0.249074
8 0.934115 0.707870 0.131771 0.208333
