1 0.103646 0.540741 0.065625 0.114815
6 0.094271 0.633333 0.112500 0.068519
1 0.244792 0.530556 0.058333 0.111111
4 0.213542 0.651852 0.040625 0.059259
2 0.385417 0.485648 0.062500 0.108333
3 0.324219 0.677778 0.039062 0.037037
2 0.424740 0.490741 0.032813 0.077778
2 0.604688 0.491667 0.040625 0.075926
1 0.689063 0.533333 0.041667 0.087037
1 0.794271 0.543519 0.045833 0.092593
0 0.738542 0.566667 0.058333 0.111111
5 0.742188 0.743519 0.091667 0.050000
9 0.137240 0.568056 0.129688 0.169444
8 0.253385 0.581019 0.121354 0.189815
8 0.387240 0.568056 0.152604 0.258333
8 0.443490 0.530556 0.063021 0.159259
8 0.589844 0.541667 0.099479 0.164815
8 0.684896 0.562500 0.079167 0.130556
8 0.730990 0.631019 0.130729 0.230556
8 0.798438 0.580556 0.061458 0.144444
