8 0.068490 0.243056 0.085938 0.130556
9 0.135417 0.150000 0.047917 0.068519
8 0.379948 0.134259 0.041146 0.068519
8 0.304688 0.168056 0.039583 0.078704
8 0.276042 0.251389 0.079167 0.119444
8 0.340365 0.247222 0.057813 0.144444
8 0.274740 0.343056 0.108854 0.176852
8 0.165365 0.337500 0.098437 0.180556
8 0.423438 0.155556 0.046875 0.079630
8 0.397917 0.218519 0.065625 0.103704
8 0.445573 0.268519 0.066146 0.131481
8 0.447917 0.346759 0.098958 0.189815
5 0.514844 0.443056 0.040104 0.037963
8 0.571615 0.205556 0.051562 0.077778
8 0.534115 0.346296 0.092188 0.198148
8 0.632292 0.229167 0.053125 0.106481
8 0.646615 0.359259 0.135937 0.194444
9 0.710938 0.177778 0.037500 0.053704
9 0.732292 0.192130 0.058333 0.082407
8 0.763542 0.215741 0.047917 0.092593
9 0.814844 0.229167 0.051562 0.069444
8 0.884115 0.189815 0.042188 0.088889
8 0.837240 0.295370 0.070312 0.124074
8 0.901563 0.350463 0.081250 0.130556
8 0.035417 0.160185 0.039583 0.081481
8 0.345313 0.143981 0.067708 0.091667
8 0.477865 0.223148 0.055729 0.118519
9 0.211719 0.317593 0.069271 0.116667
8 0.521615 0.187963 0.049479 0.100000
5 0.255990 0.418519 0.073438 0.033333
9 0.312240 0.316204 0.065104 0.156481
9 0.596094 0.290741 0.064062 0.094444
8 0.552865 0.163426 0.042188 0.099074
8 0.059896 0.180556 0.077083 0.103704
9 0.796094 0.188889 0.038021 0.074074
1 0.063021 0.218981 0.034375 0.075000
1 0.037240 0.155093 0.028646 0.060185
0 0.065365 0.156481 0.032813 0.053704
1 0.128646 0.143519 0.022917 0.055556
2 0.350521 0.127315 0.026042 0.054630
0 0.337240 0.208333 0.030729 0.055556
0 0.299740 0.156481 0.027604 0.055556
1 0.369271 0.129167 0.018750 0.054630
1 0.421615 0.145833 0.025521 0.060185
1 0.397917 0.202778 0.032292 0.070370
0 0.459115 0.116667 0.020313 0.046296
2 0.468490 0.131944 0.024479 0.049074
0 0.515365 0.162963 0.024479 0.055556
0 0.560417 0.140278 0.025000 0.052778
1 0.463542 0.197685 0.029167 0.067593
1 0.446615 0.246296 0.034896 0.075926
0 0.466667 0.300000 0.037500 0.092593
0 0.532292 0.297222 0.039583 0.094444
0 0.627865 0.205556 0.027604 0.059259
0 0.572917 0.194907 0.025000 0.050926
0 0.632292 0.316667 0.050000 0.100000
4 0.652865 0.428241 0.051562 0.049074
2 0.294792 0.225926 0.036458 0.061111
1 0.274219 0.202778 0.029687 0.066667
8 0.262240 0.217593 0.055729 0.096296
0 0.274740 0.301389 0.041146 0.087963
7 0.309375 0.309259 0.037500 0.087037
1 0.197917 0.303704 0.039583 0.079630
0 0.157812 0.294907 0.046875 0.095370
1 0.715365 0.172685 0.019271 0.043519
1 0.745313 0.177778 0.023958 0.053704
1 0.794792 0.178704 0.026042 0.055556
0 0.768490 0.193056 0.023438 0.047222
2 0.822396 0.218056 0.033333 0.047222
1 0.891667 0.169907 0.025000 0.052778
2 0.851042 0.270833 0.030208 0.069444
1 0.909115 0.266667 0.041146 0.072222
1 0.917969 0.329630 0.039062 0.083333
1 0.984115 0.282870 0.029687 0.067593
9 0.970313 0.294444 0.058333 0.088889
