1 0.151042 0.655556 0.047917 0.074074
4 0.126042 0.718519 0.045833 0.037037
7 0.226042 0.693519 0.052083 0.081481
7 0.307292 0.698148 0.047917 0.081481
1 0.394792 0.618519 0.044792 0.092593
5 0.372917 0.724074 0.070833 0.055556
1 0.569792 0.654630 0.043750 0.072222
4 0.567969 0.718519 0.042188 0.037037
7 0.769792 0.657407 0.055208 0.088889
7 0.876563 0.778704 0.077083 0.116667
1 0.688542 0.690741 0.062500 0.140741
1 0.694792 0.830556 0.077083 0.072222
9 0.149740 0.681019 0.098437 0.126852
8 0.396615 0.657407 0.092188 0.161111
8 0.688542 0.746759 0.161458 0.243519
9 0.231771 0.685185 0.101042 0.118519
9 0.311719 0.694444 0.082812 0.087037
9 0.558594 0.679630 0.100521 0.120370
9 0.768490 0.668519 0.090104 0.148148
9 0.862240 0.774537 0.152604 0.193519
3 0.858073 0.859259 0.054688 0.050000
