5 0.233333 0.138426 0.028125 0.015741
1 0.241667 0.092130 0.013542 0.032407
8 0.243750 0.105093 0.039583 0.062037
6 0.385677 0.079630 0.023438 0.020370
1 0.388021 0.044444 0.014583 0.031481
8 0.390885 0.055093 0.045312 0.054630
5 0.425521 0.077315 0.022917 0.012037
5 0.536979 0.032407 0.013542 0.011111
4 0.574479 0.031481 0.013542 0.012963
5 0.674479 0.312037 0.033333 0.038889
5 0.704948 0.312500 0.040104 0.017593
1 0.715365 0.253704 0.023438 0.044444
9 0.707292 0.262037 0.061458 0.090741
5 0.899219 0.391204 0.020313 0.026852
