2 0.149740 0.593519 0.036979 0.079630
4 0.131771 0.695833 0.045833 0.043519
1 0.239844 0.590741 0.045312 0.092593
4 0.217188 0.687037 0.050000 0.044444
2 0.310417 0.618519 0.047917 0.087037
3 0.299219 0.718519 0.039062 0.025926
1 0.400521 0.605556 0.041667 0.090741
6 0.386719 0.709259 0.085938 0.055556
1 0.574219 0.603704 0.039062 0.088889
4 0.575521 0.693519 0.050000 0.050000
1 0.673438 0.581481 0.041667 0.103704
4 0.682292 0.693519 0.054167 0.051852
1 0.792188 0.592593 0.047917 0.096296
4 0.792969 0.679630 0.048438 0.040741
1 0.878125 0.657407 0.071875 0.137037
4 0.879167 0.824074 0.073958 0.068519
8 0.149740 0.637037 0.101562 0.144444
8 0.237240 0.628704 0.103646 0.168519
8 0.324740 0.643056 0.066146 0.125000
8 0.397917 0.643519 0.097917 0.155556
8 0.573177 0.639352 0.107813 0.150926
8 0.674479 0.631944 0.094792 0.175000
8 0.783594 0.629167 0.102604 0.154630
8 0.867969 0.722222 0.197396 0.255556
