0 0.094271 0.630556 0.078125 0.125926
3 0.046094 0.844444 0.054688 0.040741
0 0.243490 0.581481 0.045312 0.088889
7 0.193490 0.755556 0.064062 0.118519
0 0.351042 0.570370 0.042708 0.074074
3 0.322917 0.710185 0.026042 0.031481
0 0.488021 0.574074 0.041667 0.081481
1 0.510417 0.704630 0.062500 0.116667
4 0.535417 0.810185 0.033333 0.055556
0 0.605990 0.568519 0.042188 0.081481
0 0.701042 0.605556 0.056250 0.100000
3 0.696094 0.818981 0.032813 0.043519
1 0.840365 0.659259 0.060937 0.105556
5 0.885938 0.826852 0.091667 0.068519
3 0.613021 0.704630 0.025000 0.031481
9 0.217188 0.754167 0.145833 0.202778
8 0.105469 0.694907 0.136979 0.263889
8 0.247396 0.629630 0.089583 0.172222
8 0.346615 0.624537 0.092188 0.173148
8 0.490625 0.618981 0.096875 0.165741
8 0.606771 0.618519 0.104167 0.168519
9 0.530990 0.742593 0.136979 0.194444
8 0.709896 0.691204 0.129167 0.263889
8 0.852865 0.714352 0.133854 0.215741
