8 0.071615 0.252778 0.089063 0.127778
8 0.059115 0.179167 0.078646 0.119444
8 0.140365 0.143056 0.053646 0.073148
8 0.335938 0.143519 0.050000 0.088889
8 0.308594 0.175000 0.039062 0.094444
8 0.379688 0.139815 0.042708 0.066667
8 0.419792 0.156019 0.054167 0.082407
8 0.477865 0.162037 0.038021 0.105556
8 0.476042 0.219444 0.055208 0.125926
8 0.522917 0.186111 0.048958 0.105556
8 0.551042 0.143056 0.038542 0.076852
8 0.571094 0.206944 0.048438 0.071296
8 0.632292 0.229630 0.055208 0.105556
8 0.644792 0.368519 0.135417 0.179630
8 0.603125 0.331944 0.065625 0.128704
9 0.596615 0.287963 0.065104 0.094444
8 0.538021 0.355556 0.094792 0.175926
8 0.444792 0.350926 0.101042 0.187037
9 0.446615 0.277778 0.076563 0.109259
9 0.397917 0.226389 0.061458 0.086111
8 0.327865 0.305556 0.073438 0.148148
8 0.341667 0.248611 0.044792 0.130556
8 0.270573 0.245370 0.071354 0.127778
8 0.274219 0.345833 0.114062 0.176852
8 0.215365 0.304167 0.079687 0.147222
8 0.162240 0.336574 0.098437 0.180556
9 0.714063 0.174074 0.041667 0.055556
9 0.732292 0.192130 0.059375 0.078704
8 0.764844 0.218519 0.048438 0.096296
8 0.810417 0.218056 0.044792 0.087963
9 0.888542 0.200463 0.052083 0.069444
8 0.840365 0.304167 0.075521 0.117593
8 0.899740 0.334259 0.078646 0.155556
8 0.960417 0.368056 0.079167 0.206481
1 0.062240 0.223611 0.032813 0.069444
1 0.044792 0.156019 0.032292 0.069444
8 0.090365 0.167130 0.057813 0.102778
1 0.076042 0.145833 0.028125 0.062037
1 0.132292 0.140741 0.025000 0.057407
0 0.340365 0.129630 0.023438 0.050000
1 0.374740 0.132407 0.020313 0.050000
1 0.421615 0.143056 0.022396 0.056481
0 0.443490 0.114352 0.019271 0.050926
8 0.444792 0.131019 0.029167 0.086111
1 0.302344 0.160648 0.025521 0.056481
0 0.287240 0.218056 0.032813 0.067593
0 0.336198 0.218056 0.028646 0.065741
1 0.322917 0.280556 0.041667 0.087037
1 0.270313 0.308796 0.043750 0.099074
5 0.259115 0.419907 0.073438 0.028704
1 0.194792 0.280556 0.038542 0.094444
0 0.159115 0.293981 0.043229 0.095370
1 0.390365 0.218056 0.029687 0.063889
0 0.472396 0.133333 0.023958 0.048148
1 0.464844 0.193981 0.027604 0.067593
0 0.454688 0.294907 0.040625 0.084259
1 0.442188 0.256944 0.033333 0.071296
0 0.544792 0.315278 0.041667 0.095370
5 0.515365 0.443519 0.038021 0.037037
1 0.532813 0.272685 0.030208 0.080556
1 0.518490 0.168519 0.024479 0.061111
0 0.554167 0.130556 0.019792 0.046296
4 0.554688 0.142593 0.021875 0.033333
1 0.573438 0.201389 0.022917 0.052778
0 0.628646 0.205556 0.026042 0.059259
1 0.613542 0.275463 0.032292 0.069444
1 0.724740 0.168056 0.019271 0.041667
1 0.744792 0.181019 0.023958 0.052778
2 0.772917 0.193056 0.022917 0.052778
2 0.805990 0.202778 0.024479 0.053704
1 0.898438 0.193056 0.026042 0.050926
1 0.862240 0.280556 0.028646 0.070370
0 0.905990 0.293519 0.038021 0.072222
6 0.846615 0.342130 0.042188 0.028704
0 0.980469 0.310648 0.039062 0.091667
1 0.621615 0.311111 0.031771 0.079630
4 0.654687 0.430556 0.052083 0.042593
1 0.651823 0.336111 0.047396 0.105556
5 0.895052 0.416667 0.035937 0.025926
5 0.978385 0.468056 0.041146 0.030556
