8 0.067969 0.233333 0.086979 0.131481
8 0.094792 0.166667 0.051042 0.114815
8 0.135417 0.143519 0.055208 0.079630
8 0.379688 0.138889 0.043750 0.064815
8 0.306771 0.172222 0.038542 0.094444
8 0.251563 0.236111 0.066667 0.144444
8 0.341146 0.247222 0.050000 0.131481
8 0.283073 0.343519 0.105729 0.179630
8 0.165365 0.330556 0.101562 0.185185
8 0.422917 0.156019 0.047917 0.082407
8 0.398438 0.215278 0.055208 0.104630
8 0.449740 0.263426 0.080729 0.136111
8 0.443490 0.343056 0.105729 0.189815
5 0.514844 0.443056 0.040104 0.037963
8 0.568490 0.204167 0.044271 0.076852
8 0.524219 0.260185 0.070312 0.144444
8 0.540365 0.355556 0.094271 0.174074
8 0.630990 0.227778 0.057813 0.109259
8 0.634896 0.375000 0.097917 0.155556
9 0.710938 0.177778 0.037500 0.053704
9 0.731771 0.193519 0.057292 0.079630
9 0.793490 0.187500 0.045312 0.075000
8 0.761719 0.218056 0.051562 0.091667
8 0.816146 0.218519 0.055208 0.092593
8 0.885938 0.189815 0.043750 0.090741
8 0.838021 0.295833 0.070833 0.130556
8 0.904167 0.336111 0.084375 0.157407
8 0.960938 0.364352 0.078125 0.213889
9 0.554167 0.156019 0.035417 0.058333
8 0.034115 0.155556 0.042188 0.094444
8 0.330469 0.143056 0.043229 0.089815
8 0.476042 0.218519 0.048958 0.120370
9 0.215365 0.319444 0.061979 0.118519
0 0.057813 0.205556 0.035417 0.072222
2 0.040365 0.143981 0.026562 0.062037
0 0.062240 0.144907 0.029687 0.058333
1 0.127865 0.131944 0.025521 0.054630
0 0.329688 0.126389 0.022917 0.052778
0 0.299740 0.155093 0.024479 0.054630
0 0.334115 0.212037 0.027604 0.055556
0 0.399219 0.193981 0.029687 0.060185
1 0.379167 0.131944 0.020833 0.050926
1 0.422917 0.144444 0.020833 0.059259
8 0.469792 0.125000 0.057292 0.079630
0 0.474219 0.111111 0.021354 0.044444
0 0.482292 0.143519 0.022917 0.053704
8 0.488542 0.162500 0.035417 0.093519
1 0.555990 0.151389 0.020313 0.049074
0 0.467448 0.193519 0.028646 0.064815
1 0.439063 0.236574 0.034375 0.080556
1 0.523698 0.230093 0.030729 0.080556
0 0.570573 0.193056 0.024479 0.050926
0 0.632292 0.206019 0.029167 0.063889
1 0.633073 0.347685 0.043229 0.093519
1 0.542188 0.323611 0.040625 0.102778
0 0.430990 0.293056 0.040104 0.082407
1 0.276042 0.197222 0.026042 0.062963
1 0.251563 0.205556 0.034375 0.075926
1 0.204167 0.305093 0.036458 0.084259
0 0.165365 0.292593 0.042188 0.094444
0 0.284115 0.297685 0.042188 0.087963
1 0.717187 0.173611 0.018750 0.043519
1 0.745313 0.181019 0.023958 0.052778
1 0.796615 0.179630 0.024479 0.055556
1 0.892969 0.170370 0.026562 0.053704
0 0.763542 0.195833 0.022917 0.049074
0 0.823438 0.198611 0.023958 0.047222
0 0.845313 0.261111 0.028125 0.055556
0 0.919271 0.293056 0.040625 0.076852
0 0.977865 0.303704 0.044271 0.092593
