0 0.893490 0.468056 0.036979 0.073148
6 0.896615 0.572222 0.057813 0.042593
8 0.883594 0.509722 0.079687 0.156481
0 0.944792 0.462037 0.036458 0.081481
8 0.948438 0.500926 0.089583 0.161111
1 0.826042 0.418056 0.029167 0.069444
8 0.810417 0.456019 0.084375 0.150926
6 0.807292 0.520833 0.038542 0.032407
0 0.776563 0.404167 0.022917 0.047222
8 0.766146 0.430556 0.051042 0.105556
0 0.804427 0.371759 0.020313 0.041667
8 0.802865 0.389815 0.035937 0.079630
0 0.829688 0.373148 0.019792 0.037037
1 0.871094 0.451852 0.026562 0.064815
6 0.705990 0.441204 0.020313 0.017593
1 0.729167 0.393519 0.022917 0.046296
1 0.757292 0.392130 0.019792 0.047222
8 0.713542 0.410648 0.057292 0.080556
1 0.745573 0.319907 0.016146 0.036111
1 0.705990 0.343519 0.018229 0.040741
0 0.659635 0.321759 0.015104 0.032407
0 0.638021 0.307407 0.015625 0.035185
0 0.670833 0.310648 0.015625 0.034259
8 0.659115 0.343519 0.044271 0.074074
9 0.699740 0.346759 0.035937 0.056481
8 0.739844 0.328704 0.029687 0.053704
8 0.632292 0.318056 0.036458 0.058333
8 0.675521 0.318056 0.026042 0.056481
0 0.576042 0.418981 0.031250 0.071296
8 0.569792 0.455556 0.073958 0.133333
0 0.497917 0.418519 0.030208 0.061111
0 0.435937 0.422222 0.030208 0.066667
1 0.359896 0.407870 0.031250 0.062037
0 0.301823 0.418519 0.031771 0.055556
1 0.274479 0.407407 0.026042 0.066667
1 0.397135 0.361574 0.020313 0.039815
1 0.351042 0.352778 0.026042 0.057407
1 0.307552 0.347685 0.019271 0.045370
1 0.330208 0.317130 0.017708 0.041667
5 0.318490 0.521759 0.021354 0.019444
6 0.426302 0.499537 0.031771 0.041667
8 0.501042 0.453704 0.069792 0.138889
8 0.431510 0.457870 0.077604 0.134259
8 0.364844 0.427778 0.074479 0.103704
8 0.307292 0.454630 0.077083 0.124074
8 0.257292 0.418981 0.059375 0.099074
8 0.346615 0.377778 0.067187 0.101852
8 0.307292 0.355556 0.051042 0.068519
0 0.435417 0.368519 0.026042 0.050000
8 0.439063 0.392593 0.057292 0.092593
0 0.485677 0.314815 0.017188 0.035185
8 0.487240 0.330093 0.033854 0.069444
1 0.525260 0.332870 0.016146 0.037963
8 0.524219 0.345370 0.039062 0.057407
1 0.552344 0.380556 0.022396 0.051852
0 0.577344 0.343519 0.017188 0.042593
8 0.578646 0.356944 0.035417 0.075000
4 0.538542 0.297685 0.021875 0.019444
0 0.538281 0.287037 0.015104 0.027778
8 0.538542 0.297685 0.026042 0.056481
1 0.518490 0.304630 0.016146 0.038889
8 0.512760 0.315741 0.031771 0.062963
0 0.445312 0.310648 0.018750 0.037963
8 0.444792 0.330556 0.051042 0.085185
8 0.400521 0.368056 0.041667 0.054630
0 0.345573 0.300463 0.016146 0.034259
8 0.352865 0.310648 0.034896 0.058333
1 0.391406 0.298611 0.016146 0.036111
8 0.388542 0.301852 0.032292 0.050000
0 0.415625 0.290278 0.015625 0.030556
4 0.416146 0.318519 0.014583 0.029630
4 0.415365 0.305556 0.042188 0.072222
1 0.433594 0.291667 0.014063 0.031481
1 0.110156 0.425463 0.028646 0.058333
9 0.106771 0.430556 0.079167 0.074074
1 0.009115 0.379167 0.017188 0.047222
9 0.021615 0.381019 0.042188 0.063889
1 0.066927 0.343056 0.020313 0.045370
8 0.076042 0.355556 0.039583 0.074074
0 0.183854 0.344907 0.022917 0.045370
8 0.178646 0.377778 0.063542 0.105556
5 0.170573 0.427778 0.024479 0.022222
1 0.210417 0.308333 0.016667 0.035185
8 0.216667 0.313426 0.037500 0.050926
2 0.143490 0.318981 0.020313 0.043519
8 0.140365 0.326389 0.035937 0.060185
8 0.540365 0.393981 0.047396 0.087963
