7 0.079167 0.743519 0.069792 0.118519
3 0.044792 0.843519 0.053125 0.037037
0 0.235417 0.580556 0.044792 0.064815
0 0.239063 0.655556 0.060417 0.127778
5 0.185938 0.841667 0.120833 0.064815
0 0.348438 0.580556 0.044792 0.074074
3 0.325521 0.710648 0.025000 0.030556
0 0.485417 0.578704 0.042708 0.087037
1 0.529167 0.687500 0.058333 0.130556
0 0.594271 0.568519 0.045833 0.088889
4 0.538542 0.805556 0.052083 0.062963
0 0.703125 0.605556 0.056250 0.101852
3 0.694792 0.818519 0.030208 0.035185
1 0.833594 0.677778 0.057813 0.111111
5 0.884375 0.821759 0.084375 0.069444
8 0.234115 0.712037 0.136979 0.231481
8 0.246615 0.605093 0.075521 0.110185
8 0.342708 0.625000 0.085417 0.164815
8 0.476823 0.619907 0.090104 0.163889
8 0.532813 0.731019 0.142708 0.212037
8 0.596615 0.618519 0.088021 0.177778
8 0.707292 0.693519 0.130208 0.268519
8 0.854167 0.719444 0.129167 0.200000
9 0.104688 0.731481 0.148958 0.216667
