0 0.192188 0.593519 0.065625 0.116667
3 0.142187 0.767593 0.035417 0.038889
1 0.285417 0.580556 0.040625 0.081481
0 0.338542 0.566667 0.059375 0.111111
1 0.395313 0.546296 0.045833 0.096296
1 0.575521 0.562963 0.033333 0.074074
1 0.598437 0.618519 0.052083 0.122222
4 0.591667 0.775926 0.066667 0.068519
1 0.730990 0.583333 0.054688 0.133333
4 0.742188 0.730556 0.052083 0.057407
2 0.855990 0.625926 0.067187 0.125926
5 0.904167 0.805556 0.145833 0.059259
8 0.188802 0.650926 0.127604 0.218519
8 0.341927 0.642130 0.129688 0.258333
8 0.287240 0.601852 0.065104 0.114815
8 0.408594 0.593056 0.085938 0.158333
8 0.559635 0.599537 0.061979 0.139815
8 0.594531 0.678704 0.141146 0.237037
8 0.734375 0.653704 0.125000 0.259259
8 0.855208 0.680093 0.128125 0.225000
