1 0.069271 0.592593 0.045833 0.074074
1 0.028125 0.640741 0.055208 0.111111
4 0.021354 0.775000 0.041667 0.055556
1 0.155990 0.631481 0.057813 0.107407
6 0.134115 0.780556 0.084896 0.051852
1 0.266667 0.588889 0.047917 0.081481
6 0.257292 0.668519 0.066667 0.044444
1 0.450521 0.558333 0.033333 0.083333
4 0.452865 0.640741 0.029687 0.037037
1 0.385417 0.625926 0.054167 0.111111
5 0.372917 0.758333 0.095833 0.053704
3 0.307292 0.775000 0.033333 0.042593
1 0.619271 0.517593 0.036458 0.072222
1 0.651563 0.554630 0.050000 0.112963
1 0.701562 0.503704 0.037500 0.081481
1 0.793490 0.475000 0.042188 0.068519
1 0.785417 0.580556 0.061458 0.120370
1 0.922917 0.525926 0.067708 0.111111
4 0.925521 0.687963 0.054167 0.050000
3 0.731771 0.742593 0.036458 0.037037
6 0.785417 0.711111 0.094792 0.059259
9 0.053906 0.695833 0.105729 0.200926
8 0.084635 0.636574 0.078646 0.145370
8 0.154427 0.694907 0.138021 0.223148
8 0.274219 0.613889 0.089063 0.125926
8 0.378125 0.665741 0.132292 0.190741
8 0.464062 0.590741 0.091667 0.138889
8 0.611458 0.559259 0.059375 0.144444
8 0.647135 0.620370 0.134896 0.237037
8 0.707031 0.543519 0.068229 0.148148
8 0.778906 0.615741 0.133854 0.218519
8 0.795833 0.505093 0.089583 0.139815
8 0.921875 0.599074 0.147917 0.237037
