0 0.219792 0.577778 0.060417 0.103704
3 0.138542 0.762037 0.037500 0.044444
1 0.282292 0.571296 0.039583 0.090741
4 0.277344 0.637037 0.032813 0.031481
1 0.319271 0.601852 0.058333 0.131481
4 0.292708 0.743519 0.058333 0.068519
1 0.398438 0.553704 0.045833 0.092593
4 0.392188 0.643519 0.043750 0.050000
1 0.568490 0.575000 0.038021 0.068519
1 0.601042 0.618519 0.057292 0.129630
4 0.596094 0.769444 0.076563 0.075926
0 0.735417 0.562037 0.056250 0.105556
2 0.862500 0.625000 0.075000 0.118519
5 0.910417 0.805556 0.140625 0.059259
9 0.280469 0.598611 0.052604 0.141667
9 0.408854 0.597222 0.089583 0.166667
9 0.559896 0.611111 0.083333 0.131481
9 0.788542 0.612963 0.062500 0.131481
8 0.209896 0.645833 0.117708 0.230556
8 0.315365 0.661111 0.145313 0.242593
8 0.592708 0.678241 0.137500 0.236111
8 0.736979 0.650000 0.135417 0.274074
8 0.866146 0.676852 0.137500 0.225926
