8 0.064323 0.243981 0.081771 0.117593
8 0.093490 0.167130 0.057813 0.100926
9 0.136719 0.154167 0.050521 0.076852
8 0.146094 0.337963 0.127604 0.175926
8 0.277344 0.359259 0.114062 0.155556
9 0.251563 0.256019 0.069792 0.100926
8 0.321615 0.299074 0.082812 0.164815
8 0.304948 0.175463 0.040104 0.087963
8 0.380990 0.139815 0.047396 0.066667
9 0.395313 0.222222 0.067708 0.088889
8 0.419792 0.157870 0.057292 0.086111
8 0.443490 0.130556 0.030729 0.079630
8 0.466667 0.218056 0.063542 0.130556
9 0.447917 0.279167 0.072917 0.102778
8 0.446615 0.347685 0.090104 0.180556
8 0.534115 0.344907 0.092188 0.187963
9 0.517188 0.200926 0.048958 0.074074
8 0.566146 0.177315 0.060417 0.073148
8 0.563542 0.206019 0.046875 0.078704
8 0.630990 0.228704 0.082812 0.109259
9 0.597917 0.290278 0.068750 0.089815
8 0.638542 0.371296 0.133333 0.161111
4 0.643490 0.430556 0.052604 0.038889
9 0.743490 0.187963 0.049479 0.081481
8 0.765365 0.217130 0.052604 0.089815
8 0.815365 0.215278 0.049479 0.097222
8 0.887240 0.192593 0.049479 0.077778
8 0.832292 0.302315 0.083333 0.123148
8 0.896094 0.338889 0.081771 0.155556
8 0.949740 0.287500 0.042188 0.119444
5 0.259896 0.426852 0.069792 0.035185
5 0.515365 0.443056 0.038021 0.032407
5 0.978646 0.468519 0.042708 0.031481
8 0.342448 0.250000 0.053646 0.142593
8 0.944792 0.366667 0.108333 0.196296
8 0.701042 0.177315 0.042708 0.099074
8 0.326042 0.143519 0.035417 0.077778
8 0.343490 0.134722 0.032813 0.080556
8 0.058594 0.193519 0.073438 0.100000
9 0.213021 0.321759 0.063542 0.119444
8 0.543490 0.156019 0.040104 0.071296
1 0.065365 0.228241 0.032813 0.073148
1 0.051042 0.177315 0.031250 0.060185
1 0.080469 0.146296 0.028646 0.062963
1 0.127865 0.143519 0.025521 0.055556
0 0.165365 0.297685 0.045312 0.093519
1 0.269271 0.326389 0.043750 0.086111
1 0.267448 0.244444 0.034896 0.077778
1 0.308073 0.262037 0.041146 0.094444
0 0.330990 0.214352 0.029687 0.063889
0 0.308594 0.160185 0.025521 0.055556
0 0.319792 0.130556 0.020833 0.051852
1 0.336719 0.120370 0.017188 0.050000
1 0.390365 0.214352 0.028646 0.063889
1 0.385417 0.130556 0.020833 0.048148
1 0.422917 0.143981 0.020833 0.056481
1 0.439063 0.118056 0.019792 0.049074
0 0.465365 0.183333 0.028646 0.055556
1 0.473438 0.144907 0.023958 0.052778
1 0.517969 0.193519 0.023438 0.053704
0 0.454688 0.303704 0.038542 0.088889
0 0.532813 0.294907 0.039583 0.087963
1 0.548698 0.145370 0.021354 0.046296
1 0.576042 0.165741 0.022917 0.050000
1 0.565365 0.196759 0.022396 0.056481
0 0.616667 0.205556 0.026042 0.061111
1 0.615365 0.281944 0.031771 0.073148
1 0.643490 0.343519 0.045312 0.103704
1 0.711719 0.148611 0.017188 0.043519
2 0.754167 0.174074 0.025000 0.053704
1 0.771615 0.196296 0.022396 0.051852
2 0.798438 0.174074 0.026042 0.053704
1 0.818490 0.193519 0.023438 0.051852
1 0.896615 0.181019 0.025521 0.050926
1 0.859115 0.276389 0.029687 0.069444
6 0.832292 0.343056 0.030208 0.039815
0 0.910937 0.301389 0.037500 0.076852
0 0.952344 0.261111 0.028646 0.055556
0 0.982292 0.311574 0.035417 0.084259
