0 0.145313 0.493519 0.056250 0.103704
5 0.089063 0.645370 0.114583 0.051852
0 0.254167 0.501852 0.054167 0.114815
4 0.201563 0.651852 0.047917 0.059259
0 0.385417 0.485648 0.053125 0.093519
3 0.318490 0.680556 0.034896 0.029630
0 0.441146 0.489815 0.036458 0.079630
0 0.600521 0.485648 0.041667 0.080556
0 0.685417 0.514815 0.039583 0.066667
0 0.813542 0.540741 0.040625 0.074074
0 0.771094 0.580556 0.048438 0.120370
5 0.745313 0.742593 0.093750 0.055556
8 0.151042 0.556019 0.105208 0.208333
8 0.249219 0.567593 0.126562 0.229630
8 0.385417 0.569907 0.116667 0.252778
8 0.447917 0.532407 0.069792 0.157407
8 0.597917 0.540278 0.102083 0.178704
8 0.687240 0.556019 0.085938 0.149074
8 0.737240 0.634722 0.150521 0.223148
8 0.815365 0.580093 0.051562 0.162037
