8 0.074740 0.243056 0.073438 0.126852
8 0.091667 0.165278 0.055208 0.113889
8 0.134896 0.143056 0.058333 0.080556
8 0.379167 0.137500 0.051042 0.075000
8 0.306771 0.175000 0.038542 0.094444
8 0.259896 0.247222 0.073958 0.144444
8 0.339844 0.251852 0.059896 0.135185
9 0.317188 0.312037 0.087500 0.131481
9 0.263542 0.368056 0.127083 0.137963
8 0.160938 0.333333 0.106250 0.181481
8 0.420573 0.156019 0.053646 0.087963
8 0.423438 0.256019 0.061458 0.139815
8 0.444792 0.356019 0.103125 0.173148
5 0.514844 0.443056 0.040104 0.037963
8 0.517448 0.191667 0.049479 0.103704
9 0.571094 0.206019 0.059896 0.082407
8 0.524219 0.256019 0.067187 0.137963
8 0.538542 0.351389 0.094792 0.197222
8 0.646615 0.230556 0.057813 0.114815
8 0.633594 0.373148 0.100521 0.144444
9 0.709115 0.179167 0.039062 0.058333
9 0.732292 0.193056 0.059375 0.082407
9 0.796094 0.191667 0.044271 0.064815
8 0.763542 0.218519 0.052083 0.092593
8 0.816146 0.218519 0.055208 0.092593
8 0.884896 0.189815 0.043750 0.090741
8 0.867188 0.249537 0.040625 0.093519
8 0.836719 0.293056 0.064062 0.123148
8 0.894792 0.330556 0.103125 0.177778
8 0.960938 0.373148 0.078125 0.216667
8 0.542188 0.152778 0.031250 0.075926
8 0.029948 0.280556 0.058854 0.168519
0 0.013021 0.239815 0.025000 0.074074
1 0.065365 0.219907 0.032813 0.073148
0 0.052865 0.154630 0.029687 0.055556
1 0.079167 0.142593 0.030208 0.064815
1 0.127865 0.131944 0.025521 0.054630
2 0.330469 0.130556 0.026562 0.050000
1 0.379167 0.127315 0.019792 0.052778
1 0.421615 0.143519 0.023438 0.059259
0 0.301563 0.157407 0.026042 0.055556
0 0.338542 0.174537 0.028125 0.056481
0 0.337240 0.217593 0.029687 0.066667
1 0.410938 0.228241 0.032292 0.075000
1 0.384896 0.215278 0.029167 0.065741
1 0.460938 0.205556 0.028125 0.066667
9 0.463021 0.223611 0.059375 0.106481
0 0.474219 0.143056 0.023438 0.056481
0 0.457813 0.131019 0.020833 0.050926
8 0.454167 0.137963 0.030208 0.068519
8 0.479167 0.161111 0.034375 0.094444
1 0.517969 0.168056 0.023438 0.062037
1 0.537240 0.136111 0.019271 0.044444
2 0.579688 0.193519 0.028125 0.053704
0 0.651042 0.206019 0.027083 0.063889
1 0.525521 0.229167 0.033333 0.075000
0 0.539844 0.302778 0.042188 0.098148
1 0.454167 0.318056 0.038542 0.091667
1 0.630990 0.349537 0.040104 0.093519
1 0.316667 0.307407 0.039583 0.087037
2 0.263542 0.218519 0.038542 0.072222
1 0.204167 0.306944 0.037500 0.084259
1 0.241146 0.351389 0.051042 0.099074
1 0.157292 0.306481 0.048958 0.098148
1 0.716667 0.172222 0.019792 0.044444
1 0.746615 0.181019 0.025521 0.052778
1 0.801042 0.185648 0.026042 0.054630
1 0.823438 0.202315 0.023958 0.054630
1 0.892188 0.168519 0.025000 0.053704
0 0.867188 0.226852 0.029167 0.051852
0 0.769792 0.194907 0.022917 0.050926
0 0.838542 0.264815 0.030208 0.064815
0 0.915625 0.280556 0.040625 0.079630
6 0.885938 0.406944 0.045833 0.034259
1 0.984115 0.318056 0.031771 0.108333
