0 0.093229 0.633796 0.067708 0.125000
3 0.044792 0.846759 0.056250 0.030556
0 0.246354 0.587500 0.042708 0.084259
7 0.194271 0.755556 0.069792 0.118519
0 0.352865 0.576389 0.036979 0.071296
3 0.326042 0.705556 0.027083 0.031481
0 0.487500 0.573611 0.036458 0.080556
0 0.608594 0.571759 0.045312 0.080556
1 0.510938 0.705556 0.062500 0.112963
4 0.538542 0.814815 0.037500 0.051852
0 0.701042 0.605556 0.050000 0.101852
3 0.697917 0.822222 0.033333 0.040741
1 0.839063 0.655556 0.059375 0.116667
5 0.888021 0.818519 0.100000 0.061111
3 0.609896 0.704630 0.027083 0.031481
8 0.104688 0.699537 0.136458 0.256481
8 0.244792 0.626852 0.092708 0.159259
8 0.344792 0.623148 0.095833 0.181481
8 0.489844 0.618519 0.093229 0.162963
9 0.534896 0.740278 0.138542 0.199074
8 0.605469 0.618519 0.103646 0.175926
8 0.707292 0.693056 0.130208 0.269444
8 0.854167 0.711111 0.138542 0.218519
9 0.219792 0.749537 0.145833 0.217593
