8 0.068490 0.239815 0.081771 0.129630
8 0.094792 0.166667 0.051042 0.114815
8 0.135417 0.143519 0.055208 0.079630
8 0.380990 0.141667 0.043229 0.064815
8 0.305990 0.169444 0.040104 0.090741
8 0.340625 0.251852 0.050000 0.137037
8 0.283073 0.343519 0.105729 0.179630
8 0.165365 0.331481 0.101562 0.185185
8 0.420573 0.155556 0.053646 0.083333
9 0.395313 0.230556 0.060417 0.081481
8 0.452344 0.265278 0.070312 0.125000
8 0.442188 0.344444 0.097917 0.187037
5 0.514844 0.443056 0.040104 0.037963
8 0.568490 0.204167 0.044271 0.076852
8 0.523438 0.266667 0.070833 0.125926
8 0.538542 0.350926 0.094792 0.198148
8 0.630990 0.228704 0.057813 0.109259
8 0.634115 0.368519 0.100521 0.161111
9 0.710938 0.177778 0.037500 0.053704
9 0.729688 0.193519 0.057292 0.074074
9 0.793490 0.187500 0.039062 0.069444
8 0.763542 0.214815 0.048958 0.096296
8 0.816146 0.218519 0.055208 0.092593
8 0.884896 0.189815 0.043750 0.088889
8 0.839063 0.293519 0.069792 0.122222
8 0.904167 0.338889 0.083333 0.162963
8 0.959896 0.370370 0.080208 0.214815
8 0.550521 0.161111 0.039583 0.094444
8 0.034115 0.155556 0.042188 0.094444
8 0.329688 0.143056 0.042708 0.086111
8 0.476042 0.220833 0.048958 0.119444
9 0.212240 0.318056 0.069271 0.117593
8 0.521615 0.181019 0.051562 0.104630
8 0.322917 0.289815 0.084375 0.174074
0 0.058073 0.205556 0.030729 0.064815
2 0.040365 0.143519 0.026562 0.059259
2 0.084115 0.136574 0.027604 0.069444
1 0.127865 0.132407 0.023438 0.055556
0 0.331771 0.130556 0.020833 0.055556
0 0.299740 0.156019 0.026562 0.054630
0 0.334115 0.212037 0.029687 0.055556
0 0.154167 0.291204 0.044792 0.093519
1 0.197917 0.305556 0.037500 0.085185
1 0.298438 0.243056 0.035417 0.084259
1 0.379167 0.130556 0.020833 0.050000
1 0.385417 0.222685 0.029167 0.069444
2 0.287240 0.306019 0.047396 0.095370
1 0.422917 0.143056 0.022917 0.056481
0 0.458594 0.118056 0.020313 0.049074
0 0.488021 0.143056 0.023958 0.049074
8 0.489844 0.164815 0.033854 0.090741
0 0.443490 0.243056 0.034896 0.076852
1 0.466667 0.193519 0.028125 0.066667
0 0.519792 0.158333 0.023958 0.055556
1 0.548438 0.143519 0.020833 0.051852
0 0.569271 0.186574 0.021875 0.043519
1 0.522917 0.243056 0.029167 0.078704
2 0.428646 0.302315 0.042708 0.084259
0 0.541146 0.294907 0.042708 0.087963
0 0.632292 0.206019 0.028125 0.063889
1 0.613542 0.304630 0.032292 0.075926
9 0.602344 0.331019 0.058854 0.134259
1 0.636719 0.341204 0.047396 0.099074
1 0.716667 0.172685 0.017708 0.043519
1 0.744792 0.186574 0.023958 0.056481
1 0.796615 0.181019 0.025521 0.054630
1 0.767188 0.193519 0.022917 0.053704
1 0.892448 0.168981 0.025521 0.052778
0 0.851042 0.267130 0.029167 0.063889
0 0.902865 0.274537 0.029687 0.069444
8 0.895573 0.293056 0.044271 0.106481
0 0.919792 0.295833 0.038542 0.075000
1 0.983073 0.319907 0.033854 0.108333
0 0.823958 0.200000 0.025000 0.055556
