7 0.113542 0.755556 0.075000 0.122222
3 0.057813 0.831481 0.038542 0.035185
1 0.232292 0.605556 0.041667 0.085185
4 0.210938 0.686574 0.038542 0.032407
7 0.244792 0.736574 0.066667 0.119444
1 0.348438 0.604630 0.045833 0.094444
4 0.335938 0.687500 0.036458 0.056481
1 0.523438 0.622685 0.038542 0.082407
3 0.526563 0.699537 0.037500 0.030556
1 0.628646 0.616667 0.042708 0.085185
6 0.622917 0.696759 0.058333 0.056481
0 0.754167 0.601852 0.062500 0.114815
3 0.753646 0.822685 0.035417 0.043519
0 0.875521 0.618519 0.055208 0.100000
5 0.941667 0.843519 0.111458 0.059259
3 0.227344 0.836574 0.032813 0.030556
9 0.105990 0.733333 0.158854 0.183333
9 0.254948 0.746759 0.147396 0.208333
8 0.230469 0.640741 0.098437 0.157407
8 0.354427 0.638426 0.093229 0.160185
8 0.519010 0.643519 0.111979 0.118519
8 0.625521 0.648611 0.101042 0.119444
8 0.730208 0.685648 0.169792 0.269444
8 0.877344 0.702315 0.113021 0.241667
