0 0.194792 0.594444 0.062500 0.111111
3 0.139063 0.762963 0.037500 0.044444
1 0.290625 0.573148 0.037500 0.081481
4 0.288021 0.634259 0.025000 0.038889
0 0.339844 0.573148 0.054688 0.118519
0 0.402865 0.536111 0.045312 0.081481
1 0.571094 0.579630 0.032813 0.070370
1 0.597917 0.612963 0.056250 0.118519
4 0.596094 0.772222 0.067187 0.074074
0 0.750521 0.568519 0.058333 0.096296
1 0.971615 0.640741 0.051562 0.140741
9 0.557813 0.609722 0.083333 0.139815
8 0.190625 0.649537 0.132292 0.223148
8 0.341406 0.644907 0.131771 0.254630
8 0.291146 0.593519 0.066667 0.125926
8 0.410417 0.588426 0.085417 0.180556
8 0.594010 0.672685 0.144271 0.236111
8 0.734635 0.652315 0.140104 0.269444
8 0.946094 0.689352 0.107813 0.219444
