8 0.064062 0.243519 0.081250 0.120370
8 0.061719 0.185648 0.070312 0.106481
8 0.139063 0.149537 0.048958 0.069444
8 0.142969 0.344907 0.128646 0.165741
8 0.277865 0.357407 0.114062 0.155556
9 0.250521 0.255093 0.072917 0.100926
8 0.325000 0.305556 0.096875 0.155556
8 0.376042 0.137500 0.045833 0.069444
9 0.400521 0.223148 0.060417 0.083333
8 0.421094 0.158796 0.054688 0.084259
8 0.442708 0.130556 0.028125 0.077778
8 0.478646 0.159722 0.036458 0.099074
8 0.468750 0.221296 0.062500 0.120370
9 0.447917 0.279167 0.072917 0.104630
8 0.446615 0.349537 0.090104 0.180556
8 0.534896 0.347685 0.091667 0.187963
8 0.519792 0.186111 0.047917 0.100000
9 0.566667 0.180093 0.056250 0.069444
8 0.564323 0.208796 0.044271 0.071296
8 0.647917 0.232407 0.054167 0.100000
9 0.596615 0.287037 0.066146 0.094444
8 0.639583 0.372685 0.132292 0.169444
4 0.643490 0.430556 0.052604 0.038889
9 0.730990 0.193056 0.054688 0.084259
9 0.796615 0.190741 0.038021 0.066667
8 0.766667 0.216667 0.052083 0.092593
8 0.814583 0.220370 0.050000 0.083333
8 0.886198 0.203241 0.049479 0.071296
8 0.835938 0.297222 0.069792 0.118519
8 0.897135 0.340741 0.085938 0.159259
8 0.964063 0.293981 0.065625 0.099074
5 0.259896 0.426852 0.069792 0.035185
5 0.515365 0.443056 0.038021 0.032407
5 0.978646 0.468519 0.042708 0.031481
8 0.350521 0.241204 0.081250 0.154630
8 0.703646 0.175000 0.041667 0.103704
1 0.061719 0.219907 0.035937 0.071296
1 0.050521 0.165741 0.031250 0.059259
1 0.132292 0.140278 0.027083 0.054630
0 0.157292 0.312037 0.045833 0.094444
1 0.266146 0.327778 0.046875 0.090741
1 0.304688 0.274074 0.042708 0.092593
1 0.266146 0.243056 0.035417 0.075000
0 0.328646 0.196296 0.031250 0.064815
1 0.324740 0.138426 0.020313 0.054630
8 0.333073 0.149537 0.040104 0.080556
2 0.364063 0.128241 0.019792 0.052778
1 0.396615 0.216667 0.029687 0.066667
1 0.424219 0.147222 0.023438 0.055556
0 0.439063 0.116667 0.020833 0.046296
0 0.470833 0.137037 0.021875 0.046296
1 0.467969 0.197222 0.026562 0.068519
1 0.439063 0.262037 0.031250 0.068519
0 0.455208 0.306019 0.037500 0.087963
0 0.540365 0.297222 0.039062 0.088889
0 0.518490 0.165278 0.022396 0.054630
1 0.570833 0.166667 0.025000 0.040741
0 0.568490 0.195370 0.022396 0.042593
1 0.647917 0.216204 0.027083 0.063889
1 0.643750 0.341204 0.046875 0.100926
0 0.708333 0.143981 0.018750 0.039815
1 0.743750 0.179167 0.025000 0.049074
1 0.770312 0.195833 0.022917 0.050926
1 0.801042 0.181944 0.025000 0.050926
1 0.824219 0.205093 0.023438 0.050926
1 0.896615 0.194907 0.026562 0.049074
1 0.848437 0.273148 0.030208 0.068519
0 0.907292 0.296759 0.036458 0.073148
1 0.978646 0.280556 0.032292 0.066667
