1 0.060417 0.605556 0.062500 0.107407
3 0.013542 0.663889 0.026042 0.038889
1 0.172917 0.593519 0.060417 0.124074
6 0.140365 0.760185 0.079687 0.068519
1 0.294792 0.554630 0.043750 0.079630
6 0.278646 0.643519 0.064583 0.055556
1 0.375521 0.593519 0.058333 0.129630
3 0.317188 0.755556 0.033333 0.048148
6 0.376042 0.744444 0.087500 0.088889
1 0.471615 0.522222 0.035937 0.081481
4 0.473438 0.617593 0.037500 0.042593
1 0.667188 0.527778 0.065625 0.137037
1 0.737500 0.480556 0.043750 0.096296
1 0.831771 0.455556 0.045833 0.096296
1 0.801042 0.530556 0.070833 0.144444
6 0.832292 0.690741 0.080208 0.129630
5 0.968750 0.505556 0.056250 0.142593
8 0.077865 0.656019 0.104688 0.202778
8 0.173437 0.660185 0.142708 0.248148
8 0.296094 0.580556 0.095312 0.131481
8 0.398958 0.653704 0.154167 0.235185
8 0.482292 0.558796 0.098958 0.160185
8 0.666927 0.600000 0.130729 0.281481
8 0.742448 0.525463 0.056771 0.156481
8 0.814583 0.597222 0.163542 0.272222
8 0.839844 0.486574 0.090104 0.165741
8 0.946094 0.577315 0.107813 0.245370
