1 0.153646 0.652778 0.039583 0.072222
4 0.126042 0.715741 0.045833 0.038889
7 0.227865 0.693519 0.054688 0.085185
7 0.306771 0.693519 0.045833 0.074074
1 0.396615 0.619444 0.041146 0.088889
6 0.372396 0.720370 0.068750 0.050000
1 0.569792 0.658333 0.038542 0.062963
4 0.571094 0.718519 0.042188 0.044444
7 0.771094 0.677778 0.067187 0.088889
7 0.876563 0.757407 0.079167 0.109259
3 0.859115 0.855556 0.057813 0.038889
1 0.689063 0.682407 0.058333 0.125926
4 0.691667 0.823611 0.055208 0.078704
9 0.233594 0.681019 0.104688 0.108333
9 0.311719 0.693056 0.085938 0.080556
9 0.558333 0.683333 0.106250 0.111111
9 0.760938 0.658333 0.097917 0.125926
9 0.862240 0.770833 0.154688 0.186111
9 0.154688 0.680093 0.098958 0.119444
8 0.398438 0.660185 0.089583 0.157407
8 0.684375 0.743056 0.156250 0.249074
