0 0.171094 0.628704 0.067187 0.127778
3 0.141667 0.796296 0.043750 0.050000
1 0.321094 0.585648 0.042188 0.069444
1 0.316667 0.655556 0.057292 0.112963
5 0.275521 0.780556 0.091667 0.050000
0 0.392188 0.588889 0.043750 0.088889
6 0.401042 0.705556 0.072917 0.051852
0 0.568490 0.555556 0.035937 0.074074
2 0.585938 0.643519 0.056250 0.116667
3 0.597917 0.818519 0.029167 0.037037
1 0.662240 0.593519 0.045312 0.100000
4 0.669271 0.687500 0.045833 0.043519
1 0.785417 0.626852 0.058333 0.124074
4 0.807813 0.780556 0.041667 0.059259
1 0.926042 0.652778 0.065625 0.116667
5 0.964844 0.818519 0.070312 0.051852
8 0.176042 0.693056 0.126042 0.221296
8 0.326042 0.704167 0.125000 0.189815
8 0.335417 0.608796 0.083333 0.110185
8 0.413802 0.634722 0.104688 0.165741
8 0.554688 0.607870 0.083333 0.167593
8 0.597135 0.706019 0.122396 0.219444
8 0.670833 0.633333 0.089583 0.157407
8 0.782813 0.688889 0.150000 0.250000
8 0.935417 0.703241 0.128125 0.219444
