1 0.154167 0.653704 0.039583 0.074074
4 0.126042 0.715741 0.047917 0.050000
7 0.226042 0.691667 0.051042 0.087037
7 0.304688 0.695370 0.048958 0.077778
1 0.397396 0.619444 0.039583 0.088889
6 0.372396 0.728704 0.068750 0.057407
1 0.572396 0.664815 0.047917 0.066667
4 0.566667 0.716667 0.043750 0.048148
7 0.769792 0.680556 0.060417 0.094444
7 0.876563 0.768519 0.066667 0.118519
3 0.860417 0.855556 0.054167 0.035185
1 0.689063 0.680556 0.058333 0.125926
4 0.694792 0.824537 0.068750 0.069444
9 0.234115 0.681019 0.101562 0.115741
9 0.315365 0.694444 0.089063 0.079630
9 0.556510 0.687037 0.102604 0.111111
9 0.762240 0.662037 0.092188 0.131481
9 0.863542 0.772685 0.157292 0.187963
9 0.151042 0.679167 0.101042 0.123148
8 0.398177 0.658796 0.090104 0.160185
8 0.684896 0.743056 0.157292 0.239815
