8 0.066667 0.235185 0.085417 0.131481
8 0.093750 0.165741 0.053125 0.118519
8 0.138021 0.139352 0.053125 0.087963
8 0.380990 0.140741 0.041146 0.070370
8 0.306771 0.177315 0.038542 0.093519
8 0.255990 0.243981 0.067187 0.126852
8 0.340625 0.250000 0.053125 0.142593
8 0.276042 0.349537 0.106250 0.169444
8 0.167187 0.338426 0.094792 0.180556
8 0.420573 0.157407 0.053646 0.083333
8 0.398698 0.222222 0.065104 0.101852
8 0.451042 0.261574 0.077083 0.130556
8 0.441667 0.345833 0.104167 0.186111
5 0.515365 0.444907 0.039062 0.032407
8 0.571094 0.204167 0.045312 0.082407
8 0.524740 0.260185 0.068229 0.135185
8 0.534896 0.348611 0.088542 0.193519
8 0.630469 0.227778 0.057813 0.109259
8 0.648438 0.377778 0.139583 0.179630
9 0.710938 0.177778 0.037500 0.053704
9 0.741667 0.188889 0.051042 0.081481
9 0.794271 0.189815 0.037500 0.070370
8 0.763542 0.217130 0.047917 0.091667
8 0.815365 0.217593 0.055729 0.088889
8 0.884115 0.189815 0.042188 0.088889
8 0.839063 0.296759 0.069792 0.123148
8 0.902344 0.335185 0.082812 0.162963
8 0.959896 0.368981 0.079167 0.208333
8 0.551562 0.161574 0.031250 0.089815
8 0.035937 0.155556 0.042708 0.094444
8 0.330990 0.146296 0.041146 0.088889
8 0.476042 0.222685 0.055208 0.126852
9 0.215885 0.319907 0.064062 0.110185
8 0.522396 0.195370 0.044792 0.081481
0 0.057292 0.206944 0.033333 0.067593
0 0.036719 0.136574 0.028646 0.056481
1 0.131771 0.127315 0.026042 0.058333
2 0.080469 0.137500 0.026562 0.056481
0 0.328646 0.130556 0.020833 0.048148
0 0.300000 0.157870 0.025000 0.052778
1 0.378646 0.132407 0.020833 0.050000
1 0.423438 0.147222 0.025000 0.059259
1 0.461719 0.130556 0.020313 0.048148
1 0.464062 0.196759 0.027083 0.069444
0 0.335938 0.209722 0.030208 0.056481
1 0.402865 0.204630 0.031771 0.062963
1 0.293490 0.262963 0.042188 0.092593
8 0.315365 0.299537 0.082812 0.165741
1 0.273698 0.196296 0.027604 0.061111
0 0.481510 0.139815 0.023438 0.046296
8 0.489063 0.162963 0.039583 0.094444
0 0.446094 0.233333 0.030729 0.070370
1 0.529167 0.231019 0.034375 0.076852
1 0.532292 0.181944 0.026042 0.049074
1 0.549740 0.144907 0.023438 0.052778
0 0.574740 0.188889 0.023438 0.051852
0 0.534115 0.299537 0.042188 0.089815
0 0.434896 0.293981 0.040625 0.080556
0 0.632812 0.206019 0.029167 0.060185
1 0.620313 0.312963 0.033333 0.079630
1 0.655990 0.339352 0.046354 0.106481
4 0.653646 0.433333 0.047917 0.037037
8 0.604688 0.335185 0.065625 0.125926
9 0.592187 0.293519 0.069792 0.105556
1 0.278385 0.313426 0.041146 0.093519
1 0.203385 0.309722 0.036979 0.080556
0 0.166146 0.296759 0.043750 0.093519
1 0.716667 0.173148 0.017708 0.042593
2 0.752865 0.176852 0.026562 0.053704
2 0.795312 0.181019 0.029167 0.052778
1 0.768490 0.197222 0.024479 0.053704
0 0.823438 0.199074 0.023958 0.053704
1 0.892188 0.171759 0.025000 0.050926
0 0.851042 0.265278 0.028125 0.062037
0 0.909896 0.296759 0.037500 0.078704
0 0.979688 0.313426 0.039583 0.093519
5 0.254167 0.423148 0.083333 0.035185
