1 0.153646 0.655556 0.039583 0.074074
4 0.129688 0.718519 0.042708 0.044444
1 0.229167 0.624537 0.041667 0.080556
7 0.307292 0.690741 0.052083 0.088889
1 0.410938 0.611574 0.045833 0.080556
6 0.372917 0.725926 0.071875 0.051852
0 0.566667 0.641667 0.040625 0.079630
4 0.567187 0.716667 0.038542 0.048148
7 0.768750 0.677778 0.059375 0.088889
0 0.846875 0.670370 0.059375 0.124074
1 0.688542 0.677778 0.059375 0.140741
3 0.857292 0.855556 0.060417 0.035185
4 0.694792 0.829630 0.063542 0.074074
9 0.233594 0.662500 0.097396 0.145370
9 0.314323 0.693056 0.086979 0.086111
9 0.763021 0.662963 0.094792 0.125926
9 0.153646 0.675926 0.093750 0.118519
8 0.407292 0.661574 0.093750 0.165741
8 0.559115 0.716204 0.100521 0.219444
8 0.686719 0.736574 0.150521 0.243519
8 0.859115 0.730093 0.152604 0.243519
