7 0.113542 0.753704 0.065625 0.122222
3 0.060417 0.830556 0.037500 0.037037
1 0.232292 0.605556 0.037500 0.085185
4 0.210938 0.680556 0.037500 0.042593
7 0.243490 0.740741 0.067187 0.114815
1 0.350521 0.593519 0.046875 0.083333
4 0.338542 0.682407 0.037500 0.055556
1 0.523438 0.626852 0.037500 0.087037
4 0.528646 0.701852 0.031250 0.025926
1 0.634896 0.610185 0.043750 0.081481
6 0.632292 0.692593 0.068750 0.059259
0 0.752344 0.605556 0.054688 0.118519
3 0.755469 0.825926 0.035937 0.051852
0 0.872917 0.618519 0.056250 0.100000
5 0.939063 0.843519 0.112500 0.059259
9 0.104948 0.732407 0.158854 0.198148
9 0.259375 0.743056 0.144792 0.208333
8 0.227344 0.627315 0.090104 0.134259
8 0.354167 0.635185 0.097917 0.168519
8 0.521094 0.651389 0.114062 0.123148
8 0.627344 0.643981 0.097396 0.169444
8 0.730990 0.683333 0.170313 0.281481
8 0.877344 0.698148 0.123438 0.246296
