8 0.068490 0.243056 0.084896 0.130556
8 0.030990 0.155093 0.053646 0.078704
8 0.088542 0.166667 0.059375 0.114815
8 0.134115 0.143056 0.057813 0.084259
8 0.332813 0.146296 0.044792 0.094444
8 0.383073 0.135185 0.044271 0.081481
8 0.307292 0.172222 0.038542 0.094444
8 0.263542 0.243056 0.065625 0.139815
8 0.341667 0.252315 0.060417 0.141667
8 0.313542 0.309259 0.086458 0.144444
9 0.263542 0.366204 0.127083 0.137963
8 0.215365 0.293056 0.077604 0.156481
8 0.140365 0.341667 0.130729 0.187037
8 0.418750 0.155556 0.056250 0.085185
8 0.451042 0.130556 0.030208 0.075926
8 0.474740 0.218056 0.041146 0.115741
8 0.396615 0.219907 0.061979 0.093519
8 0.451042 0.264815 0.085417 0.133333
8 0.444792 0.352778 0.095833 0.188889
5 0.398438 0.431019 0.062500 0.034259
5 0.514844 0.443056 0.040104 0.037963
8 0.521615 0.186111 0.048438 0.105556
8 0.569792 0.203241 0.050000 0.084259
8 0.525521 0.255556 0.066667 0.144444
8 0.548438 0.356019 0.097917 0.175000
8 0.646094 0.230093 0.059896 0.117593
8 0.602344 0.280556 0.051562 0.096296
8 0.641667 0.368519 0.101042 0.172222
9 0.709115 0.179167 0.039062 0.058333
9 0.732292 0.193056 0.060417 0.084259
8 0.792969 0.180556 0.039062 0.081481
8 0.764844 0.218056 0.053646 0.097222
8 0.816146 0.218519 0.055208 0.096296
8 0.884896 0.189815 0.043750 0.090741
8 0.865365 0.245833 0.040104 0.093519
8 0.836719 0.293519 0.065104 0.127778
8 0.894792 0.293519 0.053125 0.109259
8 0.909115 0.343056 0.085938 0.139815
8 0.962500 0.381019 0.075000 0.191667
1 0.063542 0.222685 0.031250 0.069444
2 0.035417 0.144907 0.029167 0.056481
2 0.073438 0.143519 0.029167 0.064815
1 0.127865 0.130556 0.026562 0.059259
2 0.382292 0.118519 0.021875 0.050000
1 0.421094 0.143056 0.026562 0.060185
1 0.388542 0.210648 0.034375 0.069444
1 0.446615 0.230556 0.032813 0.075926
1 0.312240 0.295833 0.045312 0.093519
1 0.210417 0.268056 0.042708 0.091667
1 0.252344 0.351852 0.052604 0.101852
1 0.633073 0.331019 0.049479 0.102778
0 0.524219 0.228704 0.034896 0.079630
0 0.330990 0.131019 0.022396 0.050926
0 0.302344 0.157407 0.024479 0.055556
0 0.271094 0.208333 0.034896 0.068519
0 0.338542 0.209722 0.029167 0.056481
0 0.452865 0.118519 0.023438 0.050000
0 0.476042 0.139352 0.023958 0.049074
0 0.469792 0.190741 0.027083 0.057407
2 0.524740 0.166667 0.026562 0.057407
0 0.572396 0.185648 0.023958 0.043519
0 0.643490 0.205556 0.028646 0.068519
1 0.610938 0.268519 0.033333 0.075926
2 0.566146 0.328704 0.045833 0.107407
2 0.451042 0.305093 0.042708 0.089815
0 0.159115 0.297685 0.046354 0.106481
1 0.716667 0.169907 0.020833 0.043519
1 0.746615 0.180556 0.024479 0.053704
1 0.787240 0.168519 0.024479 0.055556
0 0.769792 0.193981 0.022917 0.050926
0 0.823698 0.198148 0.025521 0.055556
0 0.837240 0.265741 0.028646 0.062963
0 0.865365 0.228704 0.028646 0.053704
1 0.893490 0.168519 0.026562 0.051852
1 0.901823 0.277778 0.040104 0.074074
1 0.930469 0.319444 0.042188 0.087037
4 0.599740 0.437037 0.032813 0.044444
