1 0.153646 0.651852 0.039583 0.074074
4 0.128646 0.711574 0.051042 0.043519
7 0.231250 0.695370 0.050000 0.077778
7 0.303646 0.693519 0.047917 0.074074
1 0.396094 0.616667 0.042188 0.088889
6 0.372396 0.722685 0.066667 0.056481
1 0.569271 0.662963 0.044792 0.074074
4 0.565365 0.715741 0.039062 0.050000
7 0.769792 0.675926 0.063542 0.100000
7 0.879167 0.768519 0.075000 0.111111
3 0.857292 0.853704 0.058333 0.040741
1 0.688021 0.684722 0.060417 0.130556
4 0.692969 0.824537 0.064062 0.069444
9 0.154167 0.679630 0.101042 0.120370
8 0.397396 0.656481 0.089583 0.161111
8 0.684896 0.741667 0.158333 0.240741
9 0.235417 0.682870 0.105208 0.115741
9 0.312240 0.693519 0.089063 0.088889
9 0.557813 0.684259 0.103125 0.109259
9 0.765365 0.658796 0.093229 0.125000
9 0.862240 0.770370 0.156771 0.185185
