1 0.185938 0.606019 0.061458 0.130556
4 0.139063 0.764815 0.039583 0.040741
1 0.317188 0.604630 0.057292 0.138889
4 0.290365 0.746759 0.054688 0.069444
2 0.376042 0.547685 0.042708 0.093519
4 0.385417 0.643519 0.031250 0.059259
1 0.597917 0.618519 0.053125 0.125926
4 0.594271 0.770370 0.058333 0.072222
0 0.744271 0.555556 0.062500 0.116667
3 0.747917 0.787500 0.043750 0.043519
0 0.863021 0.569907 0.062500 0.119444
5 0.907813 0.806481 0.144792 0.062963
8 0.183333 0.653704 0.134375 0.220370
8 0.318490 0.656481 0.135937 0.244444
8 0.398438 0.587500 0.083333 0.167593
8 0.591667 0.679167 0.136458 0.236111
8 0.746615 0.643056 0.125521 0.293519
8 0.876563 0.654167 0.153125 0.269444
9 0.563542 0.608796 0.094792 0.137963
