1 0.154688 0.654630 0.041667 0.075926
4 0.126042 0.716667 0.050000 0.040741
7 0.225521 0.693519 0.050000 0.079630
7 0.305990 0.693519 0.045312 0.085185
1 0.398438 0.618519 0.044792 0.081481
6 0.371875 0.729630 0.065625 0.051852
1 0.567187 0.659722 0.038542 0.056481
4 0.566667 0.718519 0.040625 0.044444
7 0.769792 0.674537 0.060417 0.093519
7 0.876042 0.771296 0.072917 0.111111
3 0.857812 0.853704 0.058333 0.037037
1 0.691667 0.680556 0.058333 0.129630
4 0.689063 0.829630 0.062500 0.074074
9 0.151823 0.681019 0.096354 0.121296
8 0.399219 0.659722 0.089063 0.162037
8 0.684896 0.741204 0.161458 0.241667
9 0.231771 0.682407 0.105208 0.112963
9 0.311198 0.693519 0.086979 0.081481
9 0.558854 0.683796 0.105208 0.112037
9 0.763542 0.661111 0.093750 0.131481
9 0.865365 0.770833 0.152604 0.178704
