8 0.067187 0.235648 0.085417 0.130556
8 0.095312 0.162500 0.051042 0.115741
8 0.134635 0.144444 0.054688 0.079630
8 0.380990 0.136111 0.042188 0.072222
8 0.306250 0.175926 0.038542 0.094444
8 0.257031 0.247685 0.065104 0.121296
8 0.338542 0.250463 0.053125 0.141667
8 0.287760 0.341204 0.131771 0.184259
8 0.164844 0.335185 0.096354 0.181481
8 0.420573 0.155556 0.053646 0.083333
9 0.395833 0.230556 0.059375 0.083333
8 0.454688 0.264352 0.069792 0.126852
8 0.441667 0.346759 0.104167 0.186111
5 0.514844 0.443056 0.040104 0.037963
8 0.568490 0.204167 0.045312 0.082407
8 0.522135 0.255556 0.065104 0.138889
8 0.544271 0.349074 0.108333 0.185185
8 0.630990 0.228704 0.057813 0.109259
8 0.634896 0.373611 0.097917 0.156481
9 0.710938 0.177778 0.037500 0.053704
9 0.730469 0.195370 0.057813 0.074074
9 0.792969 0.187500 0.044271 0.073148
8 0.762240 0.215741 0.050521 0.092593
8 0.815885 0.217593 0.055729 0.088889
8 0.884115 0.189815 0.042188 0.088889
8 0.839063 0.293981 0.069792 0.123148
8 0.904167 0.340741 0.083333 0.162963
8 0.960417 0.366667 0.079167 0.212963
8 0.551042 0.166204 0.043750 0.102778
8 0.035417 0.155556 0.042708 0.094444
8 0.330729 0.150000 0.041667 0.087037
8 0.476042 0.222222 0.048958 0.118519
9 0.211719 0.317593 0.066146 0.111111
8 0.518490 0.184259 0.048438 0.105556
0 0.059115 0.205556 0.035937 0.068519
0 0.040885 0.139352 0.027604 0.060185
2 0.084375 0.137963 0.028125 0.064815
1 0.128125 0.134722 0.025000 0.056481
0 0.328906 0.134722 0.022396 0.050926
0 0.379427 0.125000 0.019271 0.050000
0 0.300521 0.156481 0.026042 0.055556
0 0.337240 0.214815 0.032813 0.061111
0 0.273958 0.225000 0.032292 0.072222
0 0.156771 0.292130 0.042708 0.093519
1 0.198958 0.306944 0.038542 0.084259
2 0.303646 0.297685 0.045833 0.089815
1 0.386979 0.225463 0.029167 0.065741
1 0.424219 0.147222 0.024479 0.057407
1 0.467448 0.198148 0.026562 0.066667
0 0.443750 0.243519 0.033333 0.081481
2 0.428906 0.300463 0.041146 0.087963
1 0.462500 0.121296 0.020833 0.044444
0 0.483333 0.139815 0.025000 0.046296
8 0.488542 0.163426 0.035417 0.091667
0 0.515885 0.160185 0.024479 0.055556
1 0.548438 0.144444 0.021875 0.051852
1 0.524479 0.229630 0.032292 0.081481
0 0.563281 0.305556 0.042188 0.094444
0 0.569792 0.187037 0.025000 0.048148
0 0.633333 0.207870 0.029167 0.062037
1 0.636719 0.345833 0.049479 0.099074
1 0.617448 0.300926 0.034896 0.075926
8 0.607292 0.324074 0.061458 0.120370
1 0.717708 0.175463 0.019792 0.043519
1 0.744792 0.187500 0.023958 0.050926
1 0.768490 0.197222 0.024479 0.053704
1 0.798177 0.181481 0.026562 0.055556
1 0.892188 0.172222 0.025000 0.053704
0 0.823177 0.200000 0.025521 0.051852
0 0.851562 0.264352 0.028125 0.062037
0 0.903646 0.276389 0.032292 0.067593
8 0.897135 0.292130 0.047396 0.104630
0 0.920833 0.299537 0.038542 0.075000
0 0.983073 0.316667 0.033854 0.096296
