0 0.095833 0.633796 0.067708 0.128704
3 0.046615 0.843519 0.051562 0.044444
0 0.245833 0.587963 0.044792 0.085185
0 0.348958 0.577778 0.042708 0.074074
3 0.326042 0.705556 0.026042 0.033333
7 0.193490 0.764815 0.070312 0.129630
0 0.490885 0.575000 0.039062 0.075926
1 0.510417 0.700926 0.058333 0.112963
4 0.538542 0.815741 0.039583 0.057407
0 0.608333 0.574074 0.037500 0.077778
0 0.701042 0.605556 0.055208 0.105556
3 0.694792 0.818519 0.034375 0.038889
1 0.842969 0.656481 0.060937 0.118519
5 0.884896 0.818519 0.100000 0.061111
8 0.104688 0.697685 0.134375 0.267593
8 0.247917 0.629167 0.092708 0.171296
8 0.345313 0.626389 0.097917 0.176852
8 0.492188 0.619907 0.097917 0.171296
9 0.531771 0.736111 0.139583 0.194444
8 0.607292 0.618056 0.102083 0.167593
8 0.707292 0.691204 0.130208 0.267593
8 0.855469 0.705556 0.132812 0.220370
9 0.217188 0.749537 0.145833 0.206481
