3 0.014063 0.663889 0.027083 0.038889
1 0.060417 0.603704 0.062500 0.118519
0 0.171615 0.598148 0.060937 0.129630
6 0.139063 0.762037 0.075000 0.055556
1 0.294792 0.555556 0.043750 0.081481
6 0.274740 0.647222 0.064062 0.055556
1 0.376563 0.593519 0.060417 0.129630
3 0.319271 0.762963 0.037500 0.037037
6 0.376563 0.742593 0.091667 0.077778
1 0.471615 0.522222 0.035937 0.094444
4 0.474740 0.618519 0.035937 0.038889
1 0.667188 0.525000 0.059375 0.131481
1 0.738021 0.480556 0.041667 0.090741
1 0.834896 0.454630 0.043750 0.090741
1 0.800521 0.523148 0.070833 0.144444
6 0.838021 0.681481 0.083333 0.125926
5 0.966667 0.509259 0.059375 0.131481
8 0.077083 0.655556 0.108333 0.198148
8 0.173698 0.660185 0.141146 0.235185
8 0.301563 0.577315 0.101042 0.141667
8 0.397396 0.649537 0.152083 0.230556
8 0.483594 0.552315 0.100521 0.173148
8 0.669010 0.602778 0.133854 0.272222
8 0.739844 0.493519 0.073438 0.135185
8 0.814063 0.599537 0.163542 0.273148
8 0.844792 0.483333 0.078125 0.129630
8 0.947396 0.576389 0.105208 0.260185
