1 0.154688 0.654630 0.041667 0.072222
4 0.123438 0.718519 0.048958 0.044444
7 0.226042 0.696759 0.045833 0.080556
7 0.304688 0.694444 0.050000 0.075926
1 0.398438 0.618519 0.045833 0.092593
6 0.371615 0.726852 0.067187 0.046296
1 0.573438 0.666667 0.045833 0.059259
4 0.571094 0.716667 0.042188 0.048148
7 0.766667 0.679630 0.057292 0.100000
7 0.878125 0.768519 0.071875 0.116667
3 0.855469 0.855556 0.051562 0.044444
1 0.688542 0.681481 0.057292 0.127778
4 0.691667 0.824537 0.058333 0.069444
9 0.151042 0.677315 0.092708 0.125000
8 0.396354 0.660185 0.089583 0.153704
8 0.686719 0.743056 0.157812 0.243519
9 0.232813 0.683333 0.096875 0.122222
9 0.312240 0.694444 0.085938 0.087037
9 0.556510 0.683796 0.105729 0.113889
9 0.763021 0.662500 0.094792 0.130556
9 0.864844 0.774074 0.154688 0.190741
