1 0.185417 0.600926 0.067708 0.131481
3 0.138021 0.764815 0.033333 0.048148
1 0.317188 0.596296 0.060417 0.137037
4 0.378646 0.543519 0.047917 0.098148
2 0.291667 0.744444 0.053125 0.077778
4 0.386719 0.640741 0.039062 0.051852
1 0.597917 0.612963 0.060417 0.137037
4 0.591667 0.772222 0.060417 0.068519
0 0.745313 0.552778 0.064583 0.120370
0 0.863021 0.568519 0.066667 0.118519
5 0.910417 0.805556 0.146875 0.059259
3 0.745313 0.783333 0.041667 0.037037
8 0.184375 0.655093 0.133333 0.221296
8 0.315104 0.661111 0.135417 0.248148
8 0.398958 0.588426 0.082292 0.169444
8 0.591406 0.678704 0.139063 0.235185
8 0.745833 0.643519 0.125000 0.285185
8 0.874479 0.652315 0.148958 0.269444
9 0.563021 0.608333 0.086458 0.127778
