8 0.066667 0.241667 0.088542 0.124074
8 0.091667 0.165278 0.055208 0.113889
8 0.134115 0.143056 0.057813 0.080556
8 0.379688 0.137500 0.052083 0.075000
8 0.306771 0.175000 0.038542 0.094444
8 0.260417 0.247222 0.073958 0.144444
8 0.340365 0.248611 0.060937 0.130556
9 0.318490 0.316667 0.088021 0.131481
9 0.263542 0.368056 0.127083 0.137963
8 0.160938 0.338426 0.106250 0.180556
8 0.418490 0.155556 0.055729 0.085185
8 0.397917 0.218981 0.060417 0.093519
8 0.451042 0.253241 0.077083 0.145370
8 0.445573 0.343056 0.105729 0.195370
5 0.514844 0.443056 0.040104 0.037963
8 0.515365 0.183333 0.048438 0.100000
8 0.573438 0.206019 0.057292 0.082407
8 0.526042 0.256019 0.067708 0.137963
8 0.541146 0.356019 0.093750 0.178704
8 0.647917 0.229630 0.058333 0.114815
8 0.636198 0.379630 0.099479 0.140741
9 0.709115 0.179167 0.039062 0.058333
9 0.732292 0.193056 0.059375 0.082407
9 0.796094 0.191667 0.044271 0.064815
8 0.763542 0.218519 0.052083 0.092593
8 0.816146 0.218519 0.055208 0.092593
8 0.884896 0.189815 0.043750 0.090741
8 0.868490 0.249074 0.040104 0.094444
8 0.836719 0.293056 0.064062 0.123148
8 0.906771 0.336574 0.082292 0.158333
8 0.956771 0.357407 0.086458 0.218519
8 0.542969 0.153241 0.035937 0.078704
1 0.064323 0.218519 0.033854 0.074074
1 0.048438 0.162037 0.030208 0.068519
1 0.079948 0.141667 0.028646 0.064815
1 0.127865 0.134259 0.025521 0.055556
8 0.322917 0.147222 0.035417 0.094444
2 0.338542 0.118519 0.020833 0.050000
1 0.379688 0.127778 0.021875 0.055556
1 0.318490 0.131019 0.022396 0.054630
1 0.301042 0.156944 0.026042 0.054630
0 0.339062 0.174537 0.026042 0.056481
1 0.423698 0.143981 0.022396 0.060185
1 0.385417 0.213426 0.031250 0.063889
0 0.471615 0.137963 0.022396 0.050000
1 0.460417 0.188426 0.026042 0.063889
1 0.514062 0.168056 0.023958 0.060185
1 0.537240 0.137037 0.019271 0.044444
2 0.579167 0.190278 0.027083 0.050926
1 0.526563 0.229167 0.029167 0.075000
2 0.442188 0.218519 0.034375 0.074074
0 0.344792 0.214815 0.032292 0.059259
0 0.264844 0.216204 0.034896 0.071296
0 0.160938 0.298611 0.045833 0.093519
1 0.239844 0.351389 0.048438 0.099074
1 0.315365 0.305556 0.040104 0.092593
0 0.456771 0.291204 0.038542 0.084259
1 0.543490 0.318519 0.041146 0.103704
1 0.634115 0.354630 0.045312 0.090741
1 0.621094 0.303704 0.035937 0.068519
1 0.613542 0.268981 0.034375 0.069444
0 0.651563 0.205556 0.029167 0.064815
1 0.716667 0.168981 0.020833 0.041667
1 0.745313 0.181019 0.025000 0.052778
1 0.801042 0.185648 0.025000 0.054630
1 0.824740 0.201389 0.024479 0.052778
1 0.892969 0.169444 0.026562 0.051852
1 0.924740 0.300000 0.043229 0.081481
0 0.769792 0.196759 0.021875 0.043519
0 0.837240 0.263426 0.029687 0.062037
0 0.869271 0.230093 0.028125 0.050926
0 0.983073 0.300463 0.033854 0.099074
