0 0.135417 0.479630 0.056250 0.107407
5 0.090365 0.644444 0.110937 0.055556
0 0.256771 0.503704 0.054167 0.111111
4 0.208594 0.647222 0.042188 0.068519
0 0.388542 0.484259 0.050000 0.098148
3 0.321094 0.677778 0.032813 0.037037
0 0.435417 0.491667 0.033333 0.075926
7 0.604688 0.566667 0.058333 0.096296
7 0.707812 0.566667 0.050000 0.081481
7 0.814844 0.599074 0.054688 0.090741
7 0.757292 0.678704 0.070833 0.116667
8 0.133333 0.542593 0.150000 0.225926
8 0.250521 0.562500 0.131250 0.217593
8 0.386458 0.571759 0.121875 0.260185
8 0.452604 0.534259 0.061458 0.150000
9 0.601042 0.579167 0.105208 0.128704
9 0.703646 0.579167 0.094792 0.108333
9 0.742969 0.666204 0.161979 0.180556
9 0.814844 0.610648 0.105729 0.112037
