0 0.133333 0.474074 0.058333 0.103704
5 0.089063 0.648148 0.112500 0.055556
0 0.254688 0.505556 0.057292 0.105556
4 0.204687 0.649074 0.043750 0.068519
0 0.385417 0.491667 0.053125 0.105556
3 0.319792 0.679630 0.033333 0.040741
0 0.438542 0.493519 0.033333 0.077778
7 0.604688 0.565741 0.048958 0.094444
7 0.713021 0.562037 0.055208 0.083333
7 0.811458 0.599074 0.051042 0.090741
7 0.751563 0.672222 0.071875 0.144444
9 0.601042 0.575463 0.107292 0.128704
9 0.702865 0.581019 0.100521 0.117593
9 0.816146 0.609722 0.105208 0.112037
9 0.743229 0.665741 0.165625 0.185185
8 0.136458 0.543981 0.142708 0.228704
8 0.251563 0.557870 0.128125 0.219444
8 0.386458 0.568981 0.117708 0.254630
8 0.450000 0.535648 0.064583 0.150926
