0 0.184375 0.587963 0.065625 0.105556
3 0.139063 0.764815 0.035417 0.040741
1 0.285938 0.574074 0.035417 0.081481
4 0.278646 0.633333 0.035417 0.040741
0 0.332813 0.570370 0.052083 0.114815
3 0.291667 0.758333 0.037500 0.046296
1 0.398438 0.562037 0.045833 0.090741
4 0.392188 0.646296 0.033333 0.051852
0 0.573438 0.558333 0.037500 0.083333
1 0.598958 0.618519 0.055208 0.125926
4 0.597396 0.768519 0.068750 0.070370
1 0.720313 0.578704 0.050000 0.131481
4 0.729688 0.683333 0.057292 0.059259
1 0.762240 0.564815 0.042188 0.077778
2 0.832292 0.627778 0.069792 0.114815
5 0.907813 0.803704 0.150000 0.066667
9 0.281771 0.601852 0.070833 0.127778
9 0.411198 0.598148 0.085938 0.162963
8 0.559896 0.596759 0.077083 0.147222
8 0.768490 0.582407 0.056771 0.105556
8 0.186458 0.648611 0.139583 0.223148
8 0.332813 0.642130 0.121875 0.254630
8 0.593750 0.678704 0.140625 0.248148
8 0.726823 0.653241 0.134896 0.267593
8 0.854688 0.680556 0.140625 0.225926
