1 0.123438 0.525463 0.062500 0.119444
6 0.094271 0.630556 0.112500 0.081481
2 0.253646 0.515741 0.054167 0.111111
4 0.213542 0.648611 0.042708 0.069444
2 0.380990 0.478704 0.057813 0.109259
3 0.317188 0.678704 0.034375 0.035185
2 0.432292 0.489815 0.044792 0.072222
2 0.606510 0.494444 0.041146 0.074074
2 0.690365 0.515741 0.038021 0.079630
2 0.796094 0.528241 0.042188 0.080556
1 0.742188 0.571296 0.056250 0.125926
5 0.738542 0.738889 0.089583 0.062963
8 0.129688 0.562963 0.150000 0.181481
8 0.254688 0.570370 0.128125 0.218519
8 0.380990 0.562037 0.121354 0.261111
8 0.447396 0.533333 0.069792 0.159259
8 0.583594 0.543056 0.107813 0.171296
8 0.689063 0.556481 0.088542 0.146296
8 0.732812 0.630556 0.139583 0.225926
8 0.796094 0.569444 0.065104 0.159259
