8 0.066667 0.242593 0.088542 0.120370
8 0.099740 0.155556 0.054688 0.109259
9 0.139323 0.153241 0.044271 0.075000
8 0.157292 0.331019 0.095833 0.184259
8 0.277344 0.354630 0.116146 0.159259
8 0.204167 0.295833 0.092708 0.156481
9 0.315365 0.305556 0.085938 0.144444
9 0.249740 0.256019 0.070312 0.104630
8 0.346615 0.257407 0.060937 0.131481
8 0.307292 0.180556 0.045833 0.081481
9 0.393490 0.210648 0.057813 0.106481
8 0.333594 0.141204 0.050521 0.100926
8 0.380990 0.142130 0.042188 0.065741
8 0.422917 0.155556 0.051042 0.087037
8 0.447917 0.268519 0.075000 0.112963
9 0.513542 0.193981 0.051042 0.080556
8 0.630990 0.228704 0.065104 0.105556
9 0.567448 0.179167 0.056771 0.071296
8 0.568490 0.207407 0.047396 0.068519
8 0.446875 0.345833 0.090625 0.180556
8 0.534375 0.356019 0.090625 0.175000
8 0.644792 0.368056 0.139583 0.173148
8 0.605990 0.330556 0.070312 0.131481
5 0.259115 0.426852 0.069271 0.035185
5 0.513542 0.443056 0.037500 0.032407
9 0.710938 0.177315 0.036458 0.052778
9 0.732292 0.193056 0.058333 0.076852
8 0.766667 0.214815 0.048958 0.088889
8 0.815625 0.217130 0.053125 0.086111
8 0.878646 0.181019 0.044792 0.095370
8 0.830990 0.299074 0.075521 0.118519
8 0.893490 0.355556 0.089063 0.133333
8 0.959115 0.368056 0.081771 0.193519
9 0.597396 0.284722 0.066667 0.093519
5 0.979688 0.468519 0.040625 0.033333
8 0.466667 0.224537 0.067708 0.119444
4 0.652865 0.430556 0.051562 0.038889
1 0.717969 0.168056 0.020313 0.043519
1 0.062240 0.219907 0.032813 0.069444
0 0.047917 0.130556 0.028125 0.055556
1 0.089063 0.130556 0.028125 0.062963
1 0.129688 0.143056 0.023958 0.056481
0 0.151042 0.284259 0.044792 0.094444
1 0.177865 0.268519 0.039062 0.088889
1 0.269792 0.318519 0.041667 0.092593
1 0.264844 0.243056 0.032813 0.073148
1 0.300521 0.297222 0.037500 0.081481
1 0.305990 0.168056 0.026562 0.058333
2 0.335938 0.117130 0.026042 0.049074
1 0.340365 0.189352 0.029687 0.063889
1 0.353646 0.230556 0.033333 0.075926
1 0.379167 0.130556 0.019792 0.050000
1 0.382292 0.192593 0.031250 0.064815
1 0.421875 0.143056 0.021875 0.060185
0 0.442969 0.108333 0.019271 0.044444
8 0.444792 0.130093 0.030208 0.086111
1 0.471615 0.136111 0.022396 0.055556
2 0.463021 0.193056 0.029167 0.060185
2 0.429167 0.255093 0.035417 0.075000
1 0.516146 0.183333 0.025000 0.055556
1 0.546094 0.151389 0.022396 0.047222
1 0.578125 0.168519 0.025000 0.050000
1 0.571094 0.203241 0.022396 0.054630
0 0.632292 0.205556 0.029167 0.064815
1 0.613542 0.273148 0.031250 0.068519
0 0.532813 0.318519 0.039583 0.096296
0 0.451823 0.298148 0.038021 0.081481
1 0.624740 0.306019 0.032813 0.076852
1 0.654167 0.340278 0.048958 0.102778
1 0.747917 0.180556 0.025000 0.055556
2 0.773438 0.193519 0.025000 0.051852
1 0.794792 0.182407 0.025000 0.055556
0 0.818490 0.195833 0.023438 0.043519
1 0.888542 0.159722 0.026042 0.056481
1 0.852865 0.278241 0.026562 0.069444
6 0.844271 0.333333 0.042708 0.031481
1 0.913021 0.271759 0.033333 0.069444
1 0.918490 0.331019 0.039062 0.080556
6 0.389323 0.249537 0.033854 0.030556
