0 0.134896 0.478704 0.056250 0.098148
5 0.091146 0.646296 0.114583 0.051852
0 0.254688 0.505556 0.050000 0.100000
4 0.205990 0.650000 0.044271 0.055556
0 0.388021 0.487037 0.050000 0.096296
3 0.319792 0.677778 0.029167 0.037037
0 0.439063 0.494444 0.035417 0.074074
7 0.607812 0.566667 0.050000 0.096296
7 0.710417 0.562037 0.050000 0.094444
7 0.810417 0.601852 0.054167 0.096296
7 0.756250 0.680556 0.065625 0.118519
8 0.135417 0.541667 0.143750 0.225926
8 0.248698 0.566204 0.127604 0.217593
8 0.385156 0.568519 0.124479 0.257407
8 0.448958 0.536111 0.066667 0.146296
9 0.603646 0.574074 0.107292 0.127778
9 0.701562 0.579167 0.096875 0.121296
9 0.815885 0.610648 0.103646 0.112037
9 0.746094 0.664815 0.164062 0.185185
