1 0.151042 0.655556 0.040625 0.074074
4 0.126562 0.715741 0.053125 0.038889
7 0.229167 0.694444 0.050000 0.072222
7 0.307292 0.693519 0.050000 0.077778
1 0.396094 0.619444 0.042188 0.088889
6 0.372917 0.729630 0.069792 0.051852
1 0.569271 0.668519 0.040625 0.066667
4 0.569792 0.718519 0.050000 0.046296
7 0.769792 0.678704 0.053125 0.098148
7 0.877344 0.780556 0.070312 0.111111
3 0.857812 0.856481 0.058333 0.029630
1 0.686719 0.687500 0.064062 0.130556
4 0.691667 0.820370 0.066667 0.072222
9 0.152865 0.680556 0.098437 0.125926
8 0.397135 0.658796 0.092188 0.163889
8 0.687240 0.743519 0.156771 0.244444
9 0.230990 0.682407 0.100521 0.112963
9 0.309896 0.693056 0.086458 0.091667
9 0.556250 0.685185 0.106250 0.111111
9 0.760938 0.657407 0.093750 0.129630
9 0.864844 0.775926 0.157812 0.187037
