8 0.069271 0.248148 0.087500 0.131481
8 0.135417 0.143056 0.055208 0.080556
8 0.092188 0.165741 0.055208 0.111111
8 0.382292 0.133333 0.044792 0.074074
8 0.332813 0.143981 0.044792 0.091667
8 0.304688 0.177315 0.043750 0.097222
8 0.341667 0.251389 0.058333 0.137963
9 0.396615 0.226852 0.063021 0.087037
8 0.418490 0.155556 0.055729 0.083333
8 0.472917 0.218519 0.046875 0.114815
8 0.450521 0.265741 0.084375 0.140741
8 0.527865 0.256481 0.070312 0.137037
8 0.569792 0.205556 0.047917 0.083333
8 0.644792 0.228241 0.058333 0.110185
8 0.597396 0.281019 0.060417 0.100926
8 0.644792 0.366204 0.088542 0.171296
8 0.560417 0.368056 0.105208 0.154630
8 0.444792 0.347222 0.092708 0.181481
9 0.264844 0.365278 0.123438 0.136111
8 0.317969 0.314352 0.084896 0.137963
8 0.142969 0.337037 0.129688 0.181481
8 0.214844 0.303704 0.067187 0.137037
8 0.265365 0.243519 0.067187 0.135185
9 0.707292 0.175463 0.038542 0.056481
9 0.733594 0.193056 0.056771 0.082407
8 0.792188 0.181481 0.042708 0.075926
8 0.763542 0.218056 0.053125 0.091667
8 0.816667 0.218519 0.055208 0.090741
8 0.884896 0.188889 0.042708 0.085185
8 0.835417 0.293056 0.063542 0.125000
9 0.909115 0.355093 0.082812 0.128704
8 0.963021 0.380556 0.073958 0.198148
8 0.032813 0.155556 0.055208 0.079630
8 0.542188 0.144444 0.038542 0.088889
5 0.398438 0.431019 0.060417 0.030556
5 0.513542 0.443056 0.037500 0.032407
8 0.518490 0.182870 0.046354 0.099074
8 0.866667 0.244907 0.041667 0.099074
1 0.063542 0.224074 0.032292 0.068519
2 0.037240 0.146759 0.027604 0.056481
2 0.079167 0.141204 0.030208 0.060185
1 0.127865 0.132407 0.026562 0.055556
0 0.326042 0.130556 0.021875 0.050000
0 0.301823 0.155556 0.025521 0.053704
0 0.269792 0.207407 0.033333 0.064815
0 0.339844 0.210185 0.029687 0.055556
1 0.389844 0.218056 0.031771 0.069444
2 0.382292 0.120370 0.022917 0.046296
1 0.419792 0.143519 0.025000 0.057407
0 0.476823 0.136574 0.022396 0.043519
0 0.469792 0.192593 0.027083 0.057407
0 0.444792 0.231019 0.032292 0.069444
0 0.517448 0.165741 0.024479 0.053704
0 0.532813 0.141204 0.019792 0.049074
0 0.571615 0.185648 0.023438 0.043519
0 0.644792 0.204630 0.027083 0.062963
1 0.609115 0.270370 0.034896 0.075926
0 0.523438 0.229630 0.030208 0.074074
1 0.216667 0.280556 0.039583 0.088889
1 0.319792 0.295833 0.042708 0.087963
0 0.159115 0.298148 0.042188 0.105556
1 0.254167 0.347685 0.048958 0.093519
0 0.451042 0.295833 0.039583 0.080556
1 0.589063 0.347222 0.048958 0.105556
1 0.635938 0.330556 0.047917 0.100000
3 0.602344 0.450463 0.026562 0.025000
1 0.716667 0.170833 0.019792 0.043519
1 0.746615 0.179167 0.025521 0.052778
1 0.786719 0.168519 0.024479 0.053704
0 0.769792 0.195833 0.022917 0.043519
0 0.823438 0.200926 0.025000 0.050000
0 0.867969 0.228241 0.028646 0.052778
1 0.892969 0.168981 0.026562 0.050926
0 0.837240 0.264352 0.029687 0.062037
1 0.902865 0.274074 0.039062 0.068519
8 0.894792 0.292130 0.055208 0.108333
1 0.930469 0.330556 0.040104 0.081481
