0 0.094271 0.634722 0.080208 0.156481
3 0.044792 0.850926 0.060417 0.038889
0 0.241146 0.585648 0.046875 0.093519
7 0.194792 0.755556 0.075000 0.124074
0 0.341146 0.580556 0.048958 0.087037
3 0.326042 0.709722 0.026042 0.030556
0 0.489063 0.568519 0.045833 0.077778
0 0.605469 0.571759 0.048438 0.080556
3 0.610938 0.704630 0.021875 0.031481
1 0.510938 0.700926 0.068750 0.112963
4 0.538542 0.805556 0.041667 0.055556
0 0.701042 0.606481 0.054167 0.111111
3 0.696094 0.817593 0.032813 0.046296
1 0.841667 0.656481 0.058333 0.118519
5 0.884115 0.818519 0.092188 0.061111
9 0.218490 0.750463 0.140104 0.199074
8 0.105469 0.702315 0.132812 0.262037
8 0.248698 0.630556 0.094271 0.166667
8 0.343490 0.621296 0.091146 0.177778
8 0.494792 0.617593 0.103125 0.166667
9 0.530990 0.731944 0.136979 0.208333
8 0.605990 0.618519 0.101562 0.179630
8 0.705990 0.687963 0.127604 0.268519
8 0.853125 0.709259 0.134375 0.218519
