1 0.170313 0.627778 0.060417 0.122222
3 0.144271 0.798611 0.041667 0.034259
1 0.319792 0.593519 0.044792 0.070370
1 0.319271 0.655556 0.058333 0.111111
5 0.273438 0.777778 0.095833 0.059259
1 0.396615 0.624537 0.042188 0.093519
6 0.404167 0.705556 0.068750 0.051852
0 0.555990 0.555556 0.042188 0.077778
2 0.604688 0.632407 0.054167 0.111111
3 0.595313 0.815741 0.025000 0.042593
1 0.663542 0.592593 0.050000 0.096296
4 0.669792 0.687500 0.044792 0.043519
1 0.784115 0.625926 0.057813 0.125926
4 0.801042 0.780556 0.052083 0.059259
1 0.924219 0.655556 0.060937 0.111111
5 0.960938 0.814815 0.069792 0.059259
8 0.173958 0.687500 0.138542 0.230556
8 0.326042 0.712500 0.129167 0.189815
8 0.329167 0.601389 0.070833 0.073148
8 0.413021 0.657870 0.097917 0.147222
8 0.544792 0.625463 0.070833 0.219444
8 0.595052 0.709259 0.123438 0.216667
8 0.669792 0.631019 0.089583 0.162037
8 0.784115 0.685648 0.139063 0.258333
8 0.933594 0.693519 0.125521 0.214815
