1 0.111719 0.530556 0.064062 0.109259
6 0.085938 0.639815 0.103125 0.087037
0 0.269792 0.494444 0.047917 0.103704
3 0.240365 0.666667 0.029687 0.044444
0 0.393490 0.479630 0.051562 0.107407
3 0.317188 0.684259 0.033333 0.035185
1 0.431771 0.495370 0.037500 0.075926
0 0.597917 0.487037 0.044792 0.081481
0 0.685417 0.509259 0.038542 0.074074
0 0.784375 0.531481 0.040625 0.088889
1 0.727865 0.604630 0.064062 0.120370
5 0.735938 0.741667 0.087500 0.057407
8 0.133854 0.575463 0.126042 0.176852
8 0.266667 0.561111 0.110417 0.220370
8 0.393750 0.562037 0.145833 0.253704
8 0.441667 0.540278 0.058333 0.158333
8 0.589844 0.539815 0.098437 0.174074
8 0.682813 0.556944 0.082292 0.147222
8 0.726302 0.645370 0.142187 0.201852
8 0.789062 0.571296 0.079167 0.161111
