5 0.233073 0.138426 0.028646 0.015741
1 0.241927 0.095370 0.014063 0.029630
8 0.242969 0.107407 0.040104 0.057407
4 0.387500 0.077315 0.014583 0.015741
1 0.383594 0.037963 0.014063 0.029630
8 0.389583 0.052315 0.050000 0.062037
5 0.426042 0.077315 0.021875 0.012037
5 0.537240 0.032407 0.013021 0.011111
4 0.573958 0.031481 0.013542 0.012963
5 0.674740 0.312037 0.032813 0.040741
6 0.707031 0.307870 0.038021 0.032407
1 0.716146 0.256944 0.021875 0.043519
9 0.705469 0.267130 0.068229 0.100926
5 0.899479 0.391667 0.020833 0.027778
