1 0.116406 0.412037 0.028646 0.051852
1 0.165365 0.387500 0.024479 0.045370
1 0.205990 0.450463 0.027604 0.050926
1 0.258073 0.404630 0.021354 0.038889
1 0.243490 0.357870 0.018229 0.039815
1 0.305208 0.342593 0.018750 0.038889
0 0.329688 0.443519 0.029167 0.062963
0 0.404167 0.456019 0.030208 0.060185
0 0.512240 0.447685 0.031771 0.056481
1 0.365365 0.443519 0.026562 0.061111
0 0.401042 0.393056 0.022917 0.047222
0 0.451042 0.393519 0.020833 0.044444
0 0.416667 0.355093 0.018750 0.036111
1 0.474740 0.330556 0.014063 0.033333
0 0.490365 0.380556 0.018229 0.042593
1 0.505990 0.339815 0.016146 0.040741
0 0.539844 0.330556 0.018229 0.033333
0 0.537240 0.367593 0.023438 0.040741
0 0.523698 0.395833 0.024479 0.050926
0 0.598698 0.325463 0.016146 0.030556
1 0.582292 0.401389 0.022917 0.060185
0 0.617969 0.368056 0.017188 0.036111
0 0.654167 0.375463 0.020833 0.041667
1 0.630990 0.410185 0.021354 0.055556
0 0.587240 0.481019 0.032813 0.067593
0 0.669792 0.453704 0.033333 0.066667
0 0.718490 0.327778 0.014063 0.025926
1 0.735417 0.357407 0.019792 0.037037
1 0.776563 0.354167 0.017708 0.037963
0 0.753646 0.366204 0.017708 0.032407
1 0.805469 0.375926 0.020313 0.037037
1 0.851562 0.351852 0.021875 0.038889
1 0.827865 0.384722 0.020313 0.043519
1 0.830990 0.431019 0.024479 0.047222
0 0.863281 0.417593 0.025521 0.048148
1 0.879167 0.454630 0.023958 0.061111
1 0.919792 0.456019 0.034375 0.071296
1 0.958594 0.420833 0.024479 0.054630
0 0.986719 0.481019 0.026562 0.063889
8 0.916667 0.489352 0.079167 0.149074
8 0.864323 0.472222 0.056771 0.105556
9 0.816667 0.443519 0.056250 0.077778
8 0.848958 0.360648 0.035417 0.054630
8 0.753646 0.381019 0.035417 0.067593
8 0.712240 0.348148 0.029687 0.068519
8 0.669792 0.487963 0.073958 0.137037
8 0.586719 0.495833 0.066146 0.110185
8 0.581771 0.418056 0.055208 0.091667
8 0.660417 0.391667 0.042708 0.077778
8 0.616667 0.373148 0.031250 0.044444
8 0.596094 0.334722 0.026562 0.056481
8 0.489063 0.392130 0.039583 0.067593
8 0.514323 0.481481 0.065104 0.133333
8 0.475521 0.331481 0.031250 0.050000
8 0.412240 0.481944 0.086979 0.121296
8 0.316667 0.475000 0.082292 0.131481
8 0.310417 0.349074 0.037500 0.055556
8 0.266146 0.422222 0.050000 0.081481
9 0.207813 0.460648 0.070833 0.093519
9 0.115365 0.418519 0.048438 0.066667
8 0.169271 0.393519 0.050000 0.061111
5 0.163542 0.543519 0.038542 0.020370
5 0.268490 0.458333 0.024479 0.018519
9 0.367188 0.460185 0.046875 0.094444
8 0.422396 0.365741 0.031250 0.061111
8 0.452344 0.418519 0.035937 0.094444
8 0.626823 0.427315 0.041146 0.086111
8 0.730729 0.368056 0.032292 0.058333
8 0.776563 0.360185 0.029167 0.050000
8 0.815365 0.397685 0.040104 0.069444
8 0.957292 0.432870 0.035417 0.075000
