1 0.152865 0.656481 0.045312 0.074074
4 0.125521 0.718519 0.053125 0.044444
7 0.228125 0.695370 0.046875 0.077778
7 0.304688 0.692593 0.048958 0.081481
1 0.391146 0.619444 0.053125 0.074074
6 0.375521 0.721296 0.070833 0.062963
1 0.569792 0.655556 0.045833 0.068519
4 0.564063 0.718519 0.039583 0.040741
1 0.759896 0.615741 0.047917 0.075926
4 0.760417 0.695370 0.054167 0.048148
1 0.688021 0.688426 0.058333 0.130556
4 0.696615 0.831481 0.079687 0.068519
7 0.879167 0.780556 0.083333 0.125926
9 0.150521 0.681481 0.100000 0.120370
8 0.400000 0.661111 0.087500 0.159259
8 0.684115 0.746296 0.161979 0.248148
8 0.759115 0.652778 0.094271 0.151852
9 0.232292 0.681019 0.101042 0.115741
9 0.311719 0.693056 0.085938 0.087963
9 0.560937 0.679630 0.105208 0.114815
9 0.863542 0.769444 0.157292 0.188889
