1 0.027865 0.623148 0.054688 0.120370
2 0.123698 0.616667 0.064062 0.118519
6 0.117188 0.772222 0.090625 0.055556
1 0.269792 0.562037 0.050000 0.081481
6 0.257292 0.653704 0.079167 0.062963
1 0.371875 0.600926 0.062500 0.131481
4 0.354167 0.731481 0.054167 0.062963
1 0.457813 0.536111 0.040625 0.081481
4 0.459896 0.612963 0.031250 0.044444
1 0.642188 0.505556 0.040625 0.077778
1 0.681771 0.555556 0.054167 0.125926
1 0.721094 0.480556 0.042188 0.088889
2 0.769792 0.545833 0.071875 0.143519
1 0.816146 0.466667 0.052083 0.088889
6 0.836719 0.711111 0.123438 0.094444
1 0.951042 0.509259 0.069792 0.131481
4 0.972396 0.680556 0.052083 0.059259
8 0.051823 0.681944 0.102604 0.230556
8 0.152344 0.668519 0.140104 0.227778
8 0.283073 0.587963 0.090104 0.144444
8 0.376823 0.650000 0.158854 0.231481
8 0.464062 0.566667 0.090625 0.146296
8 0.632292 0.538426 0.061458 0.143519
8 0.669271 0.613426 0.121875 0.245370
8 0.725521 0.511574 0.067708 0.154630
8 0.797396 0.605556 0.162500 0.259259
8 0.824219 0.505093 0.090104 0.167593
8 0.937240 0.578241 0.122396 0.275000
