0 0.117969 0.493519 0.057813 0.096296
6 0.097917 0.645370 0.120833 0.053704
1 0.244792 0.532407 0.055208 0.116667
4 0.207813 0.653704 0.038542 0.055556
1 0.384115 0.511111 0.051562 0.118519
4 0.372917 0.605556 0.050000 0.051852
5 0.334115 0.687963 0.107813 0.044444
0 0.439063 0.490741 0.033333 0.077778
0 0.607292 0.496296 0.041667 0.088889
4 0.605469 0.600000 0.035937 0.044444
1 0.691146 0.539815 0.039583 0.087037
0 0.792188 0.518519 0.039583 0.088889
1 0.754167 0.594444 0.059375 0.114815
5 0.744792 0.744444 0.096875 0.055556
8 0.132031 0.554630 0.146354 0.201852
8 0.252865 0.573611 0.119271 0.197222
8 0.388802 0.568519 0.125521 0.242593
8 0.450521 0.535185 0.065625 0.155556
8 0.601562 0.549074 0.093750 0.172222
8 0.797396 0.565278 0.073958 0.175000
8 0.694271 0.566204 0.094792 0.130556
9 0.740365 0.639815 0.132812 0.209259
