1 0.035417 0.466667 0.062500 0.118519
5 0.041146 0.581481 0.081250 0.077778
1 0.196094 0.487963 0.057813 0.112963
4 0.180469 0.600926 0.051562 0.055556
0 0.329688 0.440741 0.050000 0.111111
4 0.284115 0.593519 0.042188 0.055556
5 0.285938 0.643519 0.121875 0.038889
0 0.371094 0.443519 0.032813 0.059259
0 0.554688 0.443519 0.034375 0.074074
2 0.648438 0.478704 0.044792 0.075926
0 0.697917 0.504630 0.045833 0.101852
5 0.691667 0.678704 0.083333 0.050000
8 0.207031 0.531944 0.123438 0.195370
8 0.339583 0.513889 0.147917 0.250000
8 0.390885 0.491667 0.072396 0.157407
8 0.546615 0.498611 0.095312 0.171296
8 0.636458 0.517130 0.078125 0.141667
8 0.684896 0.566667 0.129167 0.220370
8 0.742188 0.530093 0.053125 0.149074
9 0.073958 0.512500 0.139583 0.202778
