7 0.085417 0.734259 0.075000 0.105556
3 0.045312 0.850926 0.050000 0.044444
0 0.238542 0.652778 0.060417 0.105556
0 0.236719 0.574074 0.039062 0.051852
5 0.188542 0.843519 0.108333 0.057407
0 0.348438 0.575000 0.037500 0.068519
3 0.324740 0.706481 0.023438 0.027778
5 0.354167 0.710185 0.033333 0.031481
0 0.485938 0.570370 0.045833 0.074074
0 0.591667 0.571296 0.040625 0.075926
3 0.611719 0.705556 0.023438 0.027778
1 0.526563 0.685185 0.064583 0.107407
4 0.538542 0.811111 0.050000 0.066667
0 0.703646 0.610185 0.047917 0.105556
3 0.697396 0.818519 0.036458 0.037037
1 0.839063 0.670370 0.060417 0.103704
5 0.886719 0.827778 0.089063 0.055556
9 0.105990 0.737037 0.143229 0.203704
8 0.238542 0.718519 0.123958 0.227778
8 0.345833 0.629630 0.084375 0.157407
8 0.246615 0.630093 0.082812 0.152778
8 0.483854 0.621759 0.105208 0.158333
8 0.532813 0.733333 0.137500 0.194444
8 0.599740 0.620370 0.079687 0.164815
8 0.709115 0.691204 0.117188 0.254630
8 0.854688 0.722685 0.126042 0.182407
