1 0.153646 0.655556 0.039583 0.081481
4 0.126042 0.713426 0.043750 0.043519
1 0.217188 0.624537 0.040625 0.080556
4 0.217969 0.723611 0.045312 0.043519
0 0.304167 0.609722 0.041667 0.080556
4 0.303646 0.729630 0.039583 0.037037
1 0.402865 0.618519 0.039062 0.081481
6 0.372917 0.729630 0.075000 0.040741
0 0.569792 0.630556 0.037500 0.072222
3 0.569792 0.724537 0.028125 0.030556
1 0.760938 0.630556 0.043750 0.085185
1 0.849219 0.693519 0.064062 0.133333
3 0.857812 0.862963 0.058333 0.037037
2 0.666146 0.635648 0.059375 0.119444
4 0.616146 0.735648 0.047917 0.054630
9 0.857292 0.742130 0.141667 0.225000
9 0.149740 0.678704 0.096354 0.127778
8 0.230469 0.666667 0.091146 0.151852
8 0.314323 0.657870 0.083854 0.165741
8 0.402865 0.661574 0.093229 0.156481
8 0.565365 0.707407 0.083854 0.238889
8 0.671875 0.711111 0.131250 0.272222
8 0.759115 0.655556 0.091146 0.133333
