7 0.113542 0.755556 0.070833 0.116667
3 0.057813 0.835648 0.041667 0.043519
1 0.230990 0.605556 0.045312 0.085185
4 0.208594 0.685648 0.042188 0.043519
7 0.244792 0.743519 0.066667 0.129630
1 0.348438 0.603704 0.045833 0.088889
4 0.338542 0.687500 0.037500 0.056481
1 0.522396 0.619444 0.040625 0.085185
3 0.531771 0.700463 0.037500 0.030556
1 0.629167 0.616667 0.043750 0.085185
6 0.622917 0.693519 0.061458 0.044444
0 0.752344 0.600463 0.054688 0.119444
3 0.751563 0.823611 0.034375 0.043519
0 0.872917 0.618519 0.059375 0.100000
5 0.938542 0.843519 0.115625 0.059259
9 0.108073 0.730556 0.163021 0.175926
9 0.257292 0.743981 0.143750 0.204630
8 0.229687 0.629167 0.096875 0.119444
8 0.351042 0.636111 0.096875 0.164815
8 0.519010 0.645370 0.101562 0.131481
8 0.623437 0.643519 0.101042 0.133333
8 0.736198 0.682870 0.178646 0.265741
8 0.878646 0.698611 0.123958 0.254630
