0 0.185938 0.587037 0.062500 0.105556
3 0.138021 0.764815 0.037500 0.029630
1 0.288542 0.574074 0.040625 0.081481
4 0.279167 0.637963 0.033333 0.042593
0 0.329688 0.568519 0.051042 0.118519
3 0.294271 0.762963 0.040625 0.044444
1 0.395313 0.561111 0.050000 0.094444
4 0.390365 0.644444 0.035937 0.055556
0 0.573438 0.559259 0.038542 0.088889
1 0.596094 0.618519 0.054688 0.125926
4 0.592708 0.767593 0.073958 0.079630
1 0.719271 0.576852 0.054167 0.124074
4 0.722917 0.690741 0.048958 0.048148
1 0.760938 0.568519 0.043750 0.092593
2 0.839063 0.618519 0.068750 0.120370
5 0.909896 0.805556 0.143750 0.059259
9 0.283073 0.605093 0.071354 0.128704
9 0.410156 0.599537 0.083854 0.154630
8 0.185417 0.649537 0.137500 0.230556
8 0.333073 0.644907 0.119271 0.254630
8 0.558333 0.596296 0.076042 0.153704
8 0.594531 0.673148 0.136979 0.238889
8 0.729688 0.652315 0.136458 0.269444
8 0.771615 0.606019 0.064062 0.154630
8 0.855990 0.673148 0.138021 0.225926
