7 0.112240 0.762037 0.067187 0.118519
3 0.059896 0.830556 0.035417 0.044444
1 0.231771 0.605556 0.045833 0.088889
4 0.210938 0.677778 0.037500 0.037037
7 0.242188 0.734259 0.067708 0.131481
1 0.348438 0.593519 0.044792 0.092593
4 0.334896 0.680556 0.035417 0.057407
1 0.521615 0.619444 0.039062 0.075926
3 0.528646 0.702778 0.037500 0.024074
1 0.632292 0.605556 0.036458 0.088889
6 0.629167 0.698148 0.068750 0.055556
0 0.753125 0.593519 0.053125 0.111111
3 0.754167 0.825926 0.038542 0.037037
0 0.872917 0.618519 0.062500 0.096296
5 0.939063 0.845833 0.110417 0.069444
8 0.228125 0.629630 0.090625 0.138889
8 0.351562 0.631019 0.108333 0.175000
8 0.520573 0.641667 0.111979 0.150000
8 0.627865 0.639352 0.109896 0.160185
8 0.733594 0.687037 0.170313 0.281481
8 0.879687 0.696296 0.112500 0.259259
9 0.110417 0.731944 0.160417 0.186111
9 0.258073 0.742130 0.146354 0.210185
