0 0.218490 0.578704 0.054688 0.105556
3 0.139063 0.766667 0.037500 0.037037
1 0.277865 0.568519 0.039062 0.081481
4 0.275521 0.640741 0.033333 0.037037
0 0.319271 0.592593 0.058333 0.118519
4 0.293750 0.742593 0.050000 0.085185
1 0.398438 0.554630 0.042708 0.087037
4 0.391667 0.647222 0.036458 0.050000
1 0.573438 0.580556 0.037500 0.066667
1 0.599740 0.618519 0.054688 0.125926
4 0.597917 0.765741 0.069792 0.075926
0 0.738021 0.566667 0.055208 0.111111
1 0.863542 0.643519 0.064583 0.118519
5 0.909115 0.805556 0.142187 0.059259
9 0.276042 0.600000 0.047917 0.131481
9 0.407813 0.595833 0.090625 0.162037
9 0.562240 0.613889 0.091146 0.127778
9 0.786458 0.609722 0.057292 0.130556
8 0.209635 0.644444 0.121354 0.225926
8 0.316406 0.655093 0.145313 0.249074
8 0.591146 0.678704 0.139583 0.237037
8 0.736458 0.653704 0.140625 0.274074
8 0.856510 0.688426 0.130729 0.200926
