0 0.219271 0.579630 0.062500 0.100000
3 0.141667 0.766667 0.033333 0.037037
1 0.276042 0.565741 0.041667 0.083333
4 0.278125 0.637963 0.028125 0.031481
1 0.317188 0.605556 0.056250 0.125926
4 0.291667 0.743519 0.054167 0.066667
1 0.399740 0.552778 0.048438 0.094444
3 0.391146 0.644444 0.039583 0.051852
1 0.569792 0.580556 0.038542 0.066667
1 0.599740 0.618519 0.054688 0.118519
4 0.596615 0.770833 0.067187 0.080556
0 0.740365 0.567593 0.064062 0.109259
2 0.863542 0.623148 0.072917 0.120370
5 0.905990 0.803704 0.148438 0.066667
9 0.278385 0.599074 0.053646 0.135185
9 0.407031 0.598148 0.090104 0.168519
9 0.563021 0.612037 0.088542 0.131481
9 0.789062 0.611111 0.061458 0.137037
8 0.210417 0.646296 0.118750 0.227778
8 0.315104 0.659722 0.148958 0.232407
8 0.591927 0.681481 0.136979 0.238889
8 0.735156 0.651852 0.138021 0.274074
8 0.865365 0.675926 0.135937 0.231481
