0 0.139063 0.499537 0.060417 0.093519
5 0.079167 0.630556 0.086458 0.074074
2 0.282813 0.500000 0.050000 0.107407
4 0.213542 0.648611 0.045833 0.065741
1 0.382292 0.505556 0.047917 0.124074
4 0.364063 0.604630 0.035417 0.050000
5 0.334896 0.687963 0.102083 0.050000
0 0.438542 0.490741 0.034375 0.070370
0 0.610938 0.503704 0.045833 0.081481
1 0.691667 0.530556 0.043750 0.079630
0 0.797396 0.516667 0.044792 0.077778
1 0.751563 0.593519 0.054167 0.111111
5 0.745313 0.743519 0.089583 0.051852
8 0.149740 0.554167 0.104688 0.208333
8 0.261719 0.557870 0.129688 0.228704
8 0.387240 0.571759 0.123438 0.236111
8 0.445312 0.532870 0.068750 0.152778
8 0.602865 0.547685 0.079687 0.156481
8 0.685417 0.561111 0.092708 0.140741
8 0.796615 0.564352 0.076563 0.173148
9 0.738542 0.639815 0.136458 0.190741
