8 0.066667 0.232407 0.086458 0.131481
8 0.096615 0.155556 0.054688 0.112963
9 0.135417 0.152778 0.047917 0.072222
8 0.168490 0.333333 0.104688 0.181481
8 0.276042 0.355556 0.113542 0.155556
8 0.249740 0.252778 0.073438 0.111111
9 0.316667 0.308333 0.082292 0.144444
8 0.341667 0.251852 0.065625 0.137037
8 0.305990 0.181019 0.043229 0.080556
8 0.377865 0.136111 0.044271 0.068519
8 0.398698 0.216667 0.063021 0.103704
8 0.423438 0.156019 0.046875 0.084259
8 0.445573 0.130093 0.028646 0.080556
8 0.476823 0.164352 0.040104 0.099074
8 0.462500 0.218519 0.068750 0.124074
9 0.447917 0.268519 0.069792 0.112963
8 0.446615 0.352315 0.090104 0.186111
8 0.537500 0.356019 0.090625 0.173148
9 0.516146 0.186574 0.052083 0.106481
8 0.549219 0.168056 0.039062 0.076852
8 0.559115 0.206019 0.045312 0.082407
8 0.634896 0.227315 0.067708 0.102778
9 0.596094 0.287037 0.064062 0.094444
8 0.638542 0.368519 0.132292 0.162963
4 0.643490 0.430556 0.053646 0.038889
9 0.733073 0.192130 0.056771 0.084259
8 0.791667 0.178241 0.038542 0.087963
8 0.765365 0.216204 0.054688 0.093519
8 0.815365 0.218519 0.053646 0.087037
8 0.885938 0.202315 0.048958 0.075000
8 0.846615 0.243056 0.080729 0.093519
8 0.833594 0.300000 0.076563 0.118519
8 0.898438 0.343056 0.081250 0.152778
8 0.952865 0.290278 0.040104 0.112037
5 0.259896 0.422222 0.070833 0.031481
5 0.515365 0.443519 0.035937 0.031481
5 0.979948 0.468519 0.040104 0.033333
0 0.060417 0.205556 0.032292 0.062963
1 0.084115 0.131481 0.029687 0.062963
1 0.126042 0.143056 0.023958 0.056481
0 0.187240 0.289352 0.040104 0.084259
1 0.267188 0.325463 0.043750 0.087963
1 0.263542 0.232407 0.034375 0.077778
1 0.305469 0.171296 0.026562 0.055556
1 0.341146 0.218056 0.029167 0.073148
1 0.301042 0.293056 0.041667 0.082407
1 0.337240 0.118056 0.021354 0.047222
8 0.340365 0.131019 0.030729 0.075000
2 0.372396 0.128241 0.020833 0.047222
2 0.402865 0.196759 0.032813 0.069444
1 0.424219 0.143056 0.023438 0.056481
0 0.440365 0.114815 0.019271 0.046296
1 0.467969 0.140741 0.021354 0.050000
2 0.455990 0.191667 0.030729 0.061111
0 0.454167 0.305093 0.038542 0.089815
2 0.530990 0.318519 0.045312 0.098148
1 0.522396 0.165741 0.026042 0.057407
0 0.542969 0.152315 0.020313 0.039815
1 0.562240 0.191667 0.023438 0.051852
1 0.642969 0.213889 0.027604 0.064815
1 0.643490 0.340278 0.045312 0.099074
1 0.744792 0.176852 0.026042 0.051852
1 0.771615 0.193056 0.022396 0.049074
1 0.787240 0.160648 0.024479 0.056481
1 0.821615 0.203241 0.024479 0.049074
1 0.854688 0.226852 0.026042 0.051852
1 0.854688 0.275000 0.029167 0.068519
6 0.843490 0.341204 0.042188 0.028704
1 0.896615 0.193056 0.026562 0.049074
0 0.918490 0.305556 0.039062 0.077778
0 0.950521 0.262500 0.028125 0.056481
8 0.958073 0.368519 0.083854 0.203704
0 0.984896 0.311111 0.030208 0.094444
