8 0.074740 0.243056 0.073438 0.126852
8 0.092188 0.166204 0.055208 0.113889
8 0.134115 0.144907 0.057813 0.080556
8 0.377865 0.139352 0.043229 0.075000
8 0.306771 0.176389 0.038542 0.093519
8 0.259115 0.248611 0.074479 0.143519
8 0.340365 0.253704 0.060937 0.131481
9 0.316667 0.312037 0.086458 0.131481
9 0.263542 0.368056 0.127083 0.137963
8 0.162240 0.340741 0.102604 0.175926
8 0.419792 0.157870 0.055208 0.084259
8 0.399740 0.268519 0.089063 0.120370
8 0.444792 0.355556 0.098958 0.170370
5 0.514844 0.443056 0.040104 0.037963
8 0.519792 0.184259 0.046875 0.100000
8 0.564063 0.205093 0.045833 0.082407
8 0.526563 0.256019 0.067708 0.137963
8 0.537240 0.354630 0.096354 0.185185
8 0.647396 0.230556 0.058333 0.114815
8 0.634115 0.355093 0.103646 0.189815
9 0.709115 0.179167 0.039062 0.058333
9 0.732292 0.193056 0.059375 0.082407
9 0.796094 0.191667 0.044271 0.064815
8 0.763542 0.218519 0.052083 0.092593
8 0.816146 0.218519 0.055208 0.092593
8 0.884896 0.189815 0.043750 0.090741
8 0.865365 0.243056 0.040104 0.093519
8 0.836719 0.293056 0.064062 0.123148
8 0.905208 0.332870 0.086458 0.171296
8 0.962240 0.365278 0.075521 0.208333
8 0.542448 0.152315 0.033854 0.075000
8 0.029948 0.280556 0.058854 0.168519
0 0.014063 0.240741 0.027083 0.075926
1 0.065365 0.219907 0.030729 0.071296
0 0.053646 0.156019 0.029167 0.052778
1 0.080469 0.142130 0.029687 0.063889
1 0.127865 0.134722 0.024479 0.056481
1 0.326042 0.143519 0.021875 0.044444
1 0.380990 0.128241 0.021354 0.050926
1 0.422917 0.143981 0.023958 0.056481
0 0.299740 0.157870 0.025521 0.054630
0 0.332813 0.219907 0.031250 0.067593
2 0.265365 0.218519 0.039062 0.077778
1 0.318490 0.312963 0.039062 0.079630
1 0.205469 0.306944 0.039062 0.084259
0 0.162240 0.303704 0.045312 0.098148
1 0.240365 0.349074 0.045312 0.094444
2 0.387240 0.249537 0.034896 0.078704
1 0.453646 0.317593 0.042708 0.090741
9 0.462240 0.226389 0.059896 0.100926
1 0.460938 0.206481 0.028125 0.062963
0 0.454948 0.127778 0.021354 0.050000
8 0.454167 0.135185 0.033333 0.068519
1 0.477865 0.145833 0.022396 0.052778
8 0.484115 0.168056 0.033854 0.093519
0 0.517969 0.163426 0.023438 0.056481
1 0.525521 0.227778 0.031250 0.077778
0 0.557292 0.193056 0.021875 0.052778
1 0.577865 0.178241 0.025521 0.049074
2 0.532292 0.311574 0.045833 0.097222
2 0.630469 0.311111 0.050521 0.094444
0 0.651563 0.204167 0.029167 0.062037
1 0.716667 0.172222 0.019792 0.044444
1 0.747135 0.180556 0.025521 0.057407
1 0.800260 0.186574 0.025521 0.052778
1 0.892969 0.170833 0.023438 0.052778
1 0.824740 0.201852 0.023438 0.053704
1 0.862240 0.231019 0.026562 0.058333
0 0.912240 0.290741 0.038021 0.074074
0 0.838021 0.264815 0.028125 0.061111
0 0.768490 0.195370 0.021354 0.048148
0 0.986198 0.306944 0.027604 0.100926
