0 0.093490 0.629630 0.079687 0.133333
3 0.046094 0.844444 0.054688 0.037037
0 0.241667 0.587963 0.050000 0.094444
7 0.194271 0.757407 0.076042 0.118519
0 0.345313 0.574074 0.040625 0.081481
3 0.322396 0.709259 0.032292 0.031481
0 0.488542 0.570370 0.042708 0.088889
1 0.510938 0.704630 0.061458 0.109259
4 0.541146 0.814815 0.038542 0.051852
0 0.607292 0.569444 0.044792 0.090741
0 0.704167 0.605556 0.058333 0.107407
3 0.696094 0.818519 0.032813 0.029630
1 0.839063 0.662037 0.063542 0.118519
5 0.888542 0.818519 0.105208 0.068519
8 0.105990 0.697222 0.134896 0.261111
8 0.244792 0.626389 0.095833 0.162037
8 0.348177 0.622685 0.093229 0.169444
8 0.487760 0.621296 0.096354 0.164815
9 0.533594 0.731019 0.134896 0.206481
8 0.607292 0.618056 0.105208 0.175000
8 0.707812 0.691204 0.128125 0.263889
8 0.852865 0.711111 0.132812 0.220370
9 0.219271 0.745370 0.146875 0.211111
