1 0.153646 0.655556 0.052083 0.074074
4 0.123438 0.723148 0.055208 0.042593
1 0.227344 0.693519 0.048438 0.074074
1 0.307292 0.695370 0.052083 0.075926
1 0.394271 0.618519 0.045833 0.083333
6 0.377344 0.729630 0.070312 0.051852
1 0.566667 0.655556 0.042708 0.070370
4 0.564063 0.718519 0.037500 0.037037
7 0.769792 0.661111 0.054167 0.081481
7 0.879167 0.779630 0.081250 0.118519
1 0.689063 0.693519 0.058333 0.140741
1 0.694792 0.830556 0.085417 0.074074
8 0.394531 0.662037 0.095312 0.161111
8 0.684896 0.745833 0.159375 0.250926
9 0.150521 0.680556 0.094792 0.133333
9 0.230990 0.681944 0.100521 0.115741
9 0.311719 0.694907 0.089063 0.086111
9 0.559635 0.677778 0.102604 0.116667
9 0.767969 0.663889 0.093229 0.144444
9 0.863542 0.777778 0.154167 0.188889
