0 0.135937 0.474074 0.056250 0.103704
5 0.087240 0.648148 0.122396 0.055556
0 0.256771 0.503704 0.054167 0.118519
4 0.204687 0.648148 0.042708 0.066667
0 0.388542 0.484259 0.055208 0.098148
3 0.321615 0.677778 0.026562 0.037037
0 0.439063 0.492593 0.039583 0.066667
7 0.605990 0.565741 0.051562 0.090741
7 0.709896 0.557407 0.047917 0.081481
7 0.809896 0.603704 0.052083 0.081481
7 0.751042 0.678704 0.067708 0.124074
8 0.135156 0.543519 0.144271 0.227778
8 0.250000 0.566204 0.125000 0.221296
8 0.386458 0.572685 0.125000 0.262037
8 0.447656 0.534259 0.069271 0.148148
9 0.600260 0.574074 0.105729 0.127778
9 0.701562 0.580556 0.094792 0.118519
9 0.815885 0.612500 0.104688 0.108333
9 0.744010 0.667593 0.160938 0.187037
