7 0.117188 0.755556 0.071875 0.111111
3 0.057813 0.830556 0.033333 0.046296
0 0.230990 0.594444 0.045312 0.087037
4 0.207292 0.679630 0.030208 0.040741
7 0.243490 0.741667 0.070312 0.135185
1 0.349740 0.593519 0.045312 0.092593
4 0.338021 0.686574 0.033333 0.056481
1 0.523438 0.623611 0.044792 0.080556
3 0.529167 0.704630 0.035417 0.031481
1 0.632292 0.618519 0.045833 0.088889
6 0.632292 0.693519 0.070833 0.055556
0 0.752865 0.594444 0.054688 0.112963
3 0.754167 0.829630 0.036458 0.044444
0 0.872917 0.622685 0.058333 0.117593
5 0.938021 0.843519 0.116667 0.059259
9 0.111198 0.729167 0.161979 0.186111
9 0.258333 0.745833 0.148958 0.206481
8 0.229167 0.628241 0.102083 0.143519
8 0.352865 0.643056 0.098437 0.156481
8 0.518490 0.643056 0.106771 0.147222
8 0.624740 0.643519 0.098437 0.131481
8 0.731771 0.685648 0.170833 0.269444
8 0.883073 0.693056 0.119271 0.252778
