7 0.084115 0.789815 0.067187 0.109259
3 0.048438 0.901852 0.054167 0.025926
0 0.239844 0.699074 0.054688 0.109259
5 0.194271 0.890741 0.112500 0.055556
0 0.241667 0.620833 0.035417 0.056481
0 0.350521 0.622222 0.040625 0.062963
3 0.326042 0.757407 0.022917 0.022222
5 0.355469 0.762037 0.035937 0.031481
0 0.492188 0.616667 0.041667 0.077778
0 0.596094 0.612963 0.039062 0.094444
3 0.613542 0.744444 0.023958 0.033333
1 0.529167 0.730556 0.058333 0.116667
4 0.538542 0.852778 0.059375 0.057407
0 0.703125 0.643519 0.053125 0.101852
3 0.697917 0.860185 0.033333 0.031481
1 0.841667 0.703704 0.065625 0.111111
5 0.892188 0.866667 0.106250 0.059259
8 0.857812 0.750926 0.125000 0.194444
8 0.710938 0.730556 0.121875 0.248148
8 0.601562 0.657870 0.084375 0.162037
8 0.532813 0.776852 0.140625 0.194444
8 0.485938 0.659722 0.101042 0.158333
8 0.345833 0.673148 0.086458 0.159259
8 0.240365 0.766204 0.120313 0.226852
8 0.247917 0.673611 0.089583 0.143519
9 0.109635 0.787037 0.144271 0.207407
