7 0.089844 0.785648 0.070312 0.117593
3 0.049219 0.903704 0.051562 0.029630
0 0.241146 0.694444 0.065625 0.101852
0 0.241667 0.629167 0.036458 0.058333
5 0.190104 0.892593 0.114583 0.055556
0 0.351302 0.626852 0.036979 0.068519
3 0.328125 0.761574 0.020833 0.023148
5 0.355469 0.761111 0.035937 0.025926
0 0.491667 0.616204 0.034375 0.073148
0 0.598698 0.615741 0.041146 0.083333
3 0.615625 0.747685 0.028125 0.030556
0 0.698438 0.648611 0.060417 0.106481
1 0.526563 0.730556 0.064583 0.118519
4 0.537240 0.854630 0.057813 0.057407
3 0.698438 0.862963 0.037500 0.037037
1 0.839063 0.698611 0.060417 0.108333
5 0.891667 0.856481 0.096875 0.059259
9 0.107813 0.787963 0.140625 0.205556
8 0.238542 0.767130 0.120833 0.228704
8 0.250000 0.673611 0.087500 0.143519
8 0.347135 0.671296 0.083854 0.157407
8 0.488542 0.665741 0.111458 0.164815
8 0.532813 0.779167 0.140625 0.199074
8 0.601042 0.658796 0.079167 0.163889
8 0.712240 0.728704 0.121354 0.253704
8 0.857812 0.748148 0.130208 0.220370
