8 0.065365 0.243519 0.079687 0.120370
8 0.096875 0.167593 0.050000 0.105556
8 0.143490 0.143056 0.051562 0.080556
8 0.143490 0.336111 0.125521 0.179630
8 0.277865 0.356019 0.114062 0.156481
9 0.250521 0.256019 0.072917 0.100926
8 0.320312 0.294907 0.079167 0.171296
8 0.304948 0.171296 0.041146 0.094444
8 0.380469 0.130556 0.047396 0.079630
9 0.395313 0.227778 0.067708 0.088889
8 0.418490 0.155556 0.056771 0.083333
8 0.444792 0.130556 0.029167 0.077778
8 0.465365 0.218056 0.066146 0.128704
9 0.447917 0.281019 0.072917 0.102778
8 0.446615 0.344907 0.090104 0.184259
8 0.533594 0.350463 0.092188 0.187963
9 0.517188 0.201852 0.047917 0.072222
8 0.569792 0.166667 0.065625 0.094444
8 0.563542 0.207870 0.045833 0.076852
8 0.637240 0.231019 0.057813 0.106481
9 0.597917 0.290741 0.068750 0.094444
8 0.640365 0.370833 0.133854 0.169444
4 0.643490 0.430556 0.052604 0.038889
9 0.734115 0.193519 0.057813 0.077778
8 0.765365 0.217130 0.052604 0.089815
8 0.814844 0.207870 0.053646 0.100926
8 0.882292 0.186574 0.042708 0.091667
8 0.834115 0.303241 0.076563 0.123148
8 0.896094 0.340278 0.079687 0.158333
8 0.949740 0.285648 0.043229 0.106481
5 0.259896 0.426852 0.069792 0.035185
5 0.515365 0.443056 0.038021 0.032407
5 0.978646 0.468519 0.042708 0.031481
8 0.338542 0.248611 0.047917 0.143519
8 0.942969 0.375000 0.114062 0.194444
8 0.702865 0.176389 0.042188 0.099074
8 0.326042 0.143519 0.035417 0.077778
8 0.343490 0.135648 0.029687 0.080556
8 0.057813 0.191204 0.076042 0.099074
9 0.215365 0.318056 0.073438 0.113889
8 0.543490 0.154630 0.041146 0.074074
1 0.064844 0.223611 0.033854 0.071296
1 0.054167 0.170370 0.029167 0.059259
1 0.085938 0.143056 0.027083 0.062037
1 0.139323 0.131481 0.025521 0.055556
0 0.160417 0.293981 0.041667 0.089815
1 0.268490 0.321296 0.043229 0.088889
1 0.265365 0.243056 0.031771 0.073148
1 0.309896 0.259259 0.040625 0.094444
0 0.303646 0.155093 0.026042 0.054630
0 0.319792 0.131019 0.021875 0.052778
0 0.332292 0.210648 0.028125 0.058333
1 0.338542 0.119907 0.018750 0.050926
2 0.374740 0.118056 0.021354 0.052778
1 0.397917 0.218519 0.030208 0.064815
1 0.423438 0.143519 0.022917 0.057407
0 0.440365 0.116204 0.020313 0.045370
0 0.464062 0.181019 0.026042 0.052778
0 0.453646 0.298611 0.036458 0.080556
1 0.517188 0.193519 0.023958 0.055556
0 0.529687 0.300926 0.038542 0.094444
0 0.566667 0.195370 0.021875 0.048148
0 0.549219 0.140741 0.019271 0.044444
1 0.574740 0.146759 0.024479 0.056481
0 0.635938 0.206019 0.027083 0.060185
1 0.644792 0.341204 0.047917 0.100926
1 0.615365 0.276852 0.030729 0.061111
1 0.711198 0.147685 0.018229 0.043519
1 0.747917 0.181019 0.023958 0.050926
1 0.771615 0.195833 0.021354 0.050926
1 0.816667 0.188426 0.023958 0.056481
2 0.889844 0.168519 0.024479 0.050000
1 0.852865 0.274537 0.030729 0.069444
0 0.907813 0.295833 0.038542 0.073148
0 0.955990 0.262037 0.028646 0.057407
1 0.980990 0.329167 0.038021 0.102778
