8 0.064844 0.243981 0.082812 0.117593
8 0.074219 0.174074 0.088021 0.129630
8 0.110417 0.163889 0.057292 0.081481
8 0.141667 0.146759 0.048958 0.075000
8 0.341667 0.133796 0.031250 0.076852
8 0.305469 0.174537 0.032813 0.091667
8 0.379167 0.133333 0.042708 0.072222
8 0.425521 0.155556 0.041667 0.090741
8 0.395313 0.207407 0.064583 0.116667
8 0.471094 0.218056 0.080729 0.130556
8 0.518490 0.181481 0.043229 0.105556
8 0.340365 0.248148 0.054688 0.144444
8 0.564063 0.205556 0.048958 0.075926
8 0.624740 0.228241 0.073438 0.100926
9 0.596615 0.287037 0.066146 0.094444
8 0.641146 0.371296 0.133333 0.162963
8 0.533594 0.349537 0.092188 0.184259
8 0.446094 0.352315 0.089063 0.187963
8 0.263542 0.241667 0.066667 0.120370
8 0.207813 0.284259 0.087500 0.174074
8 0.277344 0.355093 0.114062 0.152778
8 0.322917 0.297222 0.094792 0.181481
8 0.152865 0.336574 0.107813 0.180556
5 0.259115 0.427315 0.070312 0.037963
9 0.448437 0.280556 0.071875 0.100000
5 0.538542 0.430556 0.078125 0.025926
8 0.701042 0.173611 0.041667 0.093519
9 0.733073 0.192593 0.058854 0.077778
9 0.769792 0.221759 0.057292 0.080556
8 0.816146 0.217130 0.044792 0.095370
8 0.882292 0.195833 0.052083 0.076852
8 0.832292 0.293981 0.070833 0.121296
8 0.896615 0.339352 0.078646 0.156481
8 0.953646 0.367130 0.092708 0.200926
5 0.980990 0.470833 0.038021 0.030556
1 0.066667 0.220370 0.032292 0.070370
0 0.063542 0.137037 0.028125 0.053704
0 0.038542 0.137037 0.027083 0.053704
1 0.097917 0.153241 0.028125 0.058333
1 0.130469 0.137037 0.024479 0.055556
0 0.139063 0.294444 0.043750 0.096296
1 0.269271 0.323611 0.045833 0.091667
1 0.209115 0.243056 0.036979 0.087963
0 0.279948 0.215278 0.033854 0.062037
1 0.298438 0.255556 0.038542 0.092593
0 0.329167 0.206019 0.027083 0.056481
1 0.305990 0.162037 0.025521 0.055556
1 0.337240 0.121759 0.020313 0.049074
0 0.378646 0.121296 0.018750 0.046296
0 0.397917 0.182870 0.030208 0.063889
1 0.424219 0.142130 0.022396 0.054630
8 0.444792 0.132407 0.027083 0.079630
0 0.443490 0.116667 0.020313 0.042593
0 0.459115 0.181481 0.027604 0.055556
0 0.519792 0.156481 0.023958 0.051852
0 0.569792 0.193519 0.023958 0.051852
9 0.550521 0.155556 0.041667 0.061111
1 0.555990 0.150000 0.020313 0.044444
0 0.452865 0.304630 0.038021 0.088889
1 0.537760 0.306019 0.036979 0.099074
1 0.626563 0.207407 0.027083 0.064815
1 0.613542 0.281019 0.032292 0.071296
1 0.646615 0.342130 0.046354 0.099074
4 0.644792 0.430093 0.054167 0.037963
1 0.712240 0.148611 0.017188 0.043519
1 0.746615 0.180556 0.022396 0.051852
2 0.785417 0.206481 0.021875 0.048148
1 0.810417 0.195370 0.023958 0.053704
1 0.894792 0.183333 0.026042 0.050000
1 0.846615 0.268981 0.030729 0.067593
4 0.849740 0.331481 0.031771 0.033333
0 0.909115 0.299074 0.036979 0.072222
1 0.962240 0.268981 0.029687 0.062037
8 0.954688 0.284722 0.050000 0.093519
