8 0.069271 0.248148 0.088542 0.131481
8 0.134115 0.143056 0.054688 0.080556
8 0.092188 0.164815 0.055208 0.111111
8 0.380990 0.134259 0.045312 0.081481
8 0.328646 0.143519 0.039583 0.094444
8 0.308594 0.178241 0.039062 0.097222
8 0.343490 0.251389 0.060937 0.136111
9 0.397396 0.227778 0.061458 0.087037
8 0.421094 0.156944 0.057813 0.084259
8 0.471094 0.218519 0.049479 0.114815
9 0.444792 0.268056 0.072917 0.113889
8 0.526042 0.256019 0.068750 0.141667
8 0.569792 0.205556 0.048958 0.083333
8 0.644792 0.228241 0.059375 0.110185
8 0.593750 0.279630 0.050000 0.101852
8 0.635417 0.368056 0.098958 0.163889
8 0.543490 0.365741 0.095312 0.168519
8 0.447396 0.348611 0.090625 0.180556
9 0.262240 0.368056 0.124479 0.136111
8 0.317188 0.309722 0.086458 0.130556
8 0.144792 0.342593 0.126042 0.179630
8 0.219271 0.303241 0.072917 0.139815
8 0.288021 0.208333 0.043750 0.105556
8 0.260417 0.243056 0.069792 0.145370
9 0.709115 0.179167 0.039062 0.056481
9 0.729688 0.193056 0.055208 0.084259
8 0.790365 0.181481 0.045312 0.081481
8 0.763542 0.218519 0.058333 0.100000
8 0.817969 0.218519 0.047396 0.088889
8 0.884896 0.190278 0.041667 0.091667
8 0.833594 0.293981 0.075521 0.130556
8 0.904167 0.343056 0.086458 0.149074
8 0.963021 0.385185 0.073958 0.194444
8 0.033594 0.156019 0.053646 0.075000
8 0.549740 0.161111 0.045312 0.094444
1 0.033594 0.146759 0.029687 0.056481
2 0.080469 0.139352 0.029687 0.060185
1 0.063542 0.221759 0.033333 0.069444
1 0.129167 0.131481 0.026042 0.059259
2 0.330990 0.128241 0.026562 0.052778
2 0.379948 0.125463 0.021354 0.054630
0 0.301563 0.156019 0.028125 0.054630
0 0.280990 0.187037 0.026562 0.055556
0 0.256771 0.206019 0.034375 0.065741
0 0.338542 0.213889 0.029167 0.061111
1 0.388542 0.218519 0.033333 0.066667
1 0.423698 0.143981 0.024479 0.058333
1 0.312240 0.295370 0.041146 0.087037
1 0.215365 0.279630 0.040104 0.087037
0 0.148438 0.305556 0.046875 0.100000
1 0.238021 0.354167 0.047917 0.095370
0 0.455990 0.119907 0.019271 0.043519
8 0.455990 0.131944 0.025521 0.076852
0 0.478646 0.137037 0.021875 0.044444
0 0.468490 0.193056 0.027604 0.056481
0 0.442188 0.243056 0.033333 0.062037
0 0.522917 0.228704 0.033333 0.077778
0 0.517188 0.165741 0.023958 0.055556
8 0.522917 0.187037 0.051042 0.105556
0 0.544792 0.141667 0.023958 0.050000
0 0.569792 0.191204 0.023958 0.049074
2 0.449740 0.303704 0.047396 0.087037
5 0.398438 0.430556 0.060417 0.031481
2 0.564323 0.331019 0.043229 0.099074
5 0.513542 0.443519 0.038542 0.035185
1 0.624740 0.339352 0.046354 0.097222
0 0.647917 0.206019 0.029167 0.065741
1 0.717969 0.169444 0.019271 0.040741
1 0.743490 0.179167 0.022396 0.052778
1 0.787240 0.170370 0.024479 0.055556
1 0.763542 0.193056 0.023958 0.050926
1 0.824740 0.201389 0.025521 0.052778
1 0.893229 0.172685 0.026042 0.052778
0 0.867448 0.230093 0.028646 0.056481
0 0.839063 0.264352 0.030208 0.060185
8 0.867969 0.247685 0.041146 0.093519
8 0.907813 0.268056 0.037500 0.063889
2 0.923438 0.315278 0.040625 0.082407
1 0.986719 0.284722 0.026562 0.069444
9 0.968490 0.293519 0.061979 0.098148
