1 0.128646 0.490741 0.060417 0.114815
5 0.083594 0.605556 0.101562 0.090741
1 0.249219 0.515741 0.060937 0.112963
4 0.226042 0.629630 0.052083 0.059259
0 0.378646 0.468519 0.062500 0.103704
4 0.324740 0.634259 0.051562 0.081481
0 0.416667 0.472222 0.036458 0.074074
0 0.604688 0.480556 0.040625 0.079630
0 0.694271 0.499074 0.037500 0.072222
0 0.779167 0.505556 0.041667 0.081481
0 0.744271 0.535185 0.053125 0.107407
5 0.731771 0.715741 0.087500 0.053704
8 0.132812 0.538889 0.134375 0.194444
8 0.253385 0.562500 0.115104 0.182407
8 0.385677 0.540741 0.145313 0.235185
8 0.434115 0.516204 0.070312 0.156481
8 0.587240 0.528241 0.105729 0.160185
8 0.684115 0.541204 0.086979 0.139815
8 0.729688 0.601389 0.139583 0.226852
8 0.789844 0.549074 0.064062 0.159259
