1 0.054688 0.585185 0.043750 0.044444
1 0.040365 0.644444 0.057813 0.103704
1 0.144792 0.625926 0.053125 0.111111
4 0.021354 0.778704 0.041667 0.061111
5 0.124740 0.781481 0.079687 0.055556
1 0.263542 0.589815 0.039583 0.087037
6 0.257292 0.665741 0.078125 0.038889
1 0.450521 0.562963 0.037500 0.074074
4 0.454688 0.632407 0.032292 0.038889
2 0.404167 0.575926 0.050000 0.100000
6 0.377865 0.755556 0.098437 0.074074
3 0.317188 0.763889 0.029167 0.044444
1 0.614844 0.520370 0.029687 0.066667
1 0.701042 0.506481 0.037500 0.090741
1 0.782813 0.479630 0.043750 0.077778
1 0.768490 0.568519 0.060937 0.129630
6 0.794792 0.716667 0.096875 0.077778
3 0.733594 0.740741 0.032813 0.044444
1 0.917188 0.529630 0.056250 0.111111
4 0.929688 0.691667 0.058333 0.064815
1 0.648438 0.544444 0.045833 0.114815
8 0.054948 0.690278 0.108854 0.204630
8 0.159115 0.676852 0.123438 0.209259
8 0.277865 0.613426 0.115104 0.125000
8 0.386979 0.646296 0.138542 0.237037
8 0.465625 0.592130 0.084375 0.130556
8 0.605469 0.557870 0.052604 0.141667
8 0.642188 0.618056 0.121875 0.252778
8 0.704167 0.543519 0.070833 0.153704
8 0.796615 0.505556 0.079687 0.120370
8 0.775521 0.615741 0.143750 0.218519
8 0.918750 0.597685 0.143750 0.243519
