8 0.069271 0.247685 0.087500 0.130556
8 0.135417 0.143056 0.055208 0.080556
8 0.091146 0.165741 0.055208 0.111111
8 0.382292 0.133333 0.044792 0.081481
8 0.332813 0.153704 0.042708 0.074074
8 0.307292 0.177315 0.039583 0.097222
8 0.341667 0.252315 0.058333 0.137963
9 0.396615 0.227778 0.063021 0.087037
8 0.418490 0.156019 0.056771 0.082407
8 0.474740 0.218056 0.044271 0.113889
8 0.451042 0.267593 0.083333 0.135185
8 0.526823 0.256019 0.065104 0.139815
8 0.571094 0.205556 0.048438 0.083333
8 0.647917 0.230093 0.058333 0.110185
8 0.667969 0.366204 0.129688 0.191667
8 0.552865 0.351852 0.101562 0.188889
8 0.444792 0.346759 0.092708 0.180556
9 0.264844 0.365278 0.123438 0.136111
8 0.314844 0.310185 0.084896 0.142593
8 0.141146 0.335648 0.132292 0.180556
8 0.213542 0.303241 0.071875 0.137963
8 0.265365 0.243519 0.067187 0.135185
9 0.707292 0.178241 0.038542 0.056481
9 0.733594 0.193056 0.056771 0.082407
8 0.792188 0.180556 0.042708 0.079630
8 0.763542 0.218519 0.055208 0.092593
8 0.816667 0.218519 0.055208 0.090741
8 0.884896 0.188889 0.042708 0.085185
8 0.837240 0.293056 0.064062 0.126852
9 0.909115 0.355093 0.082812 0.128704
8 0.963021 0.380556 0.073958 0.192593
8 0.032813 0.155556 0.057292 0.087037
8 0.554948 0.156944 0.043229 0.099074
5 0.399219 0.431019 0.060937 0.030556
5 0.515625 0.443056 0.037500 0.032407
8 0.517448 0.180556 0.044271 0.100000
8 0.865365 0.243056 0.041146 0.095370
2 0.035417 0.143056 0.029167 0.058333
1 0.081771 0.141667 0.029167 0.062963
1 0.127865 0.131019 0.024479 0.054630
1 0.063542 0.224074 0.033333 0.068519
1 0.326042 0.143519 0.022917 0.053704
2 0.381510 0.123148 0.023438 0.050000
1 0.421615 0.146759 0.023438 0.056481
0 0.301563 0.155556 0.025000 0.055556
0 0.271094 0.206481 0.033854 0.064815
0 0.338542 0.211574 0.032292 0.056481
1 0.388542 0.218519 0.032292 0.066667
0 0.476042 0.136574 0.022917 0.043519
0 0.468490 0.192593 0.027604 0.057407
0 0.444792 0.230556 0.032292 0.066667
0 0.517188 0.165278 0.025000 0.052778
0 0.564063 0.142130 0.023958 0.054630
1 0.529167 0.141204 0.021875 0.045370
0 0.571615 0.186111 0.022396 0.044444
0 0.647396 0.205556 0.027083 0.061111
0 0.524219 0.230093 0.029687 0.073148
1 0.215365 0.280556 0.038021 0.087037
1 0.319792 0.303241 0.042708 0.084259
0 0.157292 0.293981 0.045833 0.100926
1 0.255990 0.347685 0.049479 0.095370
0 0.452865 0.296759 0.040104 0.080556
2 0.576042 0.309722 0.044792 0.106481
1 0.622917 0.314352 0.033333 0.075000
0 0.659896 0.318056 0.047917 0.099074
4 0.618490 0.431481 0.031771 0.048148
1 0.716667 0.168519 0.019792 0.040741
1 0.746615 0.179630 0.023438 0.051852
0 0.769792 0.193519 0.021875 0.050000
1 0.786979 0.172222 0.025000 0.055556
0 0.824740 0.200463 0.025521 0.049074
1 0.841667 0.265278 0.032292 0.069444
1 0.892969 0.168056 0.025521 0.052778
0 0.862240 0.229630 0.025521 0.057407
0 0.907813 0.268519 0.037500 0.064815
8 0.901563 0.291204 0.052083 0.110185
1 0.930469 0.331019 0.041146 0.082407
