8 0.071615 0.252778 0.089063 0.127778
8 0.057292 0.186574 0.078125 0.106481
8 0.136719 0.148148 0.051562 0.070370
8 0.336719 0.143519 0.052604 0.094444
8 0.379688 0.143056 0.040625 0.065741
8 0.419792 0.156019 0.054167 0.082407
8 0.476042 0.219907 0.055208 0.125000
8 0.523438 0.181019 0.048958 0.110185
8 0.555469 0.143519 0.035937 0.075926
9 0.574219 0.217130 0.050521 0.060185
8 0.630990 0.229167 0.053646 0.106481
8 0.646094 0.368519 0.136979 0.175926
8 0.602865 0.330556 0.069271 0.122222
9 0.596615 0.287037 0.065104 0.094444
8 0.538542 0.355556 0.094792 0.175926
8 0.446094 0.352778 0.100521 0.179630
8 0.447917 0.268056 0.075000 0.130556
9 0.397917 0.225463 0.061458 0.087963
8 0.324740 0.305556 0.073438 0.153704
8 0.342969 0.252778 0.045312 0.133333
8 0.275521 0.243056 0.076042 0.115741
8 0.274740 0.344907 0.108854 0.169444
8 0.214844 0.306019 0.078646 0.149074
8 0.163542 0.335185 0.097917 0.181481
9 0.710417 0.179630 0.037500 0.057407
9 0.731771 0.193519 0.060417 0.074074
8 0.764844 0.218519 0.048438 0.096296
8 0.809115 0.218519 0.044271 0.087037
9 0.887240 0.200463 0.053646 0.075000
8 0.838542 0.296759 0.069792 0.119444
8 0.899740 0.335648 0.079687 0.156481
8 0.960417 0.368056 0.079167 0.204630
9 0.092188 0.168056 0.059375 0.104630
5 0.515365 0.443519 0.038021 0.035185
5 0.257292 0.418519 0.073958 0.029630
1 0.062240 0.226852 0.035937 0.075926
1 0.052865 0.168519 0.031771 0.066667
1 0.076563 0.145370 0.028125 0.064815
1 0.126042 0.143056 0.023958 0.056481
0 0.337240 0.125000 0.024479 0.055556
0 0.335417 0.220833 0.029167 0.069444
0 0.294792 0.223148 0.035417 0.070370
0 0.280990 0.186111 0.025521 0.057407
1 0.299740 0.167130 0.026562 0.062037
1 0.376042 0.132870 0.020833 0.050926
1 0.422917 0.144444 0.022917 0.059259
1 0.309115 0.281481 0.040104 0.094444
1 0.196094 0.280556 0.038021 0.092593
1 0.270313 0.315741 0.042708 0.100000
0 0.160938 0.294444 0.048958 0.100000
1 0.463542 0.193981 0.026042 0.071296
1 0.391667 0.215278 0.028125 0.065741
0 0.443490 0.114815 0.020313 0.050000
0 0.464844 0.137963 0.023438 0.050000
8 0.444792 0.134722 0.030208 0.093519
8 0.472396 0.156019 0.038542 0.095370
1 0.443490 0.241204 0.031771 0.078704
0 0.523438 0.159259 0.025000 0.055556
1 0.560417 0.130556 0.020833 0.048148
1 0.579688 0.168981 0.023958 0.050926
9 0.569792 0.173611 0.055208 0.069444
1 0.580469 0.214815 0.025521 0.051852
1 0.529948 0.265278 0.031771 0.078704
9 0.523438 0.275926 0.045833 0.105556
0 0.544792 0.317130 0.041667 0.095370
1 0.650521 0.336111 0.046875 0.105556
1 0.621094 0.311111 0.032813 0.081481
0 0.628646 0.205556 0.028125 0.064815
1 0.613542 0.277778 0.033333 0.066667
4 0.655469 0.431019 0.053646 0.041667
1 0.718750 0.172685 0.018750 0.043519
1 0.745573 0.183333 0.024479 0.055556
2 0.772917 0.193519 0.022917 0.051852
2 0.805990 0.204167 0.025521 0.052778
1 0.897917 0.191667 0.028125 0.053704
1 0.854688 0.275000 0.029167 0.068519
6 0.846094 0.341204 0.039062 0.030556
0 0.907292 0.293981 0.038542 0.073148
0 0.980990 0.313889 0.038021 0.094444
5 0.894792 0.416204 0.033333 0.025000
5 0.977865 0.468056 0.039062 0.030556
1 0.455208 0.308333 0.037500 0.088889
