0 0.094792 0.636111 0.070833 0.131481
3 0.046094 0.850926 0.054688 0.031481
1 0.250521 0.584259 0.050000 0.094444
7 0.193490 0.763889 0.067187 0.112963
0 0.340365 0.574074 0.048438 0.081481
3 0.324740 0.706481 0.023438 0.024074
0 0.490365 0.559259 0.039062 0.081481
1 0.519271 0.687037 0.054167 0.118519
4 0.540365 0.805556 0.039062 0.055556
0 0.622917 0.568519 0.047917 0.087037
0 0.701042 0.605556 0.055208 0.103704
3 0.697396 0.818519 0.035417 0.029630
3 0.611719 0.705556 0.023438 0.033333
1 0.834896 0.668519 0.064583 0.114815
5 0.885938 0.819444 0.103125 0.061111
9 0.219792 0.744907 0.148958 0.215741
8 0.107292 0.700463 0.138542 0.256481
8 0.254167 0.625463 0.092708 0.169444
8 0.344271 0.625000 0.082292 0.164815
8 0.491927 0.613889 0.105729 0.166667
9 0.533594 0.730556 0.136979 0.212963
8 0.612240 0.618519 0.104688 0.181481
8 0.707292 0.690278 0.129167 0.269444
8 0.853646 0.718519 0.130208 0.201852
