8 0.066667 0.232407 0.085417 0.131481
8 0.138542 0.136574 0.056250 0.080556
8 0.382292 0.135185 0.038542 0.068519
8 0.304688 0.175463 0.038542 0.093519
8 0.341667 0.248148 0.053125 0.144444
8 0.274740 0.348611 0.109896 0.169444
8 0.164844 0.331481 0.096354 0.181481
8 0.422917 0.156019 0.048958 0.080556
8 0.397396 0.218519 0.063542 0.105556
8 0.447917 0.265278 0.069792 0.126852
8 0.441667 0.343056 0.104167 0.186111
5 0.514844 0.443056 0.040104 0.037963
8 0.572396 0.205556 0.047917 0.075926
8 0.523438 0.256019 0.077083 0.149074
8 0.534115 0.344907 0.090104 0.187963
8 0.630990 0.228704 0.057813 0.109259
8 0.647917 0.370833 0.139583 0.180556
9 0.710938 0.177778 0.037500 0.053704
9 0.743490 0.187963 0.047396 0.081481
9 0.793490 0.182407 0.039062 0.079630
8 0.763542 0.216204 0.047917 0.093519
8 0.815365 0.217593 0.055729 0.088889
8 0.884115 0.189815 0.042188 0.088889
8 0.838542 0.295370 0.071875 0.125926
8 0.902865 0.340741 0.082812 0.162963
8 0.960417 0.368519 0.079167 0.212963
8 0.552344 0.166667 0.042188 0.098148
8 0.035417 0.156944 0.042708 0.087963
8 0.337500 0.148148 0.053125 0.081481
8 0.474740 0.218056 0.051562 0.119444
8 0.529167 0.191204 0.039583 0.110185
1 0.063542 0.208333 0.035417 0.068519
1 0.040365 0.152315 0.029687 0.058333
1 0.130990 0.128241 0.024479 0.056481
2 0.349740 0.135648 0.025521 0.056481
0 0.300521 0.156019 0.026042 0.054630
1 0.377865 0.131019 0.021354 0.052778
1 0.423438 0.143519 0.021875 0.059259
0 0.337240 0.206019 0.028646 0.065741
0 0.291667 0.214815 0.032292 0.064815
8 0.269271 0.243519 0.071875 0.125926
1 0.301823 0.273148 0.041146 0.094444
8 0.326042 0.305556 0.089583 0.159259
1 0.277865 0.313889 0.045312 0.098148
0 0.170313 0.294907 0.044792 0.095370
5 0.257292 0.404167 0.070833 0.067593
1 0.401042 0.199074 0.032292 0.068519
1 0.463021 0.193981 0.028125 0.069444
1 0.440365 0.239352 0.032813 0.073148
0 0.436719 0.293519 0.042188 0.085185
0 0.533594 0.294444 0.039062 0.088889
1 0.513542 0.218056 0.031250 0.076852
0 0.521615 0.166667 0.023438 0.055556
0 0.550521 0.143519 0.022917 0.051852
0 0.576042 0.193056 0.025000 0.052778
0 0.633073 0.205556 0.027604 0.064815
1 0.654167 0.337500 0.047917 0.106481
1 0.619792 0.310185 0.033333 0.081481
8 0.604167 0.330556 0.066667 0.125926
1 0.717448 0.168519 0.019271 0.042593
2 0.753646 0.174537 0.023958 0.056481
0 0.794792 0.175463 0.026042 0.050926
1 0.767188 0.193519 0.023958 0.050000
0 0.824219 0.198611 0.024479 0.056481
1 0.892188 0.168981 0.023958 0.050926
0 0.853646 0.268056 0.027083 0.062037
0 0.910417 0.294907 0.040625 0.076852
0 0.980469 0.310648 0.039062 0.095370
9 0.217188 0.318056 0.065625 0.106481
1 0.204167 0.306019 0.038542 0.080556
6 0.049740 0.279630 0.046354 0.053704
4 0.651563 0.430556 0.045833 0.042593
0 0.483333 0.140741 0.022917 0.051852
