7 0.089844 0.787037 0.070312 0.118519
3 0.045312 0.900926 0.050000 0.038889
0 0.248438 0.683333 0.053125 0.103704
5 0.197917 0.892593 0.127083 0.062963
0 0.244271 0.625000 0.037500 0.044444
0 0.346875 0.620370 0.040625 0.074074
3 0.326042 0.756481 0.027083 0.027778
5 0.357292 0.757407 0.035417 0.025926
0 0.480469 0.625000 0.039062 0.081481
0 0.597917 0.606481 0.046875 0.075926
3 0.612500 0.750926 0.025000 0.024074
1 0.523438 0.725000 0.056250 0.118519
4 0.533333 0.851852 0.042708 0.059259
0 0.694792 0.650926 0.054167 0.112963
3 0.697396 0.860185 0.033333 0.031481
1 0.841667 0.717593 0.060417 0.105556
5 0.888021 0.866667 0.100000 0.059259
9 0.113542 0.785185 0.151042 0.205556
8 0.254167 0.757407 0.123958 0.227778
8 0.347656 0.673611 0.082812 0.162037
8 0.487240 0.671759 0.070312 0.162037
8 0.530469 0.773148 0.135937 0.205556
8 0.600521 0.664815 0.081250 0.162963
8 0.708594 0.730556 0.124479 0.253704
8 0.857292 0.758333 0.126042 0.183333
