7 0.089063 0.775000 0.084375 0.116667
3 0.047396 0.899074 0.060417 0.035185
0 0.260417 0.700926 0.055208 0.112963
0 0.241667 0.633333 0.037500 0.066667
5 0.189583 0.893519 0.121875 0.070370
0 0.348438 0.626852 0.041667 0.075926
3 0.328125 0.757407 0.025000 0.037037
5 0.358594 0.757407 0.032813 0.037037
0 0.476562 0.620370 0.040625 0.074074
0 0.597917 0.618519 0.041667 0.088889
2 0.616146 0.744444 0.027083 0.033333
1 0.527865 0.725926 0.060937 0.125926
4 0.534896 0.855556 0.047917 0.055556
0 0.704688 0.645370 0.059375 0.112963
3 0.698438 0.863889 0.030208 0.035185
1 0.840365 0.718519 0.064062 0.114815
5 0.885938 0.863889 0.095833 0.064815
8 0.856771 0.765278 0.123958 0.182407
8 0.710938 0.728241 0.122917 0.254630
8 0.598437 0.662037 0.083333 0.161111
8 0.529687 0.776389 0.136458 0.212037
8 0.487760 0.669907 0.075521 0.156481
8 0.348438 0.674537 0.081250 0.158333
8 0.255990 0.762963 0.126562 0.231481
8 0.236719 0.680556 0.056771 0.151852
9 0.113021 0.785185 0.153125 0.211111
