1 0.115104 0.411574 0.027083 0.050926
1 0.166927 0.384722 0.025521 0.045370
1 0.239063 0.364815 0.020833 0.044444
1 0.303646 0.342593 0.017708 0.038889
1 0.257292 0.403704 0.020833 0.044444
1 0.204167 0.447685 0.029167 0.056481
0 0.327344 0.447222 0.028646 0.068519
0 0.404948 0.455556 0.030729 0.055556
0 0.447396 0.393519 0.021875 0.038889
0 0.416146 0.352315 0.019792 0.037963
0 0.491146 0.380556 0.018750 0.042593
1 0.362240 0.450000 0.026562 0.055556
2 0.386719 0.408333 0.027604 0.053704
1 0.473438 0.333796 0.014583 0.034259
1 0.506771 0.341667 0.016667 0.037037
1 0.447917 0.344444 0.018750 0.027778
2 0.537500 0.335648 0.018750 0.037963
0 0.599219 0.324537 0.015104 0.032407
0 0.573438 0.348611 0.018750 0.037963
0 0.523438 0.398148 0.023958 0.044444
0 0.510938 0.444907 0.031250 0.056481
1 0.580990 0.412037 0.023438 0.055556
0 0.586719 0.481019 0.032813 0.069444
0 0.617188 0.367130 0.017708 0.034259
2 0.655208 0.375000 0.020833 0.046296
0 0.663542 0.455556 0.032292 0.061111
1 0.634896 0.411111 0.026042 0.055556
0 0.720313 0.338426 0.014583 0.030556
1 0.732292 0.355556 0.018750 0.037037
0 0.753646 0.367130 0.017708 0.037963
1 0.774740 0.353241 0.018229 0.039815
1 0.801823 0.368519 0.018229 0.038889
1 0.852865 0.354167 0.017188 0.039815
1 0.831771 0.385648 0.021875 0.032407
1 0.830990 0.430556 0.027604 0.048148
1 0.863542 0.420833 0.023958 0.047222
1 0.879167 0.455556 0.023958 0.062963
0 0.919792 0.448148 0.034375 0.068519
1 0.959115 0.418056 0.026562 0.050926
0 0.986198 0.480556 0.027604 0.070370
8 0.917188 0.492130 0.077083 0.150926
8 0.847917 0.357407 0.038542 0.053704
9 0.814844 0.443519 0.057813 0.079630
8 0.751563 0.381019 0.037500 0.069444
8 0.667188 0.489815 0.076042 0.125926
8 0.662240 0.392130 0.040104 0.076852
8 0.595313 0.336574 0.029167 0.056481
8 0.574219 0.365741 0.035937 0.062963
8 0.585938 0.500463 0.061458 0.093519
8 0.513542 0.482407 0.062500 0.129630
8 0.580990 0.424537 0.059896 0.082407
8 0.489063 0.392593 0.040625 0.068519
8 0.473698 0.335648 0.025521 0.043519
8 0.419792 0.362963 0.033333 0.068519
8 0.413021 0.481019 0.086458 0.125000
8 0.315625 0.477778 0.084375 0.122222
8 0.309115 0.347685 0.034896 0.045370
8 0.166667 0.391204 0.043750 0.056481
9 0.113542 0.419444 0.052083 0.066667
9 0.208073 0.462500 0.071354 0.093519
5 0.163542 0.543056 0.039583 0.019444
5 0.268490 0.460185 0.025521 0.024074
8 0.266667 0.419444 0.051042 0.079630
9 0.367188 0.461574 0.047917 0.091667
8 0.452344 0.418056 0.042188 0.093519
8 0.531771 0.418056 0.042708 0.089815
8 0.610417 0.379167 0.035417 0.060185
8 0.627865 0.427315 0.042188 0.091667
8 0.729688 0.368519 0.032292 0.059259
8 0.775521 0.356481 0.030208 0.051852
8 0.818490 0.401852 0.045312 0.062963
8 0.863542 0.475926 0.056250 0.101852
8 0.955469 0.436111 0.039062 0.081481
