8 0.071615 0.252778 0.089063 0.127778
8 0.063542 0.177315 0.076042 0.121296
8 0.148438 0.142593 0.069792 0.074074
8 0.336719 0.143056 0.051562 0.093519
8 0.305990 0.174074 0.041146 0.094444
8 0.379167 0.143519 0.041667 0.064815
8 0.419792 0.154630 0.055208 0.088889
8 0.477865 0.159722 0.039062 0.100926
8 0.476562 0.221296 0.055208 0.125926
8 0.523698 0.186111 0.049479 0.116667
8 0.551042 0.143056 0.036458 0.078704
8 0.571094 0.206944 0.048438 0.071296
8 0.632292 0.229630 0.055208 0.105556
8 0.644792 0.368519 0.135417 0.179630
8 0.602865 0.333333 0.065104 0.131481
9 0.597917 0.289815 0.067708 0.100000
8 0.538021 0.355556 0.094792 0.175926
8 0.444792 0.346296 0.101042 0.187037
8 0.447917 0.268981 0.073958 0.125000
9 0.398698 0.224074 0.061979 0.092593
8 0.326042 0.305556 0.073958 0.153704
8 0.341667 0.248148 0.046875 0.131481
8 0.271615 0.243981 0.069271 0.128704
8 0.274219 0.343519 0.113021 0.179630
8 0.213021 0.304167 0.082292 0.145370
8 0.162240 0.337500 0.098437 0.180556
9 0.710417 0.179630 0.037500 0.057407
8 0.735417 0.182407 0.048958 0.090741
8 0.764844 0.218519 0.048438 0.096296
8 0.810417 0.218519 0.044792 0.087037
8 0.885938 0.193056 0.048958 0.089815
8 0.841667 0.303241 0.076042 0.117593
8 0.899740 0.335648 0.076563 0.156481
8 0.960417 0.368519 0.079167 0.207407
1 0.064062 0.222222 0.033333 0.074074
1 0.057813 0.147685 0.031250 0.069444
1 0.134375 0.134259 0.025000 0.055556
0 0.339583 0.129167 0.020833 0.050926
1 0.301563 0.158333 0.026042 0.059259
1 0.376042 0.137037 0.019792 0.046296
0 0.419792 0.140741 0.025000 0.057407
0 0.444792 0.112037 0.020833 0.046296
8 0.444792 0.130556 0.029167 0.081481
1 0.390365 0.215741 0.030729 0.062963
0 0.336198 0.215278 0.028646 0.062037
0 0.287240 0.217130 0.032813 0.067593
1 0.322396 0.280093 0.040625 0.089815
1 0.271615 0.305556 0.040104 0.098148
5 0.258594 0.420833 0.073438 0.030556
0 0.159635 0.294444 0.043229 0.092593
1 0.194792 0.280556 0.040625 0.094444
0 0.454167 0.295370 0.039583 0.083333
1 0.444792 0.244907 0.032292 0.071296
1 0.463542 0.196759 0.029167 0.069444
0 0.471615 0.134722 0.022396 0.043519
0 0.523438 0.160185 0.023958 0.055556
0 0.552865 0.130556 0.020313 0.048148
4 0.555469 0.142593 0.020313 0.031481
1 0.572917 0.201389 0.022917 0.052778
0 0.626563 0.206481 0.026042 0.061111
1 0.613542 0.278241 0.032292 0.067593
1 0.620313 0.310648 0.030208 0.080556
5 0.514062 0.443056 0.037500 0.034259
1 0.651042 0.333796 0.051042 0.102778
4 0.654167 0.431944 0.051042 0.045370
1 0.716667 0.171296 0.019792 0.040741
1 0.737240 0.165278 0.022396 0.050926
1 0.771615 0.193981 0.024479 0.049074
2 0.807813 0.203704 0.025000 0.051852
1 0.795312 0.191667 0.025000 0.051852
1 0.894792 0.175463 0.026042 0.056481
1 0.860938 0.281019 0.029167 0.069444
0 0.907813 0.293981 0.035417 0.073148
0 0.968490 0.260648 0.029687 0.069444
8 0.959115 0.283333 0.051562 0.114815
6 0.846615 0.341667 0.041146 0.025926
0 0.980990 0.309259 0.038021 0.087037
5 0.895312 0.416667 0.032292 0.025926
5 0.978385 0.468056 0.040104 0.028704
