1 0.035417 0.463889 0.062500 0.124074
5 0.041667 0.584722 0.082292 0.080556
1 0.194792 0.485648 0.062500 0.119444
4 0.179167 0.601852 0.052083 0.062963
1 0.322917 0.455556 0.054167 0.125926
4 0.281250 0.579630 0.037500 0.051852
5 0.282813 0.630556 0.114583 0.042593
0 0.372917 0.440741 0.038542 0.066667
0 0.554688 0.443519 0.037500 0.079630
2 0.641146 0.476389 0.038542 0.075000
0 0.701042 0.510648 0.056250 0.106481
5 0.689063 0.673611 0.087500 0.056481
8 0.687240 0.568056 0.132812 0.221296
8 0.633594 0.515741 0.082812 0.142593
8 0.546615 0.499074 0.095312 0.168519
8 0.391146 0.491667 0.076042 0.153704
8 0.339323 0.516667 0.149479 0.235185
8 0.205990 0.529630 0.120313 0.192593
9 0.071615 0.515278 0.142187 0.200926
