8 0.066667 0.243519 0.083333 0.118519
8 0.093490 0.161111 0.054688 0.109259
8 0.139063 0.149074 0.046875 0.068519
8 0.163021 0.352778 0.097917 0.144444
8 0.277344 0.356019 0.115104 0.154630
9 0.205990 0.319444 0.088021 0.124074
9 0.315365 0.312037 0.085938 0.144444
9 0.246615 0.258796 0.071354 0.104630
8 0.343490 0.250926 0.061979 0.144444
8 0.307292 0.182407 0.043750 0.079630
9 0.397135 0.225463 0.059896 0.080556
8 0.335938 0.152778 0.041667 0.079630
8 0.377865 0.138889 0.047396 0.072222
8 0.422396 0.151852 0.054167 0.100000
8 0.474740 0.162500 0.041146 0.106481
8 0.624219 0.224537 0.065104 0.106481
9 0.572396 0.179630 0.063542 0.064815
8 0.568490 0.212037 0.055729 0.072222
8 0.445312 0.351389 0.090625 0.186111
8 0.535417 0.355556 0.092708 0.172222
8 0.639062 0.363889 0.129167 0.181481
8 0.522917 0.255093 0.067708 0.152778
5 0.259115 0.426852 0.069271 0.035185
5 0.513542 0.443056 0.037500 0.032407
9 0.709115 0.179167 0.032813 0.049074
9 0.733594 0.192593 0.055729 0.074074
8 0.765625 0.216667 0.050000 0.087037
8 0.816146 0.219444 0.051042 0.081481
8 0.875521 0.191204 0.052083 0.076852
8 0.831510 0.303241 0.076563 0.123148
8 0.894271 0.355093 0.092708 0.134259
8 0.960417 0.369907 0.079167 0.193519
9 0.597917 0.288426 0.065625 0.093519
5 0.979688 0.468519 0.040625 0.033333
1 0.714323 0.174537 0.018229 0.041667
8 0.444010 0.129630 0.030729 0.083333
8 0.060417 0.184259 0.071875 0.105556
8 0.466146 0.218056 0.066667 0.125000
9 0.544792 0.157870 0.038542 0.063889
1 0.062760 0.222222 0.035937 0.074074
1 0.051823 0.166204 0.031771 0.062037
1 0.080990 0.138889 0.029687 0.064815
1 0.132812 0.143519 0.025000 0.055556
1 0.142969 0.328704 0.045312 0.088889
1 0.182292 0.300000 0.039583 0.072222
1 0.267188 0.322222 0.046875 0.087037
1 0.301042 0.305093 0.041667 0.086111
1 0.265365 0.245370 0.033854 0.075926
1 0.305990 0.173611 0.027604 0.058333
0 0.343490 0.212500 0.029687 0.060185
0 0.332813 0.139352 0.021875 0.052778
2 0.364063 0.130556 0.019792 0.053704
1 0.389844 0.219444 0.029687 0.066667
0 0.423438 0.131944 0.021875 0.058333
0 0.441667 0.112500 0.019792 0.047222
0 0.470573 0.134722 0.022396 0.049074
0 0.463542 0.187500 0.028125 0.058333
0 0.450781 0.298148 0.038021 0.087037
0 0.534115 0.318056 0.042188 0.091667
0 0.521875 0.218056 0.031250 0.080556
1 0.546094 0.151389 0.023438 0.049074
1 0.577865 0.170833 0.025521 0.047222
1 0.573438 0.205556 0.022917 0.051852
0 0.622656 0.201852 0.025521 0.059259
0 0.633594 0.323148 0.048438 0.098148
4 0.646615 0.432407 0.053646 0.038889
1 0.742188 0.181481 0.025000 0.053704
0 0.765885 0.196759 0.022396 0.049074
1 0.794792 0.188426 0.025000 0.050926
9 0.791667 0.192130 0.036458 0.058333
1 0.822917 0.205093 0.023958 0.050926
1 0.853646 0.278241 0.028125 0.069444
6 0.844271 0.337963 0.040625 0.029630
1 0.886719 0.178704 0.025521 0.051852
1 0.917188 0.326852 0.041667 0.081481
1 0.985417 0.324537 0.029167 0.106481
