1 0.057813 0.604630 0.058333 0.109259
1 0.075521 0.558333 0.041667 0.068519
3 0.013542 0.667593 0.026042 0.031481
1 0.163542 0.608333 0.062500 0.111111
6 0.168490 0.748611 0.135937 0.080556
1 0.291667 0.550463 0.050000 0.080556
4 0.279167 0.643519 0.066667 0.050000
1 0.378646 0.593519 0.063542 0.140741
3 0.317969 0.750926 0.035937 0.050000
6 0.379167 0.741667 0.093750 0.087037
1 0.471875 0.518519 0.040625 0.088889
4 0.476042 0.613889 0.043750 0.035185
1 0.682292 0.525926 0.062500 0.125926
1 0.738542 0.478704 0.043750 0.094444
1 0.828646 0.442593 0.047917 0.077778
1 0.821615 0.543519 0.076563 0.142593
6 0.841667 0.680556 0.100000 0.133333
1 0.966667 0.507407 0.058333 0.150000
8 0.081510 0.655556 0.110937 0.211111
8 0.184115 0.662037 0.170313 0.214815
8 0.299740 0.585185 0.099479 0.144444
8 0.399740 0.648148 0.155729 0.233333
8 0.482292 0.558333 0.097917 0.162963
8 0.671875 0.600926 0.137500 0.279630
8 0.740365 0.518519 0.074479 0.162963
8 0.844271 0.505093 0.089583 0.191667
8 0.816667 0.606019 0.163542 0.250926
8 0.944792 0.581019 0.108333 0.269444
