0 0.182292 0.591667 0.066667 0.112963
3 0.140365 0.768519 0.039062 0.033333
1 0.275521 0.567593 0.041667 0.079630
4 0.270313 0.641667 0.037500 0.050000
0 0.322917 0.587037 0.057292 0.131481
4 0.289062 0.755556 0.054167 0.072222
1 0.403646 0.555556 0.039583 0.088889
4 0.391667 0.649074 0.033333 0.055556
1 0.569792 0.568519 0.035417 0.074074
1 0.601562 0.606481 0.050000 0.120370
4 0.594792 0.769444 0.061458 0.057407
0 0.740365 0.540741 0.051562 0.103704
3 0.747917 0.788889 0.046875 0.037037
0 0.869792 0.613889 0.061458 0.118519
5 0.923438 0.800000 0.145833 0.055556
8 0.176302 0.650463 0.131771 0.230556
8 0.317708 0.657407 0.134375 0.255556
8 0.408854 0.598611 0.084375 0.156481
8 0.592708 0.673148 0.142708 0.251852
8 0.742188 0.641667 0.123958 0.305556
8 0.872917 0.670370 0.135417 0.235185
9 0.274219 0.597685 0.063021 0.136111
9 0.557813 0.602778 0.078125 0.140741
