8 0.065365 0.243056 0.077604 0.115741
8 0.055990 0.186111 0.075521 0.096296
8 0.091146 0.166667 0.058333 0.101852
8 0.135417 0.148611 0.048958 0.071296
8 0.160938 0.331481 0.102083 0.179630
8 0.277344 0.355556 0.116146 0.159259
9 0.212240 0.318519 0.064062 0.114815
9 0.321615 0.311111 0.095312 0.146296
9 0.249740 0.253704 0.067187 0.107407
8 0.343490 0.249074 0.058854 0.144444
8 0.305990 0.180556 0.041146 0.079630
9 0.396094 0.222222 0.056771 0.087037
8 0.337240 0.143056 0.051562 0.100926
8 0.379688 0.143056 0.042708 0.065741
8 0.418490 0.157407 0.052604 0.081481
8 0.476042 0.160185 0.047917 0.094444
8 0.469792 0.218519 0.064583 0.127778
8 0.447917 0.269444 0.073958 0.116667
8 0.523698 0.186111 0.049479 0.094444
8 0.629167 0.228704 0.058333 0.105556
9 0.569271 0.173148 0.052083 0.068519
9 0.567969 0.213889 0.047396 0.068519
8 0.445573 0.344907 0.099479 0.186111
8 0.538542 0.356019 0.096875 0.178704
8 0.646094 0.374074 0.138021 0.170370
8 0.606510 0.331019 0.070312 0.130556
9 0.518750 0.279167 0.050000 0.104630
5 0.259115 0.426852 0.069271 0.035185
5 0.513542 0.443056 0.037500 0.032407
9 0.710938 0.177315 0.036458 0.052778
9 0.736198 0.190741 0.061979 0.079630
8 0.769271 0.215741 0.050000 0.088889
8 0.815365 0.218519 0.051562 0.081481
8 0.881771 0.191204 0.050000 0.087963
9 0.837240 0.303704 0.078646 0.111111
8 0.885417 0.337037 0.085417 0.168519
8 0.960417 0.368056 0.079167 0.199074
9 0.597917 0.286574 0.066667 0.093519
1 0.063542 0.226852 0.034375 0.074074
1 0.043490 0.168519 0.032813 0.061111
1 0.077344 0.146296 0.028646 0.062963
1 0.127865 0.141204 0.025521 0.056481
2 0.344271 0.118519 0.027083 0.048148
1 0.377865 0.134259 0.020313 0.050000
1 0.304688 0.175000 0.028125 0.055556
0 0.341667 0.216204 0.034375 0.067593
1 0.264844 0.240741 0.034896 0.075926
1 0.296615 0.293981 0.038021 0.086111
1 0.267188 0.319907 0.043750 0.089815
1 0.201563 0.305093 0.036458 0.075000
0 0.163021 0.291667 0.041667 0.092593
1 0.390365 0.215741 0.030729 0.064815
1 0.422917 0.145370 0.022917 0.059259
1 0.477865 0.141204 0.023438 0.054630
0 0.467448 0.185185 0.028646 0.055556
1 0.440365 0.248148 0.033854 0.068519
0 0.454167 0.293519 0.038542 0.075926
1 0.523438 0.168519 0.026042 0.059259
1 0.579167 0.168981 0.026042 0.056481
1 0.566667 0.206944 0.022917 0.054630
1 0.527865 0.267593 0.030729 0.077778
1 0.553646 0.143056 0.020833 0.049074
0 0.625521 0.206019 0.026042 0.060185
1 0.625000 0.309259 0.034375 0.081481
1 0.652865 0.343519 0.048438 0.101852
4 0.655208 0.431481 0.055208 0.040741
0 0.543490 0.316667 0.042188 0.092593
1 0.717969 0.172685 0.020313 0.043519
2 0.752865 0.178704 0.025521 0.051852
2 0.779167 0.196296 0.022917 0.051852
1 0.796094 0.186574 0.022396 0.052778
1 0.823438 0.206019 0.023958 0.054630
1 0.892969 0.175000 0.024479 0.055556
1 0.862240 0.282407 0.028646 0.072222
0 0.890365 0.289352 0.036979 0.071296
1 0.915365 0.281481 0.029687 0.077778
1 0.982292 0.321759 0.034375 0.106481
5 0.894792 0.414352 0.030208 0.023148
5 0.979167 0.468056 0.040625 0.030556
