1 0.156250 0.655556 0.043750 0.081481
4 0.128646 0.716667 0.039583 0.040741
1 0.221615 0.627778 0.048438 0.077778
4 0.217188 0.720370 0.041667 0.037037
1 0.300521 0.618519 0.041667 0.081481
4 0.306771 0.730556 0.037500 0.038889
1 0.401042 0.622222 0.047917 0.081481
6 0.369792 0.728704 0.075000 0.042593
0 0.569792 0.630556 0.039583 0.075926
3 0.569792 0.718519 0.031250 0.040741
2 0.669792 0.629630 0.068750 0.118519
4 0.613542 0.724074 0.042708 0.055556
1 0.760938 0.630556 0.053125 0.079630
1 0.851042 0.692593 0.073958 0.125926
3 0.857292 0.855556 0.062500 0.044444
9 0.151042 0.677315 0.097917 0.126852
8 0.227344 0.666204 0.098437 0.149074
8 0.315625 0.660185 0.084375 0.155556
8 0.401042 0.666204 0.090625 0.152778
8 0.566667 0.709722 0.082292 0.230556
8 0.669792 0.705093 0.126042 0.269444
9 0.861719 0.739815 0.139063 0.216667
8 0.759115 0.656019 0.088021 0.132407
