7 0.086719 0.791667 0.070312 0.109259
3 0.049219 0.903241 0.051562 0.043519
0 0.238542 0.693519 0.059375 0.096296
5 0.194792 0.888889 0.114583 0.062963
0 0.242969 0.627315 0.036979 0.062037
0 0.348438 0.626852 0.039583 0.075926
3 0.327865 0.761574 0.023438 0.021296
5 0.355729 0.762037 0.035417 0.024074
0 0.489063 0.614815 0.037500 0.074074
0 0.597917 0.618981 0.039583 0.084259
1 0.528646 0.730556 0.060417 0.114815
3 0.615625 0.748611 0.021875 0.028704
4 0.542188 0.855556 0.057292 0.066667
0 0.703906 0.650463 0.049479 0.104630
3 0.701302 0.862963 0.026562 0.038889
1 0.841667 0.701852 0.066667 0.114815
5 0.888542 0.867593 0.087500 0.057407
8 0.858594 0.748611 0.129688 0.206481
8 0.711719 0.733796 0.120313 0.250926
8 0.599740 0.658333 0.080729 0.159259
8 0.533073 0.778241 0.138021 0.195370
8 0.485417 0.664352 0.110417 0.160185
8 0.347917 0.672685 0.082292 0.160185
8 0.239844 0.766667 0.120313 0.231481
8 0.247396 0.674074 0.085417 0.142593
9 0.110937 0.789352 0.142708 0.197222
