1 0.122917 0.524074 0.068750 0.114815
5 0.090365 0.641667 0.095312 0.057407
2 0.251042 0.512037 0.062500 0.116667
4 0.216667 0.649074 0.046875 0.055556
2 0.374219 0.487037 0.064062 0.107407
3 0.324219 0.680556 0.035937 0.031481
2 0.426563 0.486111 0.037500 0.068519
2 0.605469 0.490741 0.039062 0.077778
1 0.691146 0.537037 0.039583 0.081481
2 0.796615 0.538889 0.045312 0.085185
1 0.741667 0.580556 0.061458 0.125926
5 0.738542 0.740741 0.087500 0.059259
8 0.129688 0.565741 0.142708 0.183333
8 0.257812 0.567130 0.120833 0.210185
8 0.379688 0.564815 0.129167 0.259259
8 0.444271 0.531944 0.078125 0.162037
8 0.587240 0.568056 0.107813 0.217593
8 0.688021 0.562037 0.079167 0.129630
8 0.730729 0.633333 0.134375 0.218519
8 0.794792 0.571759 0.066667 0.149074
