0 0.184375 0.589815 0.065625 0.112963
3 0.140365 0.762963 0.035937 0.044444
1 0.288021 0.573148 0.041667 0.081481
4 0.278646 0.634259 0.031250 0.035185
0 0.332813 0.573148 0.054167 0.116667
3 0.291667 0.764815 0.040625 0.040741
1 0.400521 0.563889 0.050000 0.094444
4 0.392969 0.643519 0.032813 0.051852
0 0.572396 0.561111 0.039583 0.081481
1 0.597917 0.615741 0.061458 0.120370
4 0.592969 0.771296 0.064062 0.075926
1 0.719792 0.578704 0.054167 0.124074
4 0.722917 0.687963 0.045833 0.055556
1 0.760938 0.566667 0.044792 0.081481
2 0.835938 0.618519 0.072917 0.118519
5 0.910417 0.807407 0.145833 0.055556
8 0.185417 0.652778 0.133333 0.224074
8 0.332552 0.644444 0.117188 0.255556
8 0.594271 0.673148 0.140625 0.238889
8 0.725260 0.655556 0.138021 0.275926
8 0.857292 0.680093 0.135417 0.226852
8 0.771094 0.600463 0.059896 0.143519
8 0.558594 0.595370 0.073438 0.155556
9 0.280990 0.602315 0.069271 0.123148
9 0.408073 0.603704 0.088021 0.164815
