0 0.182292 0.589815 0.066667 0.109259
3 0.138021 0.764815 0.029167 0.040741
1 0.279167 0.575000 0.040625 0.081481
4 0.273438 0.640741 0.038542 0.037037
0 0.322917 0.585185 0.062500 0.118519
4 0.290365 0.757407 0.054688 0.081481
1 0.401042 0.553704 0.050000 0.096296
4 0.391146 0.649074 0.035417 0.055556
1 0.575521 0.568519 0.033333 0.074074
1 0.597396 0.619444 0.056250 0.116667
4 0.594271 0.771296 0.045833 0.072222
0 0.747396 0.546296 0.043750 0.059259
2 0.789062 0.587963 0.062500 0.131481
4 0.810417 0.752778 0.053125 0.038889
1 0.896094 0.605556 0.064062 0.129630
6 0.916667 0.789815 0.138542 0.079630
9 0.406250 0.595833 0.093750 0.165741
9 0.562760 0.605556 0.084896 0.142593
8 0.180208 0.651852 0.137500 0.227778
8 0.319531 0.656944 0.133854 0.256481
8 0.269271 0.598611 0.063542 0.132407
8 0.598698 0.675463 0.134896 0.241667
8 0.756771 0.656481 0.129167 0.266667
8 0.875000 0.665741 0.123958 0.257407
