8 0.066667 0.239815 0.087500 0.137037
8 0.092188 0.166204 0.057292 0.110185
8 0.136198 0.143056 0.056771 0.080556
8 0.380990 0.141204 0.042188 0.069444
8 0.305990 0.172685 0.040104 0.093519
8 0.255990 0.256019 0.061979 0.121296
8 0.340365 0.248611 0.046354 0.132407
8 0.322917 0.294907 0.071875 0.169444
8 0.282813 0.343519 0.111458 0.175926
8 0.163542 0.334259 0.096875 0.181481
8 0.421615 0.155556 0.053646 0.083333
9 0.396615 0.224537 0.060937 0.093519
8 0.449740 0.263426 0.076563 0.137963
8 0.444271 0.351389 0.102083 0.189815
5 0.514844 0.443056 0.040104 0.037963
8 0.516146 0.181481 0.048958 0.105556
8 0.566667 0.204630 0.048958 0.085185
8 0.524740 0.263426 0.071354 0.149074
8 0.540365 0.357407 0.094271 0.174074
8 0.630990 0.225463 0.058854 0.112037
8 0.634375 0.367130 0.100000 0.163889
9 0.710938 0.177778 0.037500 0.053704
9 0.731510 0.192130 0.057813 0.082407
9 0.791667 0.192593 0.044792 0.064815
8 0.762240 0.218056 0.048438 0.093519
8 0.818490 0.218519 0.054688 0.092593
8 0.885938 0.189815 0.043750 0.090741
8 0.837500 0.301852 0.078125 0.131481
8 0.904167 0.338889 0.084375 0.161111
8 0.960938 0.369444 0.077083 0.205556
9 0.551042 0.156944 0.043750 0.063889
8 0.334115 0.143056 0.047396 0.091667
8 0.479167 0.223148 0.048958 0.120370
0 0.059115 0.205556 0.033854 0.066667
1 0.052865 0.154167 0.029687 0.063889
1 0.077865 0.143056 0.023438 0.065741
1 0.127865 0.132407 0.025521 0.059259
0 0.330469 0.124074 0.023438 0.053704
0 0.301563 0.156019 0.026042 0.056481
1 0.377865 0.131481 0.020313 0.051852
1 0.422396 0.143519 0.022917 0.055556
1 0.385417 0.218056 0.031250 0.067593
0 0.334115 0.212037 0.028646 0.057407
0 0.265365 0.235185 0.035937 0.081481
2 0.285938 0.304630 0.045833 0.090741
1 0.307292 0.256019 0.037500 0.086111
1 0.199740 0.304167 0.038021 0.086111
9 0.213542 0.318981 0.063542 0.125000
0 0.159115 0.292593 0.043229 0.096296
0 0.468490 0.194907 0.027604 0.063889
0 0.443490 0.232407 0.034896 0.074074
0 0.513542 0.157870 0.023958 0.054630
1 0.524740 0.229630 0.028646 0.075926
1 0.557813 0.152778 0.020833 0.046296
0 0.569792 0.190278 0.022917 0.050926
0 0.634115 0.203241 0.028646 0.062037
2 0.442188 0.300926 0.048958 0.088889
1 0.542188 0.327778 0.040625 0.100000
1 0.630990 0.338426 0.048438 0.093519
1 0.716667 0.173148 0.020833 0.044444
1 0.745313 0.179630 0.025000 0.053704
1 0.794792 0.187500 0.025000 0.056481
1 0.824740 0.202315 0.023438 0.054630
1 0.893750 0.169907 0.025000 0.050926
1 0.857292 0.273148 0.030208 0.068519
0 0.762240 0.195370 0.023438 0.048148
0 0.918490 0.295370 0.040104 0.074074
0 0.977865 0.313426 0.044271 0.093519
