1 0.210417 0.435185 0.028125 0.057407
8 0.206771 0.456944 0.075000 0.102778
1 0.113802 0.411574 0.024479 0.049074
9 0.118490 0.417130 0.051562 0.067593
1 0.160938 0.392593 0.021875 0.042593
9 0.166667 0.393519 0.047917 0.050000
0 0.260417 0.397685 0.022917 0.043519
8 0.268750 0.422685 0.050000 0.093519
1 0.237240 0.351389 0.018229 0.037963
8 0.239063 0.356019 0.037500 0.052778
1 0.272917 0.354167 0.018750 0.039815
1 0.279167 0.366667 0.032292 0.062963
1 0.308594 0.350926 0.017188 0.033333
9 0.313021 0.355556 0.033333 0.042593
1 0.332813 0.447685 0.028125 0.056481
8 0.319792 0.481019 0.089583 0.126852
0 0.408594 0.453241 0.028646 0.056481
8 0.408073 0.482407 0.066146 0.118519
7 0.513542 0.493056 0.030208 0.067593
0 0.593490 0.463426 0.029687 0.075000
8 0.591667 0.486111 0.066667 0.131481
0 0.659896 0.449537 0.031250 0.069444
8 0.676042 0.487963 0.105208 0.142593
1 0.359896 0.455093 0.026042 0.052778
9 0.368490 0.467130 0.049479 0.078704
1 0.428646 0.422685 0.025000 0.056481
8 0.435417 0.452315 0.041667 0.112037
0 0.393490 0.393519 0.022396 0.044444
8 0.390365 0.414815 0.044271 0.088889
0 0.452865 0.391667 0.020313 0.038889
8 0.455990 0.417593 0.028646 0.092593
2 0.526042 0.404630 0.021875 0.050000
8 0.523438 0.418981 0.051042 0.087963
1 0.580990 0.413889 0.022396 0.050000
8 0.579167 0.429630 0.054167 0.081481
1 0.632292 0.422222 0.021875 0.055556
8 0.625521 0.431019 0.038542 0.075000
0 0.655990 0.374074 0.018229 0.044444
8 0.660417 0.393056 0.040625 0.075000
0 0.536719 0.365278 0.018229 0.037963
8 0.539844 0.385185 0.048438 0.081481
0 0.484115 0.377778 0.020313 0.037037
8 0.488542 0.393519 0.039583 0.070370
1 0.419271 0.355556 0.016667 0.037037
8 0.424740 0.367593 0.029687 0.062963
1 0.437240 0.343056 0.014063 0.030556
1 0.474740 0.331019 0.011979 0.032407
8 0.475521 0.336111 0.031250 0.044444
9 0.505990 0.340741 0.016146 0.037037
8 0.504167 0.348611 0.036458 0.056481
0 0.542188 0.340741 0.018750 0.037037
1 0.576042 0.356019 0.017708 0.039815
8 0.576042 0.367593 0.034375 0.061111
1 0.600521 0.330556 0.014583 0.033333
8 0.596094 0.343519 0.025521 0.053704
1 0.617969 0.368056 0.016146 0.032407
8 0.612240 0.379167 0.041146 0.049074
1 0.720573 0.343981 0.013021 0.030556
1 0.732292 0.354630 0.015625 0.035185
8 0.730990 0.368519 0.035937 0.066667
1 0.781771 0.359259 0.017708 0.037037
9 0.776563 0.362037 0.029167 0.048148
0 0.756250 0.368519 0.015625 0.035185
1 0.798438 0.368056 0.019792 0.039815
1 0.857812 0.349537 0.019792 0.039815
8 0.853125 0.356019 0.031250 0.060185
1 0.833594 0.388889 0.019271 0.038889
0 0.818490 0.412037 0.023438 0.044444
8 0.815365 0.435648 0.048438 0.093519
0 0.923698 0.413426 0.023438 0.047222
8 0.911719 0.427315 0.048438 0.076852
1 0.876823 0.442130 0.027604 0.058333
8 0.865365 0.465741 0.057813 0.111111
1 0.955990 0.418056 0.023438 0.045370
1 0.940365 0.463889 0.035937 0.072222
8 0.919271 0.493056 0.083333 0.137963
1 0.984896 0.485648 0.030208 0.067593
9 0.514844 0.503241 0.072396 0.087963
5 0.163542 0.542593 0.038542 0.024074
5 0.269271 0.459722 0.023958 0.025000
8 0.793490 0.380093 0.039062 0.062037
8 0.752344 0.382870 0.032813 0.067593
