0 0.139063 0.478704 0.051042 0.109259
5 0.089063 0.653704 0.112500 0.048148
0 0.255469 0.505556 0.051562 0.103704
4 0.206771 0.649074 0.045833 0.064815
0 0.391146 0.489815 0.051042 0.109259
3 0.319271 0.677778 0.029167 0.037037
0 0.438542 0.492593 0.039583 0.077778
7 0.603646 0.568519 0.052083 0.081481
7 0.710938 0.564815 0.050000 0.085185
7 0.810417 0.609259 0.052083 0.085185
7 0.757292 0.681481 0.064583 0.122222
9 0.599740 0.579167 0.104688 0.123148
9 0.698438 0.581019 0.086458 0.113889
9 0.817187 0.613426 0.101042 0.112037
9 0.743490 0.668519 0.166146 0.177778
8 0.135937 0.545370 0.146875 0.231481
8 0.250521 0.562500 0.123958 0.221296
8 0.385417 0.567130 0.120833 0.250926
8 0.452344 0.645833 0.064062 0.376852
