0 0.216667 0.579630 0.052083 0.100000
3 0.139844 0.764815 0.029687 0.033333
1 0.276042 0.567593 0.036458 0.083333
0 0.315365 0.583796 0.060937 0.119444
4 0.293490 0.737037 0.051562 0.094444
1 0.399219 0.555556 0.042188 0.090741
4 0.396615 0.647222 0.042188 0.050000
1 0.566667 0.579630 0.033333 0.062963
1 0.601042 0.622222 0.057292 0.118519
4 0.597396 0.768519 0.060417 0.068519
0 0.740365 0.568519 0.054688 0.111111
1 0.860417 0.637963 0.066667 0.112963
5 0.910937 0.805556 0.143750 0.059259
8 0.209375 0.644907 0.117708 0.232407
8 0.313281 0.660648 0.148438 0.252778
8 0.592969 0.680093 0.138021 0.234259
8 0.736198 0.654630 0.138021 0.268519
8 0.859115 0.689815 0.128646 0.205556
9 0.276562 0.599074 0.050000 0.135185
9 0.407813 0.597685 0.092708 0.165741
9 0.563542 0.612037 0.094792 0.135185
