1 0.031771 0.464815 0.062500 0.114815
5 0.040625 0.577778 0.080208 0.074074
1 0.200000 0.480556 0.062500 0.120370
4 0.188021 0.600926 0.050000 0.061111
1 0.322917 0.449074 0.054167 0.120370
4 0.282813 0.581481 0.035417 0.051852
5 0.284896 0.638889 0.106250 0.048148
0 0.374219 0.443519 0.035937 0.074074
0 0.556771 0.443519 0.033333 0.072222
0 0.638542 0.469444 0.042708 0.068519
0 0.733333 0.475000 0.042708 0.079630
0 0.704688 0.520370 0.052083 0.107407
5 0.689063 0.678704 0.089583 0.050000
9 0.072135 0.513889 0.143229 0.207407
8 0.207292 0.530556 0.120833 0.205556
8 0.335677 0.516204 0.152604 0.247222
8 0.394792 0.492593 0.077083 0.162963
8 0.549219 0.496759 0.094271 0.169444
8 0.634115 0.515741 0.079687 0.142593
8 0.689063 0.574074 0.138542 0.212963
8 0.743490 0.527778 0.058854 0.159259
