8 0.064583 0.243056 0.081250 0.121296
8 0.139063 0.150926 0.048958 0.074074
8 0.149219 0.341204 0.120313 0.169444
8 0.277865 0.355556 0.114062 0.155556
9 0.251042 0.256944 0.072917 0.100926
8 0.326042 0.304630 0.095833 0.155556
8 0.377865 0.140741 0.045312 0.066667
9 0.403385 0.224537 0.053646 0.080556
8 0.421615 0.159259 0.054688 0.083333
8 0.442708 0.131481 0.029167 0.079630
8 0.476562 0.159259 0.038542 0.098148
8 0.467969 0.217130 0.063021 0.130556
9 0.447917 0.281019 0.072917 0.102778
8 0.446094 0.350000 0.090104 0.181481
8 0.535417 0.348611 0.091667 0.187963
8 0.520573 0.186111 0.049479 0.094444
8 0.565365 0.161574 0.054688 0.104630
8 0.563542 0.209722 0.045833 0.076852
8 0.643490 0.225926 0.060937 0.112963
9 0.596615 0.287037 0.066146 0.094444
8 0.638542 0.370370 0.132292 0.166667
4 0.643490 0.430556 0.051562 0.040741
9 0.732292 0.193519 0.055208 0.081481
9 0.797917 0.191204 0.039583 0.069444
8 0.764583 0.218519 0.053125 0.094444
8 0.815625 0.218056 0.050000 0.084259
8 0.885938 0.204167 0.048958 0.071296
8 0.831510 0.301389 0.076563 0.123148
8 0.897396 0.340741 0.084375 0.161111
8 0.964844 0.295370 0.063021 0.096296
5 0.259896 0.426852 0.069792 0.035185
5 0.515365 0.443056 0.038021 0.032407
5 0.978646 0.468519 0.042708 0.031481
8 0.339062 0.241204 0.097917 0.152778
8 0.703385 0.176389 0.044271 0.100926
1 0.062760 0.220370 0.034896 0.074074
8 0.092188 0.166204 0.058333 0.100926
2 0.075781 0.146759 0.027604 0.063889
1 0.131771 0.141204 0.025000 0.054630
0 0.155469 0.304630 0.045312 0.096296
1 0.266667 0.325926 0.044792 0.088889
1 0.266667 0.245370 0.032292 0.074074
1 0.304688 0.273148 0.039583 0.088889
0 0.329688 0.195833 0.032292 0.065741
8 0.330469 0.145833 0.040104 0.082407
1 0.327865 0.131481 0.021354 0.050000
1 0.376042 0.132407 0.018750 0.050000
1 0.397917 0.218519 0.029167 0.062963
1 0.424219 0.147685 0.023438 0.056481
0 0.439063 0.115741 0.020833 0.044444
0 0.469010 0.133333 0.022396 0.044444
0 0.469010 0.182870 0.028646 0.062037
1 0.438542 0.263889 0.032292 0.068519
0 0.454167 0.305093 0.038542 0.087963
0 0.538542 0.295833 0.038542 0.087963
1 0.519792 0.168981 0.025000 0.060185
0 0.569271 0.194444 0.023958 0.044444
0 0.566667 0.137037 0.023958 0.053704
0 0.642188 0.199537 0.028125 0.060185
1 0.643490 0.341667 0.045312 0.100000
1 0.710417 0.146296 0.019792 0.042593
1 0.744010 0.179630 0.024479 0.051852
1 0.771615 0.195833 0.021354 0.050926
1 0.801562 0.182870 0.026042 0.052778
1 0.823698 0.204167 0.022396 0.050926
1 0.852865 0.275000 0.029687 0.068519
1 0.895312 0.195370 0.026042 0.050000
0 0.909115 0.297685 0.038021 0.075000
1 0.977865 0.281481 0.031771 0.066667
