3 0.027865 0.666667 0.035937 0.029630
1 0.069792 0.605556 0.062500 0.111111
1 0.178125 0.580556 0.062500 0.109259
5 0.151042 0.763889 0.081250 0.050000
1 0.307292 0.554630 0.045833 0.087037
6 0.285938 0.640741 0.066667 0.059259
0 0.416667 0.545833 0.053125 0.106481
4 0.397917 0.705556 0.038542 0.037037
5 0.380469 0.755556 0.073438 0.059259
1 0.488542 0.518981 0.037500 0.080556
4 0.487240 0.605556 0.035937 0.044444
0 0.656771 0.492593 0.032292 0.074074
1 0.689063 0.523148 0.054167 0.120370
1 0.761719 0.456481 0.039062 0.087037
1 0.819271 0.482407 0.062500 0.135185
1 0.853646 0.453704 0.035417 0.088889
6 0.857292 0.693519 0.117708 0.103704
0 0.964063 0.468519 0.059375 0.125926
8 0.085417 0.643981 0.092708 0.204630
8 0.189062 0.643519 0.126042 0.225926
8 0.314063 0.581019 0.101042 0.145370
8 0.428906 0.619907 0.129688 0.245370
8 0.498698 0.556019 0.091146 0.150926
8 0.660937 0.492593 0.055208 0.100000
8 0.682813 0.600926 0.135417 0.272222
8 0.759115 0.493519 0.063021 0.146296
8 0.824479 0.564352 0.147917 0.295370
8 0.876563 0.455556 0.086458 0.127778
8 0.949740 0.551852 0.095312 0.277778
