0 0.057292 0.580556 0.040625 0.050000
1 0.044792 0.646296 0.055208 0.111111
4 0.021354 0.777778 0.041667 0.051852
1 0.145313 0.622222 0.058333 0.118519
5 0.120313 0.785185 0.085417 0.044444
1 0.260417 0.590741 0.038542 0.077778
6 0.263542 0.660185 0.081250 0.042593
1 0.451042 0.564815 0.038542 0.070370
4 0.454167 0.637963 0.030208 0.042593
2 0.388542 0.591667 0.056250 0.109259
6 0.372917 0.755556 0.087500 0.070370
3 0.315365 0.765741 0.023438 0.042593
1 0.613542 0.520370 0.025000 0.066667
1 0.694792 0.500926 0.036458 0.081481
1 0.785417 0.480556 0.040625 0.064815
1 0.772917 0.569444 0.062500 0.124074
3 0.732292 0.730556 0.031250 0.050000
6 0.797917 0.718519 0.095833 0.081481
1 0.916667 0.533333 0.062500 0.122222
4 0.928646 0.682407 0.056250 0.057407
1 0.647917 0.543519 0.045833 0.114815
8 0.055469 0.697222 0.105729 0.207407
8 0.160417 0.672222 0.119792 0.201852
8 0.279167 0.615741 0.110417 0.124074
8 0.383073 0.650000 0.148438 0.225926
8 0.464844 0.592593 0.085938 0.131481
8 0.603385 0.557407 0.052604 0.138889
8 0.642969 0.617130 0.117188 0.250926
8 0.702083 0.543519 0.066667 0.151852
8 0.776042 0.618981 0.141667 0.212037
8 0.801042 0.510648 0.078125 0.125000
8 0.918490 0.595370 0.151562 0.244444
