8 0.074740 0.243056 0.073438 0.126852
8 0.091667 0.165278 0.055208 0.113889
8 0.134115 0.143056 0.057813 0.080556
8 0.380990 0.134259 0.045312 0.081481
8 0.306771 0.175463 0.038542 0.093519
8 0.258594 0.250926 0.076563 0.138889
8 0.338542 0.250926 0.060417 0.131481
9 0.318490 0.313889 0.088021 0.131481
9 0.263542 0.368056 0.127083 0.137963
8 0.160417 0.343056 0.105208 0.165741
8 0.417969 0.156019 0.053646 0.084259
8 0.400521 0.259259 0.101042 0.135185
8 0.443490 0.355093 0.103646 0.184259
5 0.514844 0.443056 0.040104 0.037963
8 0.521094 0.184259 0.049479 0.101852
8 0.568490 0.206019 0.048438 0.082407
8 0.526563 0.256019 0.067708 0.137963
8 0.538542 0.355093 0.096875 0.182407
8 0.646615 0.230556 0.057813 0.114815
8 0.636198 0.356019 0.102604 0.189815
9 0.709115 0.179167 0.039062 0.058333
9 0.732292 0.193056 0.059375 0.082407
9 0.796875 0.189815 0.043750 0.064815
8 0.763542 0.218519 0.052083 0.092593
8 0.816146 0.218519 0.055208 0.092593
8 0.884896 0.189815 0.043750 0.090741
8 0.866667 0.246759 0.041667 0.099074
8 0.836719 0.293056 0.064062 0.123148
8 0.901042 0.341667 0.077083 0.162963
8 0.961719 0.367130 0.076563 0.219444
8 0.543490 0.152315 0.032813 0.078704
8 0.029948 0.280556 0.058854 0.168519
0 0.014323 0.234259 0.027604 0.072222
1 0.062240 0.219444 0.034896 0.077778
1 0.048438 0.162500 0.032292 0.058333
1 0.079948 0.141204 0.030729 0.063889
1 0.127865 0.132407 0.026562 0.053704
2 0.342969 0.118981 0.022396 0.050926
1 0.380990 0.123611 0.021354 0.054630
1 0.422396 0.144444 0.023958 0.055556
0 0.301823 0.159259 0.025521 0.055556
0 0.263542 0.218519 0.035417 0.077778
0 0.335938 0.220370 0.029167 0.070370
0 0.341146 0.170833 0.030208 0.050926
2 0.402865 0.231481 0.035937 0.075926
1 0.319271 0.311574 0.040625 0.080556
1 0.205469 0.306019 0.040104 0.086111
1 0.155469 0.311111 0.047396 0.096296
1 0.244792 0.344444 0.048958 0.098148
1 0.446615 0.310185 0.042188 0.092593
2 0.534115 0.314815 0.047396 0.100000
9 0.462240 0.225463 0.057813 0.099074
1 0.460938 0.207407 0.028125 0.062963
1 0.524740 0.229167 0.033854 0.075000
0 0.522917 0.164352 0.023958 0.052778
1 0.538021 0.137037 0.020833 0.044444
0 0.569792 0.193056 0.022917 0.050926
0 0.636719 0.306019 0.045312 0.086111
0 0.651042 0.206019 0.027083 0.065741
1 0.716667 0.172222 0.019792 0.044444
1 0.745313 0.180556 0.026042 0.053704
1 0.799740 0.185185 0.026562 0.050000
1 0.824740 0.200463 0.023438 0.056481
1 0.862500 0.230556 0.028125 0.059259
1 0.892969 0.170370 0.026562 0.053704
0 0.769792 0.196759 0.022917 0.049074
0 0.838542 0.266204 0.032292 0.063889
0 0.910417 0.293056 0.039583 0.073148
0 0.983594 0.299074 0.032813 0.090741
