8 0.073438 0.243056 0.076042 0.126852
8 0.093490 0.165278 0.054688 0.113889
9 0.133594 0.143981 0.056771 0.069444
8 0.383594 0.134722 0.045312 0.080556
8 0.305990 0.173611 0.039062 0.093519
8 0.259115 0.243519 0.076563 0.135185
8 0.339844 0.243519 0.057813 0.137037
9 0.317188 0.310648 0.090625 0.130556
9 0.263542 0.368056 0.127083 0.137963
8 0.155990 0.331019 0.106771 0.186111
8 0.419792 0.156019 0.055208 0.086111
9 0.396615 0.218981 0.060937 0.093519
8 0.442188 0.251852 0.083333 0.140741
8 0.459896 0.368056 0.115625 0.139815
5 0.514844 0.443056 0.040104 0.037963
8 0.523438 0.191667 0.045833 0.092593
8 0.568490 0.204167 0.048438 0.082407
8 0.525521 0.255556 0.065625 0.140741
8 0.541667 0.356019 0.094792 0.175000
8 0.646615 0.230556 0.057813 0.114815
8 0.635938 0.368056 0.100000 0.158333
9 0.710417 0.177315 0.035417 0.054630
9 0.733594 0.192593 0.056771 0.081481
8 0.794792 0.181481 0.042708 0.081481
8 0.763542 0.218519 0.052083 0.092593
8 0.816667 0.218056 0.056250 0.089815
8 0.884896 0.189815 0.043750 0.090741
8 0.865365 0.243056 0.042188 0.099074
8 0.836719 0.293056 0.064062 0.123148
8 0.904167 0.342593 0.082292 0.157407
8 0.962500 0.390278 0.075000 0.191667
8 0.543490 0.145833 0.032813 0.069444
0 0.013021 0.231019 0.025000 0.069444
8 0.029948 0.281019 0.058854 0.165741
0 0.049740 0.144907 0.027604 0.056481
1 0.063021 0.217130 0.034375 0.076852
1 0.080990 0.139352 0.030729 0.065741
1 0.129688 0.134722 0.029167 0.056481
1 0.338542 0.118056 0.018750 0.049074
8 0.345313 0.130556 0.033333 0.074074
2 0.387240 0.125000 0.021354 0.050000
1 0.421615 0.143056 0.022396 0.056481
0 0.452865 0.128241 0.019271 0.049074
0 0.301823 0.156019 0.025521 0.054630
1 0.324740 0.143056 0.021354 0.050926
0 0.337240 0.205556 0.028646 0.055556
1 0.386198 0.210185 0.031771 0.068519
0 0.469792 0.130556 0.022917 0.040741
1 0.538021 0.134259 0.018750 0.044444
1 0.529167 0.168056 0.025000 0.052778
1 0.566146 0.192130 0.023958 0.052778
1 0.526042 0.227315 0.031250 0.076852
0 0.649740 0.206019 0.028646 0.065741
2 0.629167 0.335648 0.050000 0.093519
1 0.543490 0.318519 0.042188 0.103704
2 0.487240 0.349537 0.056771 0.087963
2 0.452865 0.218519 0.035937 0.075926
1 0.318490 0.310185 0.041146 0.081481
1 0.246615 0.347222 0.049479 0.094444
0 0.267188 0.218519 0.037500 0.074074
1 0.202865 0.305556 0.039062 0.083333
0 0.153646 0.292130 0.041667 0.099074
1 0.718490 0.168056 0.019271 0.041667
1 0.746615 0.180093 0.025521 0.052778
1 0.801042 0.169444 0.026042 0.055556
1 0.824219 0.202315 0.023438 0.054630
1 0.892188 0.168056 0.025000 0.050926
1 0.862240 0.230093 0.026562 0.058333
0 0.769792 0.193519 0.022917 0.048148
0 0.837240 0.266204 0.029687 0.062037
0 0.913542 0.301852 0.040625 0.075926
1 0.987500 0.285185 0.025000 0.068519
9 0.969271 0.294907 0.061458 0.093519
