0 0.092188 0.630556 0.073958 0.133333
3 0.046615 0.841667 0.054688 0.050000
0 0.243490 0.580556 0.045312 0.087037
7 0.194792 0.755556 0.068750 0.120370
0 0.341146 0.573148 0.043750 0.081481
3 0.326042 0.709259 0.022917 0.031481
0 0.488021 0.570833 0.041667 0.080556
0 0.607292 0.568519 0.044792 0.088889
3 0.610938 0.707407 0.028125 0.031481
1 0.509896 0.698148 0.065625 0.118519
4 0.535417 0.805556 0.038542 0.051852
0 0.703125 0.605556 0.053125 0.109259
3 0.694792 0.818519 0.035417 0.037037
1 0.841667 0.662037 0.058333 0.118519
5 0.885938 0.826852 0.096875 0.064815
8 0.105990 0.702778 0.132812 0.264815
8 0.246615 0.628241 0.089063 0.162037
8 0.343229 0.626389 0.091667 0.176852
8 0.493750 0.618519 0.096875 0.164815
9 0.531771 0.735185 0.139583 0.194444
8 0.607292 0.618519 0.105208 0.168519
8 0.710417 0.688426 0.134375 0.262037
8 0.854688 0.706019 0.134375 0.217593
9 0.221094 0.747685 0.141146 0.206481
