1 0.119271 0.532407 0.062500 0.116667
6 0.090365 0.640741 0.110937 0.081481
1 0.246615 0.531481 0.057813 0.118519
4 0.217188 0.651852 0.041667 0.059259
0 0.388542 0.486111 0.054167 0.105556
3 0.321094 0.675926 0.032813 0.044444
1 0.434896 0.495370 0.041667 0.090741
0 0.605990 0.493519 0.042188 0.085185
0 0.691146 0.516667 0.035417 0.077778
0 0.794271 0.525926 0.045833 0.088889
1 0.735938 0.583796 0.056250 0.119444
5 0.736719 0.743519 0.095312 0.050000
9 0.142969 0.573611 0.121354 0.175000
8 0.255729 0.583796 0.120833 0.197222
8 0.386198 0.569444 0.152604 0.255556
8 0.444792 0.531944 0.060417 0.149074
8 0.589323 0.540278 0.097396 0.169444
8 0.680469 0.556019 0.089063 0.147222
8 0.730208 0.640741 0.143750 0.205556
8 0.798438 0.567593 0.070833 0.164815
