8 0.072917 0.244444 0.073958 0.127778
8 0.092448 0.159722 0.053646 0.106481
8 0.134115 0.143056 0.057813 0.084259
8 0.379167 0.133333 0.042708 0.081481
8 0.306771 0.178704 0.038542 0.094444
8 0.259115 0.244907 0.078646 0.137963
8 0.341667 0.248148 0.063542 0.144444
9 0.315365 0.310648 0.090104 0.130556
9 0.263542 0.368056 0.127083 0.137963
8 0.165365 0.331019 0.121354 0.182407
8 0.417969 0.156019 0.054688 0.084259
8 0.451042 0.133333 0.031250 0.068519
9 0.396615 0.222685 0.060937 0.093519
8 0.451042 0.255556 0.082292 0.153704
8 0.447917 0.368519 0.097917 0.153704
5 0.514844 0.443056 0.040104 0.037963
8 0.522396 0.187963 0.046875 0.094444
8 0.567969 0.206019 0.048438 0.078704
8 0.518490 0.255556 0.055729 0.142593
8 0.540625 0.351852 0.093750 0.188889
8 0.646615 0.230556 0.057813 0.114815
8 0.599740 0.281481 0.063021 0.100000
8 0.636719 0.363426 0.099479 0.176852
9 0.709115 0.179167 0.039062 0.058333
9 0.732292 0.193056 0.059375 0.082407
8 0.793490 0.180556 0.039062 0.081481
8 0.763542 0.218519 0.052083 0.092593
8 0.816146 0.218519 0.055208 0.092593
8 0.884896 0.189815 0.043750 0.090741
8 0.865365 0.243056 0.040104 0.093519
8 0.836719 0.293056 0.064062 0.123148
8 0.905469 0.343519 0.083854 0.151852
8 0.962500 0.390278 0.075000 0.191667
8 0.544271 0.144907 0.031250 0.069444
9 0.470313 0.222685 0.042708 0.106481
0 0.014844 0.230556 0.028646 0.070370
8 0.029948 0.281019 0.058854 0.165741
1 0.053646 0.159259 0.032292 0.055556
1 0.063542 0.218519 0.033333 0.072222
2 0.080990 0.139352 0.028646 0.062037
1 0.126823 0.131019 0.027604 0.054630
1 0.333594 0.118056 0.020313 0.049074
1 0.374740 0.120370 0.020313 0.046296
1 0.325521 0.144907 0.021875 0.056481
0 0.301042 0.156019 0.026042 0.054630
1 0.421615 0.143519 0.023438 0.057407
0 0.454167 0.123148 0.019792 0.044444
0 0.473438 0.140741 0.023958 0.048148
1 0.538021 0.133333 0.017708 0.044444
2 0.529167 0.169444 0.026042 0.055556
2 0.566667 0.193056 0.026042 0.049074
1 0.526042 0.227778 0.030208 0.075926
0 0.651563 0.206019 0.029167 0.065741
1 0.613542 0.268981 0.033333 0.069444
1 0.461719 0.205556 0.024479 0.062963
1 0.388542 0.217593 0.029167 0.064815
2 0.437240 0.218519 0.032813 0.077778
2 0.341667 0.210185 0.030208 0.068519
2 0.264844 0.218056 0.034896 0.075000
1 0.319792 0.311574 0.040625 0.080556
0 0.196094 0.281481 0.043229 0.088889
1 0.246875 0.347222 0.050000 0.094444
1 0.464844 0.336111 0.042188 0.094444
0 0.542188 0.306019 0.041667 0.099074
1 0.641667 0.322685 0.044792 0.093519
1 0.716667 0.168056 0.019792 0.041667
1 0.746615 0.180556 0.027604 0.051852
1 0.799740 0.166667 0.023438 0.057407
1 0.824740 0.199074 0.023438 0.055556
1 0.892188 0.168056 0.026042 0.050926
0 0.768490 0.197685 0.021354 0.056481
0 0.838021 0.264352 0.028125 0.060185
0 0.914844 0.304167 0.042188 0.073148
1 0.863542 0.231019 0.026042 0.058333
1 0.986719 0.285185 0.026562 0.068519
9 0.967969 0.298148 0.064062 0.094444
