0 0.178646 0.593519 0.064583 0.114815
3 0.140365 0.768519 0.029687 0.040741
1 0.276562 0.564815 0.037500 0.074074
4 0.273438 0.640741 0.033333 0.037037
0 0.319792 0.583333 0.058333 0.133333
4 0.294271 0.755556 0.062500 0.074074
1 0.403646 0.560185 0.043750 0.094444
4 0.391146 0.651852 0.039583 0.062963
1 0.573438 0.563889 0.037500 0.072222
1 0.599219 0.607407 0.048438 0.129630
4 0.601042 0.772222 0.068750 0.055556
0 0.740365 0.540741 0.060937 0.100000
3 0.747917 0.793519 0.037500 0.046296
0 0.889583 0.607407 0.069792 0.118519
5 0.921875 0.800000 0.137500 0.068519
8 0.179688 0.650463 0.141667 0.230556
8 0.318750 0.651389 0.139583 0.254630
8 0.407292 0.598611 0.087500 0.162037
8 0.592708 0.671296 0.144792 0.250000
8 0.737500 0.639815 0.131250 0.301852
8 0.871094 0.668519 0.142187 0.244444
9 0.271615 0.596296 0.066146 0.138889
9 0.559115 0.604167 0.079687 0.139815
