7 0.113021 0.753704 0.066667 0.107407
3 0.059115 0.830556 0.032813 0.037037
0 0.232292 0.597685 0.038542 0.080556
4 0.206771 0.681481 0.040625 0.038889
7 0.244792 0.735648 0.062500 0.119444
1 0.349740 0.593519 0.043229 0.085185
4 0.338021 0.680556 0.033333 0.051852
1 0.522917 0.618519 0.037500 0.074074
3 0.528646 0.700926 0.037500 0.024074
1 0.630990 0.607407 0.042188 0.087037
6 0.629167 0.694907 0.066667 0.043519
0 0.752865 0.593519 0.057813 0.112963
3 0.754167 0.818056 0.038542 0.043519
0 0.876042 0.625926 0.059375 0.111111
5 0.938021 0.844907 0.116667 0.069444
8 0.227865 0.621759 0.089063 0.156481
8 0.356771 0.633796 0.082292 0.162037
8 0.514844 0.648148 0.105729 0.131481
8 0.626823 0.638889 0.100521 0.135185
8 0.731250 0.683333 0.171875 0.274074
8 0.884115 0.694907 0.122396 0.249074
9 0.110417 0.743519 0.166667 0.179630
9 0.257292 0.747222 0.146875 0.205556
