1 0.018229 0.466667 0.035417 0.118519
5 0.026823 0.579630 0.052604 0.077778
1 0.172917 0.487963 0.062500 0.118519
4 0.154688 0.597222 0.043750 0.068519
0 0.317188 0.437037 0.058333 0.105556
4 0.251563 0.605556 0.035417 0.062963
0 0.348438 0.438889 0.033333 0.062963
0 0.532813 0.449074 0.039583 0.081481
0 0.638542 0.492593 0.043750 0.066667
0 0.678125 0.505556 0.043750 0.116667
0 0.709375 0.483333 0.034375 0.074074
5 0.665365 0.677778 0.085938 0.051852
9 0.059375 0.517130 0.115625 0.204630
8 0.180208 0.533796 0.119792 0.199074
8 0.315625 0.514352 0.160417 0.243519
8 0.371615 0.493056 0.067187 0.158333
8 0.522396 0.500000 0.096875 0.168519
8 0.616146 0.523148 0.087500 0.125926
8 0.665104 0.568981 0.135417 0.213889
8 0.719792 0.528241 0.051042 0.152778
