0 0.138542 0.477778 0.054167 0.100000
5 0.090365 0.643519 0.107813 0.059259
0 0.256771 0.504630 0.054167 0.105556
4 0.204167 0.649074 0.041667 0.064815
0 0.385417 0.483333 0.055208 0.096296
3 0.321094 0.676852 0.032813 0.038889
0 0.439063 0.494444 0.037500 0.077778
7 0.607812 0.569444 0.050000 0.090741
7 0.709896 0.564815 0.047917 0.088889
7 0.810417 0.612037 0.053125 0.094444
7 0.752865 0.671296 0.060937 0.109259
8 0.133854 0.544907 0.148958 0.225000
8 0.249740 0.561574 0.130729 0.221296
8 0.385417 0.569444 0.119792 0.250000
8 0.447135 0.537500 0.071354 0.154630
9 0.601562 0.576852 0.104167 0.125926
9 0.706250 0.581019 0.103125 0.117593
9 0.746354 0.668056 0.165625 0.180556
9 0.815885 0.609722 0.103646 0.112037
