8 0.068490 0.248611 0.089063 0.130556
8 0.052865 0.171759 0.070312 0.130556
8 0.136719 0.148148 0.051562 0.070370
8 0.379688 0.143056 0.040625 0.065741
8 0.419792 0.156019 0.054167 0.082407
8 0.476042 0.219907 0.055208 0.125000
8 0.523438 0.181944 0.046875 0.108333
8 0.548438 0.145833 0.032292 0.075000
9 0.574219 0.217130 0.050521 0.060185
8 0.630990 0.229167 0.053646 0.106481
8 0.646094 0.368519 0.136979 0.175926
8 0.605990 0.331481 0.072396 0.125926
9 0.596615 0.290278 0.065104 0.095370
8 0.538542 0.355556 0.094792 0.175926
8 0.444792 0.354630 0.101042 0.179630
9 0.447917 0.279167 0.073958 0.115741
9 0.397917 0.225463 0.061458 0.087963
8 0.324740 0.315278 0.073438 0.165741
8 0.343750 0.249074 0.046875 0.131481
8 0.276042 0.243056 0.073958 0.110185
8 0.273438 0.352315 0.113542 0.171296
8 0.216667 0.308796 0.073958 0.136111
8 0.165365 0.337963 0.098437 0.181481
9 0.710417 0.179630 0.037500 0.057407
9 0.730990 0.193519 0.060937 0.075926
8 0.764844 0.218519 0.048438 0.096296
8 0.809115 0.218519 0.044271 0.087037
8 0.874219 0.189352 0.055729 0.084259
8 0.839063 0.294444 0.069792 0.120370
8 0.893490 0.348611 0.097396 0.156481
8 0.958073 0.368056 0.083854 0.208333
9 0.092188 0.166204 0.059375 0.108333
5 0.515365 0.443519 0.038021 0.035185
5 0.257292 0.418519 0.073958 0.029630
1 0.062500 0.224537 0.034375 0.080556
0 0.051042 0.136111 0.029167 0.055556
1 0.077865 0.143056 0.027604 0.060185
1 0.126042 0.143056 0.023958 0.056481
2 0.343490 0.133333 0.026562 0.055556
1 0.376042 0.133796 0.019792 0.050926
1 0.421615 0.143981 0.023438 0.058333
1 0.306771 0.160648 0.026042 0.056481
8 0.305469 0.168056 0.041146 0.078704
0 0.334896 0.217130 0.029167 0.065741
1 0.310417 0.281944 0.042708 0.091667
1 0.294792 0.226389 0.036458 0.076852
1 0.209896 0.289815 0.040625 0.087037
1 0.266667 0.317130 0.042708 0.093519
0 0.164323 0.293519 0.046354 0.094444
1 0.391667 0.215741 0.031250 0.064815
0 0.441146 0.111111 0.020833 0.044444
8 0.444792 0.130093 0.030208 0.082407
2 0.470313 0.136111 0.025000 0.053704
1 0.464844 0.196759 0.030729 0.069444
1 0.522396 0.157407 0.026042 0.059259
0 0.548438 0.138426 0.019792 0.050926
1 0.579167 0.170370 0.028125 0.048148
9 0.569792 0.174074 0.055208 0.068519
1 0.579688 0.215278 0.025000 0.054630
0 0.544792 0.316204 0.040625 0.095370
1 0.452865 0.315278 0.039062 0.091667
1 0.441667 0.256019 0.034375 0.067593
0 0.627344 0.205556 0.026562 0.059259
1 0.651042 0.337037 0.047917 0.105556
1 0.622917 0.312037 0.034375 0.081481
4 0.655469 0.431019 0.052604 0.043519
1 0.718490 0.173148 0.019271 0.044444
1 0.745313 0.181944 0.026042 0.052778
2 0.771615 0.193981 0.024479 0.052778
2 0.807292 0.203704 0.023958 0.051852
1 0.886719 0.175000 0.026562 0.055556
1 0.858594 0.276389 0.029687 0.073148
6 0.846615 0.341204 0.043229 0.030556
1 0.919792 0.316204 0.041667 0.084259
0 0.988021 0.308333 0.023958 0.094444
5 0.979167 0.468519 0.039583 0.031481
