1 0.151042 0.656481 0.037500 0.081481
4 0.125521 0.720370 0.054167 0.038889
7 0.226562 0.692593 0.055208 0.081481
7 0.303646 0.688889 0.053125 0.088889
1 0.396615 0.618519 0.045312 0.081481
6 0.372917 0.724537 0.066667 0.056481
1 0.569792 0.651852 0.038542 0.074074
4 0.566667 0.719444 0.040625 0.037037
1 0.756771 0.616667 0.044792 0.088889
4 0.767188 0.698611 0.050000 0.054630
7 0.875000 0.772685 0.075000 0.130556
1 0.689063 0.688426 0.058333 0.130556
4 0.696094 0.833333 0.082812 0.064815
9 0.230990 0.683796 0.102604 0.123148
9 0.313542 0.689352 0.086458 0.099074
9 0.558854 0.680093 0.101042 0.119444
9 0.865365 0.775000 0.159896 0.183333
9 0.149740 0.677778 0.101562 0.135185
8 0.398698 0.659259 0.092188 0.153704
8 0.688021 0.747222 0.163542 0.244444
8 0.754167 0.651852 0.097917 0.162963
