0 0.185938 0.593519 0.062500 0.105556
3 0.139063 0.766667 0.035417 0.037037
1 0.288542 0.572222 0.041667 0.088889
4 0.280990 0.641667 0.042188 0.038889
0 0.331250 0.572222 0.056250 0.125926
3 0.293490 0.762963 0.045312 0.044444
1 0.398438 0.566667 0.045833 0.096296
4 0.392969 0.648148 0.039062 0.055556
0 0.573438 0.562037 0.033333 0.090741
1 0.597396 0.618519 0.056250 0.125926
4 0.597917 0.768519 0.070833 0.068519
1 0.719792 0.574074 0.053125 0.129630
4 0.726042 0.687963 0.052083 0.057407
1 0.763021 0.569444 0.041667 0.087037
2 0.833594 0.622222 0.067187 0.118519
5 0.910417 0.806481 0.145833 0.061111
8 0.185938 0.652315 0.136458 0.223148
8 0.333073 0.647222 0.119271 0.255556
8 0.558594 0.598148 0.075521 0.155556
8 0.594531 0.676389 0.141146 0.236111
8 0.726823 0.650463 0.136979 0.265741
8 0.771615 0.604167 0.063021 0.152778
8 0.857812 0.681019 0.139583 0.225000
9 0.281510 0.601389 0.071354 0.125000
9 0.409896 0.600000 0.084375 0.164815
