1 0.148438 0.653704 0.043750 0.077778
4 0.125521 0.720370 0.050000 0.038889
7 0.229687 0.693519 0.051042 0.077778
7 0.306771 0.688889 0.054167 0.088889
1 0.395313 0.617593 0.048958 0.087037
6 0.378125 0.718519 0.071875 0.055556
1 0.569792 0.655556 0.043750 0.066667
4 0.566667 0.718519 0.036458 0.046296
1 0.757292 0.616667 0.043750 0.081481
4 0.759115 0.702778 0.051562 0.053704
1 0.689063 0.690741 0.060417 0.129630
4 0.694792 0.830556 0.077083 0.066667
7 0.877344 0.780556 0.079687 0.125926
9 0.232813 0.682870 0.097917 0.115741
9 0.313021 0.692593 0.086458 0.088889
9 0.559635 0.681481 0.103646 0.118519
9 0.862500 0.778704 0.156250 0.190741
9 0.147396 0.679167 0.095833 0.128704
8 0.399740 0.660185 0.091146 0.157407
8 0.687240 0.747685 0.159896 0.245370
8 0.757292 0.651389 0.091667 0.149074
