8 0.069271 0.247222 0.089583 0.131481
8 0.048438 0.184722 0.066667 0.106481
8 0.134115 0.143981 0.051562 0.073148
8 0.329688 0.143056 0.038542 0.095370
8 0.379688 0.143056 0.040625 0.065741
8 0.419792 0.156019 0.054167 0.082407
8 0.476042 0.218981 0.055208 0.125000
8 0.523438 0.181019 0.048958 0.110185
8 0.551042 0.144444 0.037500 0.077778
9 0.574219 0.217130 0.050521 0.060185
8 0.630990 0.229167 0.053646 0.106481
8 0.646094 0.369444 0.136979 0.175926
8 0.602865 0.330556 0.069271 0.122222
9 0.596615 0.286574 0.065104 0.093519
8 0.538542 0.355556 0.094792 0.175926
8 0.444792 0.355093 0.097917 0.182407
8 0.449219 0.277315 0.075521 0.115741
9 0.397917 0.225463 0.061458 0.087963
8 0.324740 0.310648 0.073438 0.156481
8 0.343750 0.252778 0.046875 0.137037
8 0.274740 0.242130 0.074479 0.115741
8 0.274219 0.345833 0.108854 0.169444
8 0.217969 0.295370 0.074479 0.162963
8 0.165365 0.336574 0.098437 0.180556
9 0.710417 0.179630 0.037500 0.057407
9 0.731771 0.193519 0.060417 0.075926
8 0.764844 0.215741 0.048438 0.096296
8 0.809115 0.218519 0.044271 0.087037
8 0.877865 0.193056 0.060937 0.073148
8 0.839063 0.294907 0.072917 0.123148
8 0.900521 0.335185 0.077083 0.155556
8 0.957292 0.368056 0.084375 0.208333
9 0.092188 0.168056 0.059375 0.104630
5 0.515365 0.443519 0.038021 0.035185
5 0.257292 0.418519 0.073958 0.029630
1 0.062240 0.226852 0.034896 0.077778
1 0.044792 0.167593 0.033333 0.064815
1 0.077865 0.144444 0.029687 0.061111
1 0.124740 0.143056 0.025521 0.058333
2 0.330469 0.122685 0.026562 0.054630
1 0.376042 0.132870 0.019792 0.050926
1 0.423438 0.143056 0.023958 0.056481
1 0.465365 0.193056 0.028646 0.069444
0 0.441146 0.113889 0.020833 0.050000
8 0.446094 0.130556 0.029687 0.088889
2 0.470313 0.135648 0.026042 0.054630
1 0.391667 0.216204 0.030208 0.065741
0 0.335417 0.215741 0.029167 0.064815
0 0.291667 0.219444 0.034375 0.077778
1 0.309115 0.284259 0.040104 0.094444
1 0.270573 0.311574 0.044271 0.093519
0 0.163021 0.295370 0.044792 0.100000
1 0.201823 0.267130 0.041146 0.095370
1 0.301563 0.164815 0.026042 0.061111
0 0.522917 0.156481 0.026042 0.055556
2 0.554167 0.131019 0.021875 0.047222
1 0.579167 0.169444 0.026042 0.050000
9 0.569792 0.172685 0.053125 0.069444
1 0.580990 0.214815 0.025521 0.053704
0 0.628646 0.205556 0.026042 0.064815
1 0.451042 0.312037 0.039583 0.094444
0 0.544792 0.315741 0.039583 0.092593
1 0.651823 0.339815 0.047396 0.101852
1 0.620313 0.310185 0.034375 0.081481
4 0.654167 0.431019 0.055208 0.045370
1 0.717969 0.172222 0.018229 0.044444
1 0.745313 0.181019 0.023958 0.052778
2 0.771615 0.193519 0.023438 0.050000
2 0.807813 0.203704 0.026042 0.051852
1 0.891146 0.180556 0.029167 0.051852
1 0.855990 0.272685 0.030729 0.069444
6 0.846094 0.341204 0.042188 0.032407
0 0.915365 0.299074 0.039062 0.081481
0 0.985938 0.306019 0.027083 0.089815
5 0.979167 0.468056 0.038542 0.028704
