1 0.035417 0.468519 0.064583 0.118519
5 0.041146 0.583333 0.081250 0.081481
1 0.197917 0.487500 0.057292 0.119444
4 0.181771 0.598611 0.045833 0.056481
1 0.321094 0.455556 0.057813 0.125926
4 0.280990 0.585648 0.042188 0.054630
5 0.281771 0.635648 0.120833 0.043519
0 0.372396 0.443519 0.035417 0.072222
0 0.555729 0.450463 0.038542 0.076852
2 0.639062 0.475926 0.039583 0.079630
0 0.701042 0.509722 0.048958 0.106481
5 0.691667 0.679630 0.083333 0.055556
9 0.072135 0.516204 0.141146 0.202778
8 0.207292 0.526389 0.123958 0.186111
8 0.339062 0.518056 0.147917 0.236111
8 0.390365 0.493519 0.074479 0.155556
8 0.544792 0.494907 0.095833 0.169444
8 0.632292 0.512037 0.080208 0.144444
8 0.688542 0.569907 0.136458 0.219444
8 0.738021 0.531481 0.063542 0.148148
