0 0.163542 0.636111 0.059375 0.105556
3 0.061719 0.837963 0.035937 0.042593
0 0.225521 0.592593 0.041667 0.088889
0 0.281771 0.616667 0.054167 0.114815
3 0.233594 0.832407 0.042188 0.053704
0 0.350521 0.571296 0.040625 0.087037
1 0.519792 0.611111 0.039583 0.081481
4 0.527865 0.689815 0.054688 0.046296
1 0.632292 0.611111 0.043750 0.081481
6 0.634896 0.700926 0.072917 0.055556
0 0.746094 0.586111 0.057813 0.105556
0 0.869271 0.617593 0.054167 0.087037
5 0.939063 0.849074 0.118750 0.064815
3 0.757812 0.831481 0.037500 0.051852
8 0.156510 0.704167 0.114062 0.228704
8 0.227865 0.621296 0.070312 0.124074
8 0.294010 0.687963 0.128646 0.248148
8 0.360156 0.622685 0.088021 0.171296
8 0.515885 0.635185 0.114062 0.148148
8 0.634635 0.639352 0.099479 0.156481
8 0.736458 0.685185 0.165625 0.288889
8 0.878646 0.699537 0.126042 0.252778
