8 0.066667 0.234259 0.085417 0.131481
8 0.089063 0.162037 0.053125 0.118519
8 0.138542 0.135648 0.056250 0.093519
8 0.380990 0.141667 0.042188 0.062963
8 0.305990 0.176389 0.039062 0.093519
8 0.338542 0.249074 0.053125 0.144444
8 0.274740 0.352778 0.108854 0.172222
8 0.164844 0.336574 0.096354 0.180556
8 0.420573 0.155556 0.053646 0.083333
8 0.398438 0.218519 0.062500 0.103704
8 0.449740 0.261111 0.077604 0.131481
8 0.441667 0.343981 0.104167 0.186111
5 0.514844 0.443056 0.040104 0.037963
8 0.568490 0.204167 0.045312 0.082407
8 0.534115 0.349537 0.089063 0.193519
8 0.630990 0.228704 0.057813 0.109259
8 0.634896 0.372222 0.097917 0.155556
9 0.710938 0.177778 0.037500 0.053704
9 0.744271 0.186111 0.051042 0.081481
9 0.793490 0.187500 0.036979 0.069444
8 0.763021 0.216204 0.048958 0.093519
8 0.815365 0.217593 0.055729 0.088889
8 0.884115 0.189815 0.042188 0.088889
8 0.838021 0.293056 0.069792 0.123148
8 0.901823 0.335648 0.081771 0.167593
8 0.960417 0.368519 0.079167 0.212963
8 0.552865 0.161574 0.031771 0.093519
8 0.038542 0.157870 0.044792 0.087963
8 0.330990 0.145833 0.040104 0.086111
8 0.476042 0.219907 0.048958 0.119444
9 0.212240 0.320370 0.066146 0.111111
8 0.525000 0.193056 0.050000 0.082407
0 0.057813 0.205556 0.033333 0.066667
1 0.040365 0.147685 0.028646 0.056481
2 0.076563 0.131944 0.028125 0.060185
1 0.131771 0.118981 0.023958 0.060185
0 0.329167 0.131019 0.021875 0.054630
1 0.379167 0.132407 0.021875 0.048148
1 0.423438 0.143981 0.023958 0.060185
0 0.299740 0.155556 0.024479 0.053704
0 0.335938 0.211574 0.033333 0.058333
1 0.277865 0.310648 0.043229 0.093519
1 0.201042 0.309259 0.036458 0.081481
0 0.160938 0.293519 0.043750 0.094444
1 0.292448 0.261111 0.041146 0.090741
8 0.316146 0.296296 0.085417 0.162963
1 0.397917 0.201852 0.030208 0.064815
0 0.447917 0.232407 0.033333 0.074074
0 0.466146 0.193519 0.026042 0.062963
0 0.480990 0.140278 0.022396 0.045370
8 0.489063 0.162037 0.036458 0.094444
1 0.530990 0.180556 0.023438 0.057407
0 0.551042 0.143519 0.022917 0.055556
1 0.529948 0.242130 0.033854 0.062037
0 0.437240 0.293519 0.043229 0.081481
0 0.534115 0.299537 0.042188 0.093519
1 0.642188 0.347222 0.045833 0.094444
1 0.621615 0.311574 0.032813 0.080556
9 0.604688 0.337037 0.066667 0.131481
9 0.591667 0.293056 0.069792 0.100926
1 0.610938 0.277778 0.032292 0.064815
0 0.569792 0.190741 0.023958 0.051852
0 0.634115 0.206019 0.028646 0.063889
1 0.716667 0.172685 0.019792 0.043519
1 0.755990 0.173148 0.026562 0.055556
1 0.769792 0.194444 0.023958 0.050000
1 0.796094 0.181019 0.026562 0.056481
1 0.823698 0.199074 0.024479 0.055556
0 0.849740 0.262500 0.027604 0.056481
1 0.892188 0.169444 0.025000 0.051852
0 0.909115 0.290741 0.039062 0.072222
0 0.980469 0.311111 0.039062 0.094444
5 0.255469 0.411574 0.073438 0.058333
