0 0.166667 0.630556 0.071875 0.125926
3 0.143490 0.801852 0.042188 0.040741
1 0.317188 0.589815 0.043750 0.064815
1 0.319271 0.655556 0.055208 0.112963
5 0.273438 0.780556 0.094792 0.059259
0 0.392188 0.587037 0.041667 0.094444
6 0.401042 0.705556 0.079167 0.048148
0 0.569271 0.555556 0.037500 0.072222
2 0.585938 0.640741 0.061458 0.111111
3 0.597917 0.818519 0.029167 0.035185
1 0.663542 0.597222 0.041667 0.094444
4 0.671615 0.680556 0.051562 0.046296
1 0.784115 0.618519 0.057813 0.124074
4 0.807813 0.779630 0.041667 0.062963
1 0.927344 0.645370 0.064062 0.112963
5 0.964844 0.818519 0.070312 0.051852
8 0.177865 0.690278 0.134896 0.221296
8 0.328646 0.707870 0.130208 0.189815
8 0.328385 0.606019 0.069271 0.087963
8 0.415104 0.630556 0.096875 0.175926
8 0.549219 0.606944 0.077604 0.169444
8 0.594792 0.710185 0.117708 0.218519
8 0.669792 0.626852 0.097917 0.162963
8 0.776042 0.683796 0.147917 0.239815
8 0.935417 0.703704 0.129167 0.218519
