1 0.148438 0.630556 0.048958 0.088889
0 0.235417 0.593519 0.047917 0.088889
4 0.139063 0.705556 0.048958 0.044444
4 0.213542 0.705556 0.047917 0.050000
2 0.327344 0.580556 0.045312 0.079630
3 0.291146 0.723611 0.027083 0.030556
1 0.392188 0.605556 0.046875 0.087037
6 0.378646 0.718519 0.084375 0.048148
2 0.584635 0.599074 0.043229 0.083333
4 0.569792 0.704630 0.038542 0.042593
0 0.694792 0.568519 0.045833 0.090741
4 0.669792 0.681481 0.052083 0.064815
0 0.788021 0.590741 0.050000 0.096296
2 0.851042 0.630556 0.077083 0.120370
4 0.791667 0.693519 0.053125 0.053704
4 0.863542 0.818519 0.087500 0.064815
9 0.153125 0.656019 0.103125 0.125000
8 0.235417 0.640278 0.108333 0.171296
8 0.322917 0.628704 0.077083 0.162963
8 0.404687 0.651852 0.101042 0.161111
8 0.572396 0.640278 0.110417 0.158333
8 0.681771 0.625000 0.098958 0.185185
8 0.780469 0.630556 0.097396 0.166667
8 0.890365 0.718056 0.195312 0.273148
