5 0.233594 0.137500 0.028646 0.013889
1 0.241406 0.097685 0.015104 0.030556
8 0.245312 0.108796 0.038542 0.054630
4 0.388802 0.077315 0.014063 0.013889
1 0.395313 0.048148 0.014583 0.031481
8 0.388021 0.057407 0.047917 0.053704
5 0.425781 0.077315 0.022396 0.013889
5 0.536979 0.032870 0.013542 0.012037
4 0.570573 0.031481 0.010937 0.012963
5 0.674740 0.312037 0.032813 0.040741
6 0.707292 0.310648 0.039583 0.032407
1 0.706250 0.238889 0.021875 0.046296
8 0.703906 0.262500 0.061979 0.102778
5 0.899219 0.391667 0.020313 0.027778
