6 0.233073 0.134259 0.028646 0.020370
1 0.237500 0.104167 0.015625 0.028704
9 0.244271 0.112963 0.040625 0.046296
1 0.392448 0.049537 0.017188 0.026852
9 0.392448 0.058333 0.052604 0.048148
5 0.426042 0.076852 0.022917 0.011111
5 0.536979 0.032870 0.013542 0.012037
4 0.567187 0.033333 0.009375 0.012963
5 0.669792 0.307870 0.021875 0.030556
6 0.721354 0.312500 0.042708 0.037963
1 0.706510 0.231481 0.022396 0.050000
8 0.708854 0.262500 0.069792 0.112037
5 0.899479 0.391667 0.019792 0.025926
