5 0.234635 0.137500 0.029687 0.013889
1 0.239323 0.101852 0.014063 0.027778
8 0.244792 0.111111 0.037500 0.050000
1 0.394010 0.046296 0.014063 0.029630
8 0.395573 0.055556 0.046354 0.048148
5 0.425781 0.077315 0.022396 0.012037
5 0.536719 0.032870 0.013021 0.010185
4 0.567708 0.032870 0.010417 0.013889
5 0.669792 0.307407 0.021875 0.031481
6 0.698438 0.306481 0.044792 0.033333
5 0.721354 0.319907 0.035417 0.026852
1 0.709115 0.231481 0.022396 0.046296
8 0.698177 0.257407 0.061979 0.101852
5 0.899219 0.391204 0.019271 0.026852
