5 0.234375 0.137500 0.029167 0.012037
1 0.241406 0.094907 0.014063 0.028704
8 0.244531 0.108333 0.039062 0.057407
4 0.389583 0.075926 0.015625 0.014815
1 0.395052 0.046759 0.015104 0.030556
8 0.388542 0.056944 0.046875 0.052778
5 0.425781 0.077315 0.023438 0.013889
5 0.536979 0.032407 0.013542 0.011111
4 0.566406 0.030556 0.009896 0.012963
8 0.572656 0.018519 0.045312 0.035185
5 0.674740 0.312500 0.032813 0.039815
6 0.706771 0.310185 0.039583 0.033333
1 0.716406 0.250926 0.023438 0.040741
8 0.705729 0.262037 0.061458 0.096296
5 0.898958 0.390741 0.019792 0.025926
