6 0.232552 0.133333 0.029687 0.022222
1 0.243750 0.096296 0.013542 0.029630
8 0.244792 0.110185 0.040625 0.061111
1 0.391406 0.053704 0.017188 0.029630
9 0.388021 0.060648 0.044792 0.045370
5 0.426042 0.077778 0.022917 0.012963
5 0.536979 0.032870 0.013542 0.010185
4 0.567708 0.031944 0.009375 0.013889
5 0.669531 0.308333 0.022396 0.031481
6 0.721094 0.317130 0.039062 0.026852
1 0.715365 0.256944 0.022396 0.047222
9 0.710677 0.264352 0.063021 0.091667
5 0.898958 0.391204 0.019792 0.026852
