6 0.238802 0.133796 0.016146 0.019444
1 0.239844 0.097222 0.015104 0.027778
8 0.246615 0.110185 0.039062 0.055556
1 0.389583 0.055093 0.016667 0.030556
9 0.388542 0.062037 0.041667 0.044444
5 0.425260 0.077315 0.023438 0.012037
5 0.536979 0.032870 0.013542 0.012037
4 0.569531 0.031019 0.008854 0.013889
5 0.669531 0.307870 0.021354 0.030556
6 0.697396 0.302778 0.034375 0.042593
5 0.723177 0.316204 0.040104 0.036111
1 0.714063 0.253241 0.025000 0.041667
9 0.701042 0.259259 0.069792 0.090741
5 0.898958 0.390741 0.019792 0.025926
