6 0.232813 0.133796 0.030208 0.019444
1 0.240365 0.105093 0.015104 0.028704
9 0.245312 0.112037 0.041667 0.048148
1 0.392708 0.055556 0.015625 0.029630
9 0.388021 0.061111 0.043750 0.042593
5 0.425781 0.077778 0.023438 0.012963
5 0.536979 0.032870 0.013542 0.012037
4 0.568229 0.032407 0.009375 0.012963
5 0.669792 0.307870 0.021875 0.032407
6 0.694531 0.301852 0.040104 0.042593
6 0.727344 0.306481 0.028646 0.046296
1 0.710417 0.242593 0.022917 0.044444
8 0.696875 0.258796 0.065625 0.100926
5 0.899219 0.391667 0.020313 0.025926
