6 0.239063 0.134259 0.016667 0.020370
1 0.244792 0.101389 0.013542 0.028704
9 0.245052 0.111574 0.041146 0.052778
1 0.390885 0.056019 0.016146 0.028704
9 0.388802 0.061111 0.044271 0.044444
5 0.424740 0.077778 0.024479 0.012963
5 0.536979 0.032407 0.013542 0.011111
4 0.568750 0.030556 0.011458 0.014815
5 0.669531 0.307870 0.022396 0.032407
6 0.696875 0.305556 0.038542 0.042593
5 0.723177 0.316204 0.040104 0.034259
1 0.714583 0.251389 0.023958 0.041667
8 0.699219 0.257870 0.063021 0.089815
5 0.898958 0.390741 0.018750 0.025926
