1 0.239844 0.104630 0.014063 0.027778
9 0.242969 0.113889 0.044271 0.050000
4 0.394271 0.079630 0.020833 0.012963
1 0.398177 0.047685 0.014063 0.028704
9 0.397917 0.058796 0.050000 0.052778
5 0.536719 0.032407 0.013021 0.011111
4 0.570052 0.029630 0.009896 0.014815
5 0.669531 0.306944 0.021354 0.032407
5 0.697135 0.308796 0.036979 0.030556
5 0.723958 0.318519 0.039583 0.033333
1 0.706510 0.231019 0.022396 0.045370
8 0.694010 0.251852 0.058854 0.090741
5 0.899219 0.391204 0.020313 0.026852
