6 0.240625 0.133333 0.014583 0.022222
1 0.245312 0.100463 0.013542 0.028704
9 0.247656 0.111111 0.038021 0.051852
1 0.391406 0.056481 0.017188 0.029630
9 0.388281 0.062963 0.044271 0.044444
5 0.425781 0.078241 0.022396 0.013889
5 0.536979 0.032870 0.013542 0.010185
4 0.569271 0.030556 0.011458 0.012963
1 0.714844 0.252778 0.023438 0.040741
5 0.669792 0.308333 0.021875 0.031481
6 0.695573 0.305556 0.038021 0.040741
5 0.722917 0.315741 0.038542 0.033333
8 0.700521 0.256944 0.061458 0.086111
5 0.899219 0.391204 0.020313 0.026852
