6 0.238802 0.135185 0.015104 0.022222
1 0.244010 0.093056 0.014063 0.030556
8 0.244271 0.107407 0.042708 0.059259
6 0.386458 0.081944 0.022917 0.017593
1 0.399479 0.047685 0.014583 0.028704
9 0.397656 0.059259 0.049479 0.051852
5 0.426042 0.078241 0.022917 0.013889
5 0.536979 0.032407 0.013542 0.011111
4 0.569531 0.029630 0.008854 0.014815
5 0.669531 0.307407 0.022396 0.031481
6 0.722396 0.310648 0.040625 0.045370
1 0.714583 0.233796 0.022917 0.045370
8 0.701302 0.256944 0.061979 0.099074
5 0.899479 0.391667 0.019792 0.027778
