5 0.241406 0.139815 0.016146 0.012963
1 0.242188 0.101852 0.014583 0.029630
9 0.244531 0.110648 0.039062 0.049074
1 0.398438 0.043519 0.014583 0.031481
8 0.395313 0.054167 0.041667 0.050926
5 0.426042 0.077778 0.022917 0.012963
5 0.386458 0.084722 0.022917 0.012037
5 0.536719 0.033333 0.013021 0.009259
4 0.568229 0.030556 0.009375 0.012963
5 0.666406 0.299074 0.040104 0.040741
5 0.700781 0.303241 0.039062 0.032407
5 0.725000 0.313889 0.036458 0.031481
1 0.670052 0.248611 0.023438 0.043519
9 0.665625 0.250463 0.076042 0.080556
5 0.898958 0.391204 0.019792 0.026852
