5 0.241406 0.138889 0.016146 0.014815
1 0.240625 0.094444 0.013542 0.029630
8 0.244531 0.107870 0.039062 0.054630
1 0.393750 0.033796 0.014583 0.030556
5 0.425781 0.077778 0.023438 0.012963
8 0.397656 0.049537 0.046354 0.062037
5 0.536719 0.031944 0.014063 0.012037
4 0.571094 0.030556 0.010937 0.012963
5 0.666406 0.300463 0.040104 0.037963
6 0.702344 0.300000 0.041146 0.037037
5 0.725521 0.314815 0.034375 0.031481
1 0.703646 0.231481 0.021875 0.046296
8 0.695573 0.252315 0.059896 0.091667
5 0.899479 0.391667 0.019792 0.025926
