5 0.241406 0.139815 0.017188 0.014815
1 0.241927 0.100926 0.015104 0.027778
9 0.245052 0.111111 0.039062 0.048148
1 0.397656 0.025926 0.014063 0.031481
8 0.394792 0.044907 0.042708 0.069444
5 0.426042 0.077778 0.021875 0.012963
5 0.536719 0.032407 0.013021 0.011111
4 0.567969 0.029167 0.009896 0.013889
5 0.665885 0.298611 0.039062 0.041667
5 0.700781 0.302778 0.040104 0.031481
5 0.724740 0.314352 0.034896 0.032407
2 0.680729 0.238426 0.023958 0.043519
8 0.668490 0.248148 0.075521 0.083333
5 0.898958 0.391204 0.019792 0.025000
