5 0.241406 0.139815 0.016146 0.014815
1 0.240104 0.099074 0.014583 0.029630
9 0.243229 0.112037 0.040625 0.057407
6 0.385937 0.081944 0.022917 0.019444
1 0.397396 0.044907 0.014583 0.028704
8 0.395833 0.056019 0.043750 0.054630
5 0.425521 0.077778 0.023958 0.014815
5 0.536979 0.032407 0.013542 0.011111
4 0.569010 0.031944 0.009896 0.012037
4 0.723177 0.062500 0.011979 0.012037
1 0.718750 0.026852 0.013542 0.027778
8 0.716406 0.039815 0.034896 0.055556
6 0.704427 0.300000 0.039062 0.037037
1 0.703646 0.244907 0.022917 0.047222
8 0.695052 0.258333 0.072396 0.090741
5 0.861719 0.381944 0.029687 0.032407
4 0.901563 0.383796 0.016667 0.017593
1 0.898958 0.322685 0.018750 0.045370
8 0.885677 0.344907 0.049479 0.093519
