5 0.241667 0.140278 0.015625 0.013889
1 0.241667 0.099074 0.012500 0.029630
8 0.244271 0.109259 0.038542 0.050000
1 0.397917 0.043056 0.014583 0.030556
8 0.398698 0.053704 0.042188 0.053704
5 0.386198 0.084722 0.022396 0.013889
5 0.425781 0.077315 0.022396 0.013889
5 0.536979 0.032870 0.013542 0.010185
4 0.571354 0.030093 0.011458 0.012037
6 0.702083 0.304167 0.038542 0.032407
1 0.711979 0.252315 0.020833 0.041667
8 0.698438 0.263889 0.062500 0.105556
5 0.899479 0.391667 0.019792 0.025926
