5 0.242188 0.140278 0.016667 0.013889
1 0.241667 0.098611 0.014583 0.028704
9 0.244010 0.110648 0.041146 0.054630
6 0.385417 0.081019 0.022917 0.017593
1 0.398698 0.043519 0.015104 0.029630
8 0.396354 0.054630 0.043750 0.053704
5 0.425521 0.078241 0.022917 0.013889
5 0.536458 0.032870 0.013542 0.010185
4 0.570312 0.031481 0.010417 0.012963
6 0.702083 0.299074 0.044792 0.044444
1 0.704688 0.221759 0.021875 0.045370
8 0.699479 0.253704 0.063542 0.109259
1 0.717969 0.020370 0.013021 0.027778
8 0.712500 0.033333 0.033333 0.057407
5 0.899219 0.390741 0.020313 0.025926
5 0.861458 0.381944 0.029167 0.032407
