5 0.242188 0.139352 0.015625 0.013889
1 0.239063 0.098611 0.014583 0.030556
9 0.244010 0.109259 0.039062 0.051852
6 0.386198 0.081481 0.022396 0.016667
1 0.396094 0.046296 0.014063 0.029630
8 0.395833 0.057407 0.042708 0.053704
5 0.425781 0.077778 0.023438 0.012963
5 0.536979 0.032407 0.013542 0.011111
4 0.570573 0.030556 0.014063 0.012963
4 0.723698 0.061111 0.013021 0.014815
1 0.719531 0.025463 0.014063 0.028704
8 0.717448 0.038426 0.036979 0.056481
5 0.899219 0.390741 0.020313 0.025926
6 0.702083 0.306019 0.043750 0.034259
1 0.713281 0.246759 0.024479 0.039815
8 0.700000 0.265741 0.062500 0.114815
