3 0.901823 0.395370 0.009896 0.014815
5 0.861198 0.381944 0.028646 0.032407
5 0.898177 0.388889 0.019271 0.025926
1 0.894531 0.311574 0.019271 0.043519
8 0.877083 0.331481 0.055208 0.088889
8 0.722917 0.062500 0.011458 0.012037
1 0.718229 0.026852 0.012500 0.027778
8 0.716667 0.040278 0.034375 0.054630
5 0.536719 0.032407 0.013021 0.011111
4 0.569531 0.031481 0.009896 0.011111
6 0.394531 0.076852 0.035937 0.014815
1 0.397396 0.033796 0.014583 0.032407
5 0.426302 0.076852 0.022396 0.011111
8 0.398698 0.050000 0.047396 0.066667
6 0.231771 0.138426 0.034375 0.019444
1 0.245312 0.086111 0.013542 0.029630
8 0.245052 0.104167 0.039062 0.063889
6 0.703646 0.302315 0.039583 0.030556
1 0.706510 0.240278 0.021354 0.047222
8 0.697135 0.261574 0.063021 0.102778
