6 0.233854 0.137037 0.033333 0.020370
1 0.238281 0.094444 0.015104 0.027778
8 0.243229 0.108796 0.045833 0.058333
6 0.394271 0.080556 0.038542 0.020370
1 0.392708 0.031019 0.014583 0.030556
1 0.396875 0.049537 0.047917 0.067593
5 0.426302 0.077778 0.022396 0.011111
5 0.536719 0.032407 0.013021 0.011111
4 0.569010 0.032870 0.013021 0.012037
6 0.704948 0.302778 0.042188 0.031481
1 0.707812 0.260185 0.021875 0.044444
9 0.697135 0.262963 0.072396 0.088889
1 0.819271 0.116667 0.016667 0.035185
4 0.813281 0.163426 0.014063 0.019444
8 0.813281 0.149074 0.039062 0.098148
4 0.900260 0.384722 0.017188 0.017593
1 0.899219 0.325000 0.017188 0.046296
5 0.861719 0.382870 0.028646 0.032407
8 0.884375 0.344907 0.048958 0.091667
