6 0.233594 0.136111 0.031771 0.022222
1 0.240365 0.094907 0.014063 0.028704
8 0.247917 0.108796 0.040625 0.056481
1 0.393750 0.031944 0.014583 0.032407
8 0.397396 0.050000 0.047917 0.068519
5 0.426563 0.077315 0.022917 0.012037
5 0.536719 0.032407 0.013021 0.011111
4 0.569531 0.030093 0.011979 0.015741
6 0.705469 0.304167 0.040104 0.030556
1 0.704167 0.254630 0.021875 0.040741
9 0.697656 0.260648 0.070312 0.087963
1 0.899219 0.324074 0.018229 0.044444
8 0.885156 0.344907 0.051562 0.091667
5 0.861719 0.381944 0.028646 0.032407
0 0.820312 0.112500 0.016667 0.036111
4 0.819531 0.206944 0.009896 0.021296
8 0.813021 0.155556 0.037500 0.120370
