6 0.232552 0.137037 0.033854 0.022222
1 0.239323 0.089815 0.013021 0.029630
8 0.245573 0.106019 0.042188 0.062037
6 0.394792 0.078241 0.037500 0.023148
1 0.393750 0.027778 0.015625 0.031481
8 0.396354 0.047685 0.052083 0.069444
5 0.426563 0.077778 0.021875 0.011111
5 0.536979 0.032870 0.013542 0.010185
4 0.569531 0.031481 0.013021 0.012963
6 0.704948 0.301852 0.039062 0.031481
1 0.709115 0.256944 0.023438 0.041667
9 0.700260 0.264352 0.071354 0.099074
4 0.722917 0.062500 0.011458 0.012037
1 0.718490 0.027778 0.013021 0.027778
8 0.716406 0.040741 0.034896 0.055556
2 0.815365 0.117130 0.017188 0.036111
8 0.806510 0.149537 0.048438 0.099074
3 0.902083 0.395370 0.010417 0.014815
5 0.898958 0.390278 0.019792 0.026852
5 0.861458 0.382407 0.028125 0.031481
1 0.893490 0.312500 0.019271 0.041667
8 0.876302 0.331481 0.053646 0.083333
