6 0.234635 0.137037 0.030729 0.022222
1 0.242448 0.095833 0.014063 0.026852
8 0.248177 0.109722 0.040104 0.056481
1 0.395573 0.040741 0.015104 0.031481
8 0.399479 0.055093 0.050000 0.060185
5 0.426563 0.077315 0.021875 0.012037
5 0.536979 0.032407 0.013542 0.011111
4 0.569531 0.032407 0.013021 0.012963
4 0.723698 0.062963 0.014063 0.012963
1 0.719792 0.025463 0.013542 0.026852
8 0.718229 0.039352 0.037500 0.056481
6 0.704948 0.302778 0.040104 0.033333
1 0.705469 0.248148 0.022396 0.044444
9 0.696875 0.266204 0.070833 0.100926
1 0.822656 0.141667 0.017188 0.037037
8 0.807292 0.158796 0.047917 0.075000
1 0.899479 0.323611 0.017708 0.045370
8 0.885938 0.349537 0.048958 0.102778
5 0.861198 0.381944 0.028646 0.032407
