5 0.241667 0.138889 0.015625 0.014815
1 0.239583 0.093981 0.013542 0.030556
8 0.242448 0.107870 0.042188 0.058333
6 0.386198 0.080556 0.022396 0.020370
1 0.397396 0.041667 0.015625 0.031481
8 0.397917 0.053704 0.041667 0.055556
5 0.425521 0.077315 0.023958 0.015741
5 0.536979 0.032407 0.012500 0.011111
4 0.570573 0.030556 0.013021 0.012963
6 0.701302 0.299537 0.043229 0.043519
1 0.718750 0.242130 0.023958 0.043519
8 0.702344 0.264815 0.060937 0.105556
5 0.899219 0.391204 0.020313 0.026852
