6 0.242448 0.133333 0.016146 0.022222
1 0.245573 0.101389 0.014063 0.028704
9 0.248177 0.111111 0.040104 0.050000
6 0.389323 0.080556 0.017188 0.022222
1 0.398958 0.050000 0.014583 0.029630
9 0.399219 0.059259 0.049479 0.050000
5 0.426042 0.077778 0.021875 0.012963
5 0.536979 0.032407 0.013542 0.011111
4 0.569531 0.031944 0.013021 0.012037
6 0.704948 0.303704 0.040104 0.033333
1 0.702865 0.245370 0.022396 0.046296
9 0.695833 0.263889 0.071875 0.098148
1 0.797135 0.098611 0.018229 0.034259
8 0.798958 0.138889 0.043750 0.114815
4 0.724219 0.062500 0.014063 0.012037
1 0.719531 0.025000 0.013021 0.027778
8 0.717448 0.038889 0.035937 0.057407
1 0.896875 0.325926 0.017708 0.046296
8 0.884375 0.348611 0.048958 0.097222
5 0.861458 0.381019 0.029167 0.034259
