6 0.238542 0.134259 0.022917 0.022222
1 0.242969 0.099537 0.014063 0.028704
8 0.247396 0.110185 0.040625 0.055556
1 0.396615 0.043519 0.015104 0.031481
6 0.389583 0.080093 0.015625 0.023148
8 0.399219 0.053704 0.048438 0.053704
5 0.426042 0.076852 0.022917 0.011111
5 0.536719 0.031481 0.014063 0.011111
4 0.569792 0.031481 0.013542 0.012963
6 0.705469 0.303704 0.038021 0.033333
1 0.709635 0.254167 0.023438 0.043519
9 0.696615 0.260185 0.070312 0.092593
6 0.889844 0.376852 0.029687 0.040741
1 0.896615 0.314352 0.019271 0.047222
8 0.883073 0.338426 0.058854 0.095370
4 0.724219 0.062963 0.014063 0.009259
1 0.720313 0.027778 0.012500 0.027778
8 0.717969 0.040741 0.032813 0.053704
5 0.860677 0.380093 0.027604 0.034259
