5 0.235417 0.138889 0.028125 0.014815
1 0.239844 0.094907 0.014063 0.025000
8 0.247135 0.106944 0.038021 0.050926
6 0.385937 0.081019 0.022917 0.019444
1 0.403646 0.042130 0.016667 0.030556
8 0.398698 0.054630 0.047396 0.055556
5 0.426042 0.077315 0.022917 0.012037
5 0.536719 0.031944 0.014063 0.010185
4 0.569792 0.031019 0.012500 0.012037
4 0.723437 0.063889 0.014583 0.011111
1 0.720573 0.027315 0.011979 0.028704
8 0.717969 0.040741 0.035937 0.057407
0 0.751042 0.074537 0.018750 0.034259
8 0.749479 0.150463 0.041667 0.193519
5 0.704688 0.307870 0.042708 0.028704
7 0.705990 0.279630 0.024479 0.046296
9 0.696615 0.261574 0.054688 0.078704
6 0.893490 0.383333 0.029687 0.033333
1 0.897917 0.335185 0.018750 0.044444
8 0.886719 0.347222 0.053646 0.085185
5 0.860938 0.380556 0.029167 0.035185
