6 0.235156 0.138426 0.031771 0.017593
1 0.246094 0.087500 0.015104 0.030556
8 0.244531 0.106481 0.046354 0.068519
6 0.398177 0.078241 0.032813 0.023148
1 0.395833 0.040278 0.015625 0.030556
8 0.400260 0.053241 0.048438 0.054630
5 0.426563 0.077778 0.021875 0.011111
5 0.536979 0.032407 0.013542 0.011111
4 0.569531 0.031481 0.011979 0.011111
6 0.706510 0.306019 0.039062 0.034259
1 0.705469 0.249074 0.022396 0.044444
8 0.696875 0.264815 0.070833 0.098148
4 0.724740 0.064352 0.015104 0.010185
1 0.720052 0.027778 0.013021 0.027778
8 0.718229 0.041667 0.035417 0.055556
0 0.762760 0.085648 0.018229 0.034259
8 0.756771 0.157870 0.040625 0.176852
5 0.861458 0.382407 0.028125 0.033333
1 0.899219 0.329167 0.021354 0.043519
6 0.892448 0.382407 0.028646 0.033333
8 0.885938 0.346296 0.057292 0.087037
