6 0.236719 0.137963 0.028646 0.018519
1 0.243229 0.096759 0.013542 0.028704
8 0.247396 0.110648 0.042708 0.058333
6 0.386719 0.082407 0.023438 0.018519
1 0.392188 0.034259 0.014583 0.031481
5 0.426042 0.078241 0.022917 0.012037
8 0.396875 0.050463 0.043750 0.063889
5 0.536458 0.032407 0.013542 0.011111
4 0.724479 0.063889 0.014583 0.011111
1 0.720573 0.027315 0.013021 0.028704
8 0.718490 0.040278 0.035937 0.056481
6 0.704688 0.302315 0.037500 0.034259
1 0.705208 0.246759 0.019792 0.045370
9 0.695833 0.261574 0.069792 0.097222
6 0.890104 0.369444 0.027083 0.024074
1 0.898958 0.316204 0.017708 0.045370
8 0.887760 0.339352 0.051562 0.091667
5 0.860677 0.381019 0.028646 0.034259
