6 0.241667 0.132407 0.016667 0.020370
6 0.389844 0.076852 0.014063 0.025926
1 0.399740 0.043519 0.015104 0.029630
5 0.426042 0.077778 0.022917 0.011111
8 0.399740 0.055556 0.050521 0.051852
1 0.244010 0.098611 0.013021 0.030556
9 0.247396 0.110648 0.042708 0.054630
5 0.536719 0.031019 0.014063 0.012037
4 0.569792 0.030093 0.013542 0.013889
4 0.724219 0.062963 0.015104 0.009259
1 0.720313 0.028241 0.012500 0.028704
8 0.718490 0.041667 0.035937 0.055556
6 0.704167 0.305093 0.039583 0.030556
1 0.709115 0.251389 0.023438 0.043519
9 0.696615 0.264815 0.068229 0.103704
6 0.892969 0.381019 0.029687 0.036111
1 0.897917 0.319444 0.018750 0.044444
8 0.885417 0.341667 0.059375 0.090741
5 0.861198 0.380093 0.027604 0.034259
