6 0.235417 0.137037 0.026042 0.018519
1 0.243490 0.093519 0.014063 0.029630
8 0.243490 0.107407 0.039062 0.059259
6 0.385417 0.083333 0.026042 0.018519
1 0.385417 0.058333 0.015625 0.031481
9 0.389844 0.065278 0.048438 0.041667
5 0.426563 0.077778 0.023958 0.012963
5 0.536719 0.030556 0.014063 0.011111
4 0.571094 0.029167 0.009896 0.012037
4 0.723437 0.064815 0.015625 0.011111
1 0.718490 0.028241 0.013021 0.028704
8 0.717448 0.040278 0.034896 0.054630
1 0.898438 0.343519 0.019792 0.042593
6 0.888542 0.379630 0.022917 0.031481
9 0.887240 0.350463 0.052604 0.080556
5 0.860938 0.381019 0.028125 0.034259
6 0.704688 0.301389 0.040625 0.043519
1 0.704167 0.246296 0.022917 0.048148
9 0.696615 0.256019 0.071354 0.089815
