5 0.235417 0.140278 0.028125 0.013889
1 0.239844 0.101852 0.014063 0.027778
8 0.244792 0.109722 0.035417 0.047222
6 0.385417 0.085185 0.027083 0.018519
1 0.385417 0.061574 0.014583 0.030556
9 0.388542 0.066204 0.048958 0.039815
5 0.426042 0.077778 0.022917 0.012963
5 0.537240 0.031019 0.014063 0.012037
4 0.571615 0.029630 0.009896 0.012963
5 0.705990 0.307870 0.042188 0.030556
1 0.704688 0.243519 0.021875 0.044444
8 0.692969 0.255556 0.060937 0.081481
6 0.890365 0.386111 0.018229 0.029630
1 0.903646 0.339815 0.020833 0.040741
8 0.886458 0.349074 0.056250 0.083333
4 0.724219 0.063889 0.015104 0.011111
1 0.719792 0.027778 0.013542 0.029630
8 0.716667 0.040741 0.034375 0.057407
