6 0.232552 0.139352 0.023438 0.017593
1 0.240625 0.095370 0.014583 0.029630
8 0.241927 0.111111 0.042188 0.062963
6 0.385417 0.085185 0.027083 0.020370
1 0.389062 0.057870 0.014583 0.030556
9 0.388542 0.062500 0.050000 0.043519
5 0.536719 0.032407 0.014063 0.012963
4 0.568750 0.032407 0.012500 0.011111
5 0.705469 0.308796 0.042188 0.030556
1 0.708333 0.245833 0.021875 0.045370
8 0.694792 0.256481 0.065625 0.079630
4 0.720573 0.057870 0.011979 0.012037
1 0.718229 0.018519 0.013542 0.027778
8 0.713542 0.033796 0.032292 0.058333
6 0.886458 0.383333 0.017708 0.025926
1 0.895573 0.341667 0.020313 0.046296
9 0.883594 0.345833 0.051562 0.076852
5 0.861719 0.381019 0.028646 0.036111
