1 0.237500 0.108333 0.014583 0.027778
9 0.241667 0.112500 0.041667 0.049074
6 0.385937 0.086111 0.028125 0.018519
1 0.385937 0.061111 0.015625 0.029630
9 0.388802 0.066204 0.049479 0.041667
5 0.426823 0.078241 0.023438 0.012037
5 0.536719 0.032407 0.014063 0.012963
4 0.567708 0.030093 0.010417 0.012037
4 0.722656 0.063889 0.016146 0.011111
1 0.720052 0.026852 0.014063 0.027778
8 0.717187 0.040278 0.035417 0.056481
5 0.706250 0.309259 0.042708 0.031481
1 0.705729 0.243056 0.021875 0.043519
8 0.693229 0.254630 0.059375 0.083333
6 0.890885 0.385185 0.020313 0.027778
1 0.903385 0.339352 0.020313 0.041667
8 0.887240 0.349537 0.055729 0.084259
5 0.861719 0.380556 0.027604 0.035185
