6 0.229427 0.140278 0.027604 0.017593
1 0.238281 0.094907 0.015104 0.028704
8 0.241927 0.110185 0.041146 0.061111
6 0.386198 0.085185 0.028646 0.022222
1 0.387500 0.056481 0.015625 0.029630
9 0.391927 0.063889 0.051562 0.046296
5 0.426563 0.077778 0.021875 0.012963
5 0.536719 0.032870 0.014063 0.012037
4 0.568750 0.032407 0.012500 0.012963
4 0.721094 0.062037 0.015104 0.012963
1 0.718490 0.028704 0.013021 0.027778
8 0.715885 0.039815 0.035937 0.053704
5 0.706250 0.308796 0.043750 0.030556
1 0.708333 0.244907 0.021875 0.045370
8 0.694792 0.256019 0.064583 0.080556
6 0.892708 0.384259 0.028125 0.029630
1 0.900000 0.327315 0.018750 0.043519
8 0.883333 0.342593 0.053125 0.087037
5 0.861979 0.381481 0.029167 0.035185
