6 0.230990 0.137963 0.029687 0.018519
1 0.238542 0.098611 0.013542 0.030556
8 0.239844 0.110648 0.042188 0.056481
5 0.386198 0.086574 0.028646 0.015741
1 0.386458 0.042130 0.014583 0.028704
8 0.391667 0.054167 0.043750 0.054630
5 0.426042 0.077778 0.023958 0.012963
5 0.536719 0.030556 0.014063 0.012963
4 0.568490 0.031019 0.011979 0.012037
4 0.732292 0.059259 0.013542 0.012963
1 0.727865 0.031019 0.013021 0.028704
9 0.719792 0.041667 0.038542 0.051852
5 0.705990 0.306944 0.042188 0.030556
1 0.705990 0.245370 0.021354 0.042593
8 0.694271 0.256019 0.063542 0.082407
5 0.861198 0.380556 0.028646 0.035185
1 0.896094 0.339815 0.019271 0.046296
6 0.896615 0.388889 0.031771 0.031481
9 0.884375 0.343981 0.050000 0.080556
