6 0.231771 0.138426 0.029167 0.017593
1 0.235417 0.093981 0.013542 0.028704
8 0.240365 0.110185 0.041146 0.061111
6 0.384115 0.084722 0.027604 0.019444
1 0.389323 0.056019 0.015104 0.030556
9 0.388021 0.065741 0.051042 0.046296
5 0.426563 0.079167 0.022917 0.012037
5 0.536719 0.031481 0.014063 0.012963
4 0.568750 0.031019 0.012500 0.012037
2 0.710938 0.013889 0.014583 0.022222
8 0.710417 0.096296 0.042708 0.188889
5 0.705990 0.308333 0.043229 0.031481
1 0.707292 0.244907 0.021875 0.043519
8 0.694271 0.255556 0.063542 0.081481
6 0.892188 0.384722 0.030208 0.030556
1 0.893490 0.339352 0.023438 0.043519
9 0.883073 0.343981 0.053646 0.082407
5 0.861719 0.380556 0.029687 0.037037
