6 0.231250 0.137963 0.029167 0.016667
1 0.230208 0.115741 0.014583 0.027778
9 0.238281 0.121296 0.044271 0.040741
6 0.385417 0.086111 0.028125 0.016667
1 0.390104 0.058333 0.014583 0.029630
9 0.387500 0.066667 0.053125 0.044444
5 0.426042 0.078241 0.023958 0.013889
5 0.536719 0.032870 0.014063 0.012037
4 0.568750 0.031944 0.012500 0.013889
5 0.705729 0.308796 0.043750 0.030556
1 0.706510 0.246296 0.021354 0.044444
8 0.695052 0.256481 0.065104 0.079630
6 0.892188 0.385185 0.029167 0.033333
1 0.896094 0.342593 0.020313 0.042593
9 0.883073 0.344907 0.053646 0.076852
5 0.861458 0.381019 0.029167 0.036111
4 0.730990 0.061111 0.013021 0.012963
1 0.726302 0.030556 0.013021 0.027778
8 0.719531 0.041204 0.035937 0.052778
