5 0.230990 0.139815 0.029687 0.012963
1 0.232813 0.103704 0.013542 0.025926
1 0.236719 0.114815 0.044271 0.050000
6 0.385417 0.084259 0.027083 0.018519
1 0.386719 0.057407 0.015104 0.029630
9 0.390365 0.065278 0.048438 0.045370
5 0.426042 0.077315 0.022917 0.012037
5 0.536719 0.030556 0.014063 0.011111
4 0.568750 0.031019 0.012500 0.012037
5 0.705990 0.306944 0.042188 0.030556
1 0.709896 0.243056 0.021875 0.045370
8 0.694792 0.256019 0.064583 0.082407
6 0.892188 0.383333 0.030208 0.031481
1 0.893750 0.337963 0.021875 0.042593
9 0.883073 0.343056 0.052604 0.078704
5 0.860938 0.381019 0.028125 0.034259
4 0.730990 0.059259 0.014063 0.012963
1 0.726042 0.030556 0.013542 0.027778
9 0.719271 0.040741 0.038542 0.051852
