6 0.232292 0.140278 0.027083 0.013889
1 0.232813 0.102315 0.013542 0.028704
8 0.236719 0.117593 0.044271 0.059259
6 0.385417 0.085648 0.028125 0.019444
1 0.388542 0.056019 0.014583 0.030556
9 0.388021 0.066667 0.053125 0.044444
5 0.536719 0.031019 0.014063 0.012037
4 0.568490 0.031019 0.013021 0.013889
4 0.729688 0.058333 0.013542 0.012963
1 0.726042 0.030556 0.014583 0.029630
9 0.718490 0.041204 0.035937 0.052778
6 0.705469 0.303241 0.042188 0.041667
1 0.707292 0.249074 0.022917 0.044444
8 0.696094 0.255556 0.060937 0.085185
6 0.891146 0.383333 0.029167 0.031481
1 0.894792 0.343519 0.020833 0.042593
9 0.884115 0.342130 0.051562 0.080556
5 0.861719 0.381019 0.028646 0.034259
