6 0.238281 0.136574 0.025521 0.021296
1 0.243490 0.091667 0.013021 0.027778
8 0.245312 0.105556 0.035417 0.059259
6 0.385417 0.084722 0.027083 0.019444
1 0.389844 0.057870 0.014063 0.030556
9 0.389062 0.064352 0.051042 0.043519
5 0.426563 0.078241 0.022917 0.013889
5 0.536719 0.031481 0.014063 0.012963
4 0.568490 0.030556 0.010937 0.012963
3 0.730208 0.067593 0.010417 0.011111
1 0.721094 0.024074 0.014063 0.027778
8 0.711719 0.034259 0.032813 0.053704
5 0.793490 0.208796 0.025521 0.017593
1 0.798958 0.168981 0.015625 0.034259
8 0.788542 0.172222 0.037500 0.064815
5 0.659896 0.299537 0.033333 0.030556
6 0.711719 0.314352 0.039062 0.043519
1 0.711719 0.251389 0.021354 0.043519
8 0.702344 0.263889 0.069271 0.094444
6 0.896615 0.380556 0.025521 0.037037
1 0.898438 0.331019 0.019792 0.041667
8 0.879948 0.343981 0.056771 0.095370
5 0.861458 0.380556 0.028125 0.035185
