6 0.235417 0.136111 0.028125 0.020370
1 0.241667 0.093056 0.013542 0.028704
8 0.243490 0.106019 0.039062 0.058333
6 0.386198 0.082870 0.028646 0.017593
1 0.389844 0.057870 0.015104 0.028704
9 0.388542 0.067593 0.051042 0.044444
5 0.427344 0.078704 0.023438 0.014815
5 0.535417 0.030556 0.013542 0.012963
4 0.565365 0.028241 0.008854 0.015741
4 0.730469 0.063889 0.011979 0.012963
1 0.726042 0.032407 0.012500 0.029630
9 0.717708 0.043056 0.035417 0.050926
5 0.659115 0.299074 0.033854 0.031481
6 0.710938 0.312500 0.038542 0.045370
1 0.713542 0.247685 0.021875 0.045370
8 0.701042 0.265741 0.067708 0.096296
5 0.793490 0.203704 0.025521 0.022222
1 0.788542 0.143056 0.015625 0.034259
8 0.778385 0.162963 0.041146 0.074074
6 0.896615 0.381019 0.024479 0.036111
1 0.899740 0.330556 0.019271 0.042593
8 0.879167 0.343056 0.058333 0.095370
5 0.860938 0.381019 0.028125 0.034259
