6 0.235937 0.136574 0.027083 0.017593
1 0.239844 0.095370 0.014063 0.029630
8 0.240885 0.113426 0.043229 0.062037
6 0.385417 0.082870 0.027083 0.017593
1 0.388542 0.056481 0.014583 0.029630
9 0.388542 0.064352 0.051042 0.043519
5 0.426563 0.078704 0.022917 0.012963
5 0.536719 0.031481 0.014063 0.012963
4 0.566667 0.027315 0.010417 0.015741
5 0.659115 0.299074 0.033854 0.031481
6 0.709115 0.312963 0.042188 0.044444
1 0.710417 0.246759 0.020833 0.045370
8 0.702865 0.265278 0.068229 0.097222
6 0.897135 0.380093 0.023438 0.039815
1 0.901563 0.331944 0.018750 0.041667
8 0.881771 0.343056 0.058333 0.091667
5 0.860938 0.380556 0.028125 0.035185
6 0.792969 0.202315 0.026562 0.025000
1 0.787240 0.139352 0.016146 0.034259
8 0.779167 0.159722 0.041667 0.080556
4 0.729688 0.062963 0.012500 0.012963
1 0.726042 0.031944 0.012500 0.028704
9 0.717708 0.043519 0.035417 0.051852
