6 0.235677 0.138426 0.030729 0.017593
0 0.238802 0.091204 0.013021 0.030556
8 0.241927 0.106019 0.041146 0.063889
6 0.386198 0.085185 0.028646 0.018519
1 0.391667 0.055556 0.015625 0.029630
9 0.389844 0.064352 0.052604 0.047222
5 0.427344 0.078704 0.022396 0.014815
5 0.536979 0.032870 0.013542 0.012037
4 0.568750 0.029630 0.012500 0.014815
1 0.717708 0.016667 0.013542 0.025926
8 0.708594 0.032870 0.034896 0.058333
5 0.660156 0.300463 0.033854 0.030556
5 0.711719 0.322222 0.040104 0.029630
6 0.698958 0.300926 0.028125 0.020370
1 0.712500 0.258796 0.026042 0.039815
9 0.701042 0.263889 0.069792 0.090741
6 0.794271 0.206481 0.030208 0.029630
1 0.788542 0.147685 0.015625 0.034259
8 0.780990 0.166667 0.039062 0.075926
6 0.895052 0.382407 0.026562 0.035185
1 0.900521 0.332870 0.019792 0.041667
8 0.880469 0.345370 0.057813 0.094444
5 0.861719 0.381019 0.028646 0.036111
