5 0.238542 0.138889 0.023958 0.018519
1 0.239844 0.096759 0.014063 0.028704
8 0.241146 0.108333 0.039583 0.051852
8 0.385417 0.082407 0.028125 0.022222
1 0.400521 0.053241 0.013542 0.028704
8 0.394010 0.060185 0.048438 0.048148
5 0.427344 0.078241 0.023438 0.013889
5 0.536719 0.031481 0.014063 0.012963
4 0.568490 0.030556 0.010937 0.012963
4 0.730469 0.063889 0.010937 0.012963
1 0.723958 0.032870 0.012500 0.028704
9 0.718490 0.043056 0.035937 0.052778
5 0.659896 0.299074 0.033333 0.029630
5 0.713542 0.324537 0.039583 0.028704
6 0.700260 0.299074 0.028646 0.027778
1 0.708333 0.255556 0.021875 0.040741
8 0.694792 0.257870 0.065625 0.086111
5 0.794271 0.206019 0.026042 0.023148
6 0.897396 0.383333 0.030208 0.033333
1 0.896615 0.329167 0.020313 0.041667
8 0.879687 0.339352 0.055208 0.093519
5 0.861719 0.380556 0.029687 0.037037
