5 0.238542 0.140741 0.023958 0.016667
1 0.236719 0.095370 0.014063 0.027778
8 0.241667 0.107870 0.038542 0.054630
6 0.385937 0.083796 0.028125 0.023148
1 0.401042 0.054167 0.014583 0.028704
9 0.393490 0.059722 0.048438 0.047222
5 0.427344 0.078241 0.023438 0.013889
5 0.536719 0.031019 0.014063 0.012037
4 0.568490 0.031019 0.010937 0.012037
5 0.659896 0.297685 0.033333 0.026852
5 0.714063 0.323611 0.039583 0.030556
6 0.700260 0.301852 0.026562 0.018519
1 0.704688 0.235648 0.021875 0.045370
8 0.696615 0.260185 0.067187 0.100000
6 0.897135 0.380556 0.028646 0.035185
1 0.897917 0.327315 0.019792 0.041667
8 0.879687 0.337500 0.055208 0.089815
5 0.861719 0.380556 0.028646 0.035185
5 0.794792 0.206019 0.026042 0.023148
5 0.731510 0.061574 0.015104 0.015741
1 0.726042 0.033333 0.013542 0.027778
9 0.720573 0.043519 0.038021 0.051852
