6 0.235417 0.137963 0.028125 0.018519
1 0.239063 0.095370 0.013542 0.027778
8 0.241146 0.114815 0.042708 0.064815
4 0.401042 0.080556 0.015625 0.014815
5 0.385417 0.084259 0.027083 0.014815
1 0.398438 0.045370 0.014583 0.029630
9 0.399740 0.056019 0.051562 0.050926
5 0.426563 0.078241 0.022917 0.013889
5 0.536719 0.031019 0.014063 0.012037
4 0.568490 0.031019 0.010937 0.012037
4 0.732292 0.063889 0.013542 0.012963
1 0.726042 0.031019 0.013542 0.028704
9 0.718490 0.043056 0.039062 0.054630
6 0.793490 0.205556 0.024479 0.022222
1 0.799740 0.158333 0.016146 0.033333
8 0.788542 0.178241 0.040625 0.075000
6 0.894792 0.381019 0.028125 0.034259
1 0.897396 0.325926 0.020833 0.044444
8 0.879167 0.340741 0.056250 0.092593
5 0.861719 0.381019 0.028646 0.036111
5 0.659896 0.298611 0.033333 0.030556
6 0.710417 0.314352 0.041667 0.047222
1 0.709896 0.238889 0.021875 0.048148
8 0.697917 0.265278 0.064583 0.102778
