5 0.238021 0.139352 0.021875 0.013889
1 0.236719 0.104167 0.014063 0.028704
8 0.241146 0.114352 0.043750 0.049074
6 0.384896 0.085185 0.026042 0.018519
5 0.427344 0.077778 0.022396 0.012963
1 0.394792 0.035648 0.014583 0.030556
8 0.390365 0.053241 0.048438 0.065741
5 0.536719 0.031944 0.014063 0.012037
4 0.568490 0.031019 0.010937 0.012037
4 0.731771 0.063889 0.013542 0.012963
1 0.725260 0.031019 0.013021 0.028704
8 0.719010 0.043056 0.036979 0.052778
5 0.659896 0.299074 0.033333 0.029630
6 0.698958 0.296296 0.028125 0.027778
5 0.712240 0.324074 0.040104 0.029630
1 0.707812 0.241204 0.022917 0.043519
8 0.694271 0.255556 0.065625 0.090741
6 0.795312 0.205556 0.023958 0.022222
1 0.788542 0.153704 0.015625 0.035185
8 0.786719 0.172685 0.039062 0.080556
6 0.895312 0.382407 0.027083 0.035185
1 0.896615 0.322685 0.019271 0.043519
8 0.879167 0.337963 0.055208 0.092593
5 0.861719 0.380556 0.028646 0.035185
