6 0.238542 0.138889 0.023958 0.018519
1 0.240365 0.100926 0.014063 0.029630
8 0.242188 0.113889 0.043750 0.055556
6 0.385937 0.083333 0.028125 0.020370
1 0.401042 0.052778 0.016667 0.029630
9 0.401042 0.059259 0.053125 0.046296
5 0.426563 0.078241 0.023958 0.013889
5 0.536719 0.031019 0.014063 0.012037
4 0.568490 0.031019 0.010937 0.012037
4 0.730990 0.064352 0.011979 0.013889
1 0.726042 0.032407 0.013542 0.027778
8 0.718490 0.043056 0.036979 0.052778
5 0.793490 0.205093 0.026562 0.023148
1 0.788542 0.144907 0.014583 0.034259
8 0.782292 0.161111 0.036458 0.070370
6 0.894792 0.381944 0.030208 0.034259
1 0.896615 0.323148 0.020313 0.042593
8 0.879167 0.339352 0.056250 0.093519
5 0.861719 0.380556 0.028646 0.035185
5 0.659115 0.299537 0.033854 0.030556
6 0.709115 0.314815 0.045312 0.046296
1 0.713542 0.255093 0.023958 0.039815
8 0.696615 0.264815 0.064062 0.100000
