6 0.238021 0.137037 0.023958 0.018519
1 0.239063 0.095370 0.014583 0.029630
8 0.240365 0.109722 0.044271 0.056481
6 0.386719 0.081481 0.027604 0.020370
3 0.398438 0.082407 0.012500 0.009259
1 0.400521 0.053241 0.015625 0.030556
9 0.399740 0.057870 0.052604 0.045370
5 0.536719 0.031019 0.014063 0.012037
4 0.568490 0.031019 0.010937 0.013889
4 0.731771 0.063889 0.014583 0.012963
1 0.726823 0.031019 0.013021 0.028704
9 0.719792 0.043056 0.037500 0.052778
6 0.790365 0.206019 0.029687 0.025000
1 0.796615 0.144907 0.016146 0.036111
8 0.787240 0.167130 0.040104 0.078704
6 0.895573 0.380556 0.028646 0.035185
1 0.897396 0.324074 0.019792 0.044444
8 0.879167 0.340278 0.056250 0.091667
5 0.861198 0.380556 0.028646 0.035185
5 0.659115 0.298611 0.033854 0.030556
6 0.710938 0.313889 0.041667 0.050000
1 0.709115 0.252315 0.022396 0.045370
8 0.701042 0.266204 0.070833 0.097222
