6 0.237240 0.138426 0.023438 0.017593
1 0.238542 0.108333 0.013542 0.027778
9 0.243490 0.118519 0.045312 0.048148
6 0.385417 0.083796 0.027083 0.021296
1 0.399740 0.056019 0.015104 0.030556
9 0.393490 0.059722 0.048438 0.049074
5 0.426563 0.078704 0.023958 0.014815
5 0.535937 0.031019 0.013542 0.012037
4 0.568490 0.031019 0.010937 0.012037
4 0.730990 0.063889 0.011979 0.014815
1 0.726042 0.032407 0.013542 0.027778
8 0.718490 0.043519 0.035937 0.051852
5 0.659896 0.298611 0.033333 0.028704
6 0.712240 0.314352 0.039062 0.049074
1 0.720313 0.255093 0.023958 0.045370
8 0.705990 0.268519 0.068229 0.098148
6 0.897396 0.381019 0.027083 0.039815
1 0.897396 0.324537 0.019792 0.041667
8 0.879687 0.341204 0.055208 0.091667
5 0.861458 0.381019 0.028125 0.036111
5 0.794010 0.206019 0.026562 0.023148
