5 0.235417 0.137500 0.027083 0.019444
5 0.241667 0.093519 0.013542 0.027778
8 0.240365 0.112037 0.042188 0.066667
6 0.385417 0.084722 0.027083 0.019444
1 0.398438 0.054630 0.015625 0.029630
9 0.393490 0.060648 0.050521 0.045370
9 0.426563 0.079167 0.023958 0.013889
5 0.536719 0.030556 0.014063 0.012963
4 0.568490 0.031019 0.010937 0.012037
4 0.730990 0.063889 0.013021 0.012963
1 0.726042 0.031019 0.013542 0.028704
8 0.718490 0.042593 0.035937 0.053704
5 0.659115 0.298611 0.033854 0.030556
5 0.714323 0.324074 0.040104 0.031481
6 0.700521 0.304630 0.028125 0.024074
1 0.712240 0.253704 0.024479 0.040741
8 0.697917 0.264352 0.067708 0.097222
6 0.895312 0.381019 0.028125 0.037963
1 0.897917 0.327778 0.020833 0.040741
8 0.879167 0.337037 0.055208 0.090741
5 0.861719 0.380556 0.029687 0.037037
5 0.794792 0.206019 0.027083 0.023148
