5 0.237760 0.139815 0.022396 0.014815
1 0.235417 0.107870 0.013542 0.026852
9 0.239844 0.114815 0.042188 0.046296
5 0.385417 0.086111 0.027083 0.018519
5 0.426563 0.078704 0.023958 0.012963
2 0.391667 0.022685 0.015625 0.030556
8 0.392448 0.042593 0.052604 0.070370
5 0.536719 0.031481 0.014063 0.011111
4 0.571094 0.034259 0.008854 0.011111
1 0.568490 0.013889 0.011979 0.025926
9 0.571615 0.020370 0.044271 0.038889
4 0.731771 0.062963 0.015625 0.012963
1 0.726042 0.031481 0.012500 0.027778
9 0.719792 0.042593 0.037500 0.051852
2 0.796615 0.134259 0.016146 0.035185
6 0.794010 0.205093 0.026562 0.025000
8 0.787240 0.159259 0.040104 0.087037
5 0.659115 0.298611 0.033854 0.030556
5 0.714063 0.324537 0.040625 0.030556
5 0.700521 0.300926 0.030208 0.018519
1 0.697917 0.191667 0.020833 0.048148
8 0.682813 0.231019 0.078125 0.128704
6 0.897396 0.382870 0.029167 0.036111
1 0.895833 0.323148 0.020833 0.042593
8 0.879167 0.341667 0.053125 0.101852
5 0.861719 0.381019 0.028646 0.036111
