6 0.236458 0.137963 0.028125 0.018519
1 0.242969 0.094907 0.014063 0.028704
8 0.240104 0.113889 0.041667 0.064815
6 0.385156 0.084722 0.028646 0.019444
1 0.402344 0.055556 0.015104 0.029630
9 0.394792 0.059259 0.047917 0.046296
5 0.427083 0.078241 0.022917 0.013889
5 0.535937 0.031019 0.013542 0.012037
4 0.568490 0.030556 0.010937 0.011111
4 0.730208 0.063889 0.012500 0.014815
1 0.726042 0.032870 0.013542 0.028704
8 0.719271 0.043056 0.035417 0.052778
5 0.659896 0.297685 0.033333 0.026852
5 0.714063 0.324537 0.040625 0.030556
6 0.699740 0.297222 0.029687 0.024074
1 0.716667 0.245833 0.023958 0.039815
8 0.699740 0.258796 0.066146 0.089815
6 0.896615 0.382870 0.028646 0.034259
1 0.897396 0.326852 0.020833 0.040741
8 0.879687 0.337963 0.055208 0.092593
5 0.861719 0.380556 0.028646 0.035185
5 0.794792 0.206019 0.027083 0.023148
