5 0.237240 0.140278 0.023438 0.015741
1 0.238542 0.093519 0.013542 0.031481
8 0.241146 0.106481 0.040625 0.057407
6 0.386719 0.085648 0.029687 0.019444
1 0.398698 0.056019 0.016146 0.030556
9 0.395573 0.061111 0.049479 0.044444
5 0.426563 0.078241 0.022917 0.013889
5 0.537240 0.031019 0.014063 0.012037
4 0.567448 0.029630 0.013021 0.012963
4 0.730990 0.062963 0.014063 0.012963
1 0.722917 0.031019 0.012500 0.028704
9 0.718490 0.042130 0.036979 0.052778
6 0.796615 0.208796 0.026562 0.023148
1 0.792188 0.157870 0.016667 0.036111
8 0.789844 0.177315 0.042188 0.076852
5 0.659896 0.298611 0.034375 0.030556
6 0.713542 0.318056 0.040625 0.039815
1 0.722917 0.267130 0.022917 0.045370
9 0.708594 0.272222 0.067187 0.094444
6 0.898438 0.380556 0.027083 0.037037
1 0.896094 0.325463 0.019271 0.043519
8 0.879167 0.340278 0.051042 0.095370
5 0.861719 0.380556 0.028646 0.035185
