5 0.237240 0.141204 0.023438 0.015741
1 0.235417 0.095370 0.014583 0.029630
8 0.241146 0.109259 0.042708 0.055556
6 0.385937 0.086111 0.029167 0.020370
1 0.397917 0.056019 0.014583 0.028704
9 0.394792 0.063426 0.048958 0.045370
5 0.427344 0.078241 0.023438 0.013889
5 0.536719 0.031944 0.014063 0.012037
4 0.567187 0.029630 0.013542 0.012963
5 0.659896 0.299537 0.034375 0.030556
5 0.715365 0.324537 0.039062 0.034259
6 0.702865 0.300000 0.028646 0.031481
1 0.714323 0.246759 0.022396 0.043519
8 0.704167 0.262963 0.069792 0.094444
6 0.896615 0.381019 0.028646 0.036111
1 0.894792 0.325000 0.019792 0.042593
8 0.879167 0.340278 0.051042 0.095370
5 0.861719 0.380556 0.029687 0.037037
6 0.794792 0.206019 0.025000 0.026852
1 0.792448 0.158796 0.016146 0.036111
8 0.788021 0.178704 0.038542 0.079630
4 0.731771 0.062500 0.015625 0.010185
1 0.723698 0.028704 0.013021 0.027778
8 0.717708 0.040741 0.035417 0.053704
