5 0.238542 0.139352 0.022917 0.015741
1 0.239323 0.095833 0.013021 0.028704
8 0.242188 0.108796 0.040625 0.054630
6 0.386458 0.084259 0.029167 0.024074
1 0.403906 0.051852 0.014063 0.029630
8 0.397135 0.059259 0.044271 0.044444
5 0.427083 0.078704 0.023958 0.012963
5 0.536979 0.032407 0.014583 0.011111
4 0.566927 0.030556 0.014063 0.012963
4 0.731250 0.062963 0.013542 0.012963
1 0.725260 0.031019 0.013021 0.028704
8 0.719271 0.041667 0.036458 0.053704
5 0.795573 0.208796 0.027604 0.023148
1 0.790365 0.149074 0.016146 0.037037
8 0.784896 0.165278 0.035417 0.073148
6 0.898438 0.382870 0.027083 0.034259
1 0.894792 0.319444 0.018750 0.042593
8 0.881250 0.339352 0.055208 0.097222
5 0.861458 0.381019 0.028125 0.036111
5 0.660156 0.299537 0.032813 0.028704
6 0.715365 0.314815 0.039062 0.046296
1 0.716927 0.224537 0.021354 0.047222
8 0.704167 0.258333 0.056250 0.112963
