5 0.238542 0.138889 0.023958 0.014815
1 0.239844 0.098148 0.014063 0.031481
8 0.242188 0.110185 0.041667 0.055556
6 0.385417 0.082870 0.027083 0.023148
1 0.404167 0.052778 0.014583 0.029630
9 0.397917 0.059722 0.044792 0.043519
5 0.426563 0.077778 0.022917 0.012963
5 0.536719 0.031019 0.014063 0.012037
4 0.566667 0.030093 0.013542 0.012037
4 0.730990 0.059259 0.014063 0.012963
1 0.725781 0.031944 0.013021 0.030556
9 0.719531 0.041667 0.036979 0.053704
5 0.794792 0.205556 0.028125 0.022222
1 0.788542 0.156481 0.014583 0.037037
8 0.784115 0.168056 0.034896 0.065741
5 0.659115 0.298148 0.033854 0.031481
6 0.714063 0.314352 0.039583 0.052778
1 0.720313 0.248611 0.021875 0.043519
8 0.707292 0.266667 0.063542 0.100000
6 0.898438 0.380556 0.027083 0.037037
1 0.896094 0.322222 0.019271 0.044444
8 0.879167 0.341204 0.051042 0.099074
5 0.861719 0.381019 0.028646 0.036111
