5 0.237240 0.140278 0.023438 0.015741
1 0.238542 0.098148 0.013542 0.031481
8 0.240365 0.110185 0.042188 0.055556
6 0.385937 0.085185 0.031250 0.020370
5 0.427344 0.078241 0.022396 0.013889
1 0.396094 0.055093 0.015104 0.028704
9 0.395313 0.060648 0.051042 0.043519
5 0.536719 0.030556 0.014063 0.012963
4 0.566667 0.029630 0.013542 0.012963
4 0.730990 0.063889 0.014063 0.012963
1 0.722917 0.030556 0.012500 0.027778
9 0.718490 0.042593 0.035937 0.053704
6 0.793490 0.206019 0.025521 0.023148
1 0.792188 0.171759 0.016667 0.036111
9 0.787240 0.180093 0.042188 0.076852
6 0.896615 0.381944 0.028646 0.036111
1 0.894792 0.321759 0.019792 0.043519
8 0.879167 0.340278 0.051042 0.095370
5 0.861719 0.381019 0.029687 0.036111
5 0.659896 0.298611 0.033333 0.030556
6 0.712240 0.318519 0.040104 0.044444
1 0.716667 0.250926 0.022917 0.044444
8 0.705990 0.268056 0.066146 0.100926
