6 0.237240 0.140278 0.023438 0.015741
1 0.235417 0.093981 0.014583 0.026852
8 0.241146 0.111574 0.043750 0.060185
6 0.386719 0.082870 0.029687 0.023148
5 0.426563 0.078704 0.022917 0.012963
1 0.402865 0.052315 0.015104 0.028704
9 0.397396 0.059722 0.045833 0.043519
5 0.536719 0.030556 0.014063 0.011111
4 0.566667 0.030093 0.014583 0.012037
4 0.730990 0.063426 0.015104 0.012037
1 0.724740 0.030093 0.013021 0.028704
8 0.719271 0.042130 0.038542 0.054630
5 0.659115 0.298148 0.033854 0.029630
6 0.714063 0.314352 0.039583 0.047222
1 0.721875 0.245833 0.021875 0.045370
8 0.707292 0.268056 0.066667 0.104630
6 0.796615 0.206944 0.024479 0.023148
1 0.790365 0.156481 0.016146 0.035185
8 0.788542 0.176852 0.038542 0.074074
6 0.898698 0.381019 0.027604 0.036111
1 0.896615 0.325000 0.019271 0.044444
8 0.879948 0.338889 0.052604 0.094444
5 0.860938 0.381019 0.029167 0.036111
