8 0.242448 0.111574 0.040104 0.056481
9 0.394010 0.057870 0.049479 0.056481
9 0.723698 0.043519 0.036979 0.061111
8 0.788542 0.167593 0.042708 0.100000
8 0.700521 0.268519 0.077083 0.100000
8 0.877344 0.331019 0.058854 0.089815
5 0.239323 0.139352 0.024479 0.019444
5 0.219010 0.143519 0.019271 0.018519
6 0.385417 0.084259 0.028125 0.025926
5 0.427083 0.077778 0.023958 0.016667
1 0.401042 0.048611 0.016667 0.032407
5 0.537240 0.031481 0.016146 0.016667
4 0.567187 0.028241 0.015625 0.015741
1 0.724219 0.033333 0.017188 0.031481
4 0.729688 0.065278 0.015625 0.013889
0 0.790365 0.142593 0.017188 0.044444
6 0.796615 0.208796 0.023438 0.021296
5 0.659115 0.299537 0.034896 0.030556
6 0.705469 0.313426 0.041146 0.045370
1 0.709115 0.253704 0.023438 0.051852
1 0.893490 0.317593 0.020313 0.050000
6 0.899740 0.378704 0.031771 0.044444
5 0.860938 0.380556 0.029167 0.037037
