8 0.241667 0.108796 0.042708 0.062037
8 0.394271 0.050000 0.046875 0.072222
8 0.713021 0.033333 0.041667 0.064815
8 0.784115 0.158796 0.035937 0.084259
8 0.694792 0.244907 0.070833 0.102778
8 0.882292 0.346759 0.060417 0.091667
1 0.239063 0.097222 0.016667 0.035185
6 0.235417 0.132870 0.016667 0.025000
0 0.399740 0.031481 0.019271 0.035185
6 0.384115 0.084722 0.025521 0.025000
5 0.427083 0.078241 0.025000 0.017593
5 0.537240 0.031481 0.016146 0.016667
4 0.568490 0.029630 0.014063 0.016667
0 0.711719 0.014352 0.014063 0.026852
4 0.729688 0.062500 0.010417 0.019444
5 0.793490 0.204630 0.029687 0.024074
1 0.785937 0.138426 0.019792 0.043519
5 0.659896 0.300000 0.034375 0.033333
5 0.707292 0.324074 0.039583 0.031481
5 0.702865 0.300463 0.030729 0.025000
1 0.713542 0.222685 0.026042 0.054630
1 0.901823 0.338889 0.021354 0.051852
5 0.861719 0.380556 0.029687 0.037037
6 0.895833 0.384722 0.028125 0.030556
