8 0.244010 0.112963 0.040104 0.055556
9 0.394010 0.061574 0.048438 0.050926
8 0.710156 0.032407 0.044271 0.062963
8 0.792708 0.175000 0.044792 0.098148
8 0.702344 0.269444 0.073438 0.109259
8 0.879687 0.343519 0.054167 0.103704
5 0.239583 0.140278 0.023958 0.017593
5 0.220052 0.144444 0.019271 0.018519
1 0.242448 0.102315 0.015104 0.030556
1 0.402344 0.056944 0.017188 0.034259
6 0.385156 0.084722 0.025521 0.025000
5 0.427604 0.078241 0.025000 0.015741
5 0.536719 0.032407 0.015104 0.014815
2 0.711198 0.012963 0.014063 0.024074
5 0.730729 0.068981 0.017708 0.019444
1 0.792708 0.149537 0.018750 0.043519
1 0.797135 0.208796 0.031771 0.025000
5 0.659896 0.299537 0.035417 0.032407
6 0.707812 0.313889 0.041667 0.051852
1 0.712760 0.243981 0.024479 0.054630
1 0.896094 0.322222 0.020313 0.050000
5 0.861979 0.381481 0.031250 0.038889
6 0.896094 0.383333 0.027604 0.033333
