8 0.244271 0.108796 0.037500 0.065741
9 0.395573 0.059259 0.051562 0.051852
8 0.713021 0.033333 0.070833 0.064815
8 0.790365 0.176389 0.042188 0.086111
8 0.701042 0.265741 0.076042 0.105556
8 0.878646 0.336574 0.056250 0.095370
5 0.240104 0.139815 0.025000 0.020370
5 0.220573 0.142593 0.021354 0.020370
1 0.237240 0.095370 0.016146 0.031481
6 0.385156 0.083796 0.026562 0.023148
1 0.399479 0.052315 0.016667 0.034259
5 0.427604 0.078241 0.023958 0.017593
5 0.536979 0.032407 0.015625 0.016667
4 0.567448 0.029167 0.015104 0.015741
5 0.730990 0.070370 0.016146 0.016667
1 0.793750 0.162963 0.018750 0.040741
6 0.798177 0.207870 0.023438 0.023148
5 0.659635 0.300000 0.033854 0.031481
6 0.708594 0.315741 0.041146 0.050000
1 0.710677 0.246759 0.024479 0.050926
1 0.895833 0.314352 0.019792 0.045370
6 0.895833 0.382407 0.029167 0.035185
5 0.861979 0.381019 0.030208 0.037963
