9 0.133333 0.345833 0.065625 0.080556
6 0.121875 0.381944 0.032292 0.045370
5 0.132812 0.389352 0.026042 0.039815
8 0.244792 0.109722 0.042708 0.058333
9 0.389323 0.062963 0.053646 0.053704
5 0.429427 0.078704 0.023438 0.018519
5 0.389323 0.094907 0.030729 0.021296
5 0.536719 0.032870 0.015104 0.015741
5 0.549219 0.031481 0.014063 0.016667
8 0.719531 0.040278 0.038021 0.056481
8 0.781510 0.169907 0.042188 0.078704
8 0.875000 0.333796 0.046875 0.086111
5 0.868750 0.385648 0.023958 0.036111
5 0.658073 0.300000 0.035937 0.035185
8 0.708073 0.271759 0.067187 0.110185
5 0.927865 0.678241 0.026562 0.049074
1 0.887760 0.319444 0.020313 0.048148
5 0.892969 0.394907 0.025521 0.039815
5 0.797135 0.200926 0.021354 0.031481
1 0.792708 0.152778 0.018750 0.042593
6 0.705729 0.308796 0.039583 0.036111
1 0.716667 0.252315 0.025000 0.049074
1 0.722656 0.029167 0.015104 0.030556
4 0.731771 0.062037 0.013542 0.014815
6 0.575521 0.033796 0.019792 0.015741
1 0.393229 0.056481 0.017708 0.033333
1 0.239583 0.099537 0.015625 0.032407
1 0.127865 0.343056 0.021354 0.043519
