9 0.241406 0.116204 0.046354 0.052778
6 0.234635 0.137037 0.018229 0.018519
1 0.239063 0.107407 0.015625 0.031481
9 0.393750 0.062037 0.047917 0.051852
6 0.385417 0.084722 0.026042 0.025000
1 0.400000 0.056019 0.018750 0.034259
5 0.427604 0.077778 0.025000 0.020370
5 0.536979 0.032407 0.016667 0.016667
4 0.569271 0.029630 0.015625 0.014815
8 0.709375 0.031944 0.038542 0.062037
0 0.712500 0.014352 0.014583 0.026852
4 0.714063 0.051852 0.014583 0.014815
5 0.732031 0.068981 0.017188 0.015741
8 0.779687 0.158796 0.042708 0.082407
5 0.794531 0.203704 0.027604 0.022222
1 0.785677 0.140278 0.018229 0.039815
5 0.659635 0.300000 0.034896 0.033333
5 0.708854 0.325000 0.039583 0.031481
9 0.696354 0.268519 0.067708 0.075926
1 0.706250 0.274537 0.025000 0.052778
8 0.885938 0.347222 0.059375 0.096296
5 0.861719 0.381019 0.029687 0.037963
6 0.896094 0.383796 0.028646 0.032407
1 0.901563 0.331481 0.020833 0.046296
