6 0.234896 0.136111 0.016667 0.020370
1 0.242448 0.100000 0.014063 0.031481
8 0.242708 0.112963 0.044792 0.057407
9 0.390104 0.063426 0.047917 0.054630
1 0.397917 0.056944 0.018750 0.036111
6 0.385156 0.088426 0.026562 0.025000
5 0.427604 0.078704 0.025000 0.016667
5 0.536719 0.032407 0.016146 0.016667
3 0.569531 0.035185 0.008854 0.012963
8 0.709635 0.032407 0.038021 0.062963
1 0.713802 0.016204 0.014063 0.028704
4 0.714323 0.052315 0.013021 0.013889
5 0.731250 0.068056 0.016667 0.015741
9 0.791406 0.181481 0.042188 0.075926
1 0.799479 0.176389 0.018750 0.037963
6 0.795312 0.209722 0.031250 0.023148
5 0.659896 0.299074 0.034375 0.031481
8 0.693750 0.245833 0.065625 0.104630
1 0.706250 0.218056 0.025000 0.047222
4 0.711979 0.281019 0.016667 0.021296
5 0.703125 0.301389 0.031250 0.023148
5 0.707812 0.324537 0.041667 0.034259
8 0.879427 0.347685 0.049479 0.110185
1 0.893229 0.321296 0.020833 0.048148
5 0.861719 0.381019 0.029687 0.037963
6 0.895833 0.382870 0.027083 0.032407
