9 0.241667 0.112963 0.043750 0.055556
6 0.235156 0.135648 0.016146 0.023148
1 0.241146 0.103704 0.015625 0.033333
8 0.395573 0.046759 0.043229 0.060185
1 0.394271 0.036111 0.015625 0.035185
5 0.390104 0.084722 0.019792 0.017593
5 0.427604 0.078704 0.023958 0.016667
5 0.536719 0.032407 0.015104 0.014815
4 0.569010 0.030556 0.016146 0.014815
8 0.710156 0.032407 0.039062 0.062963
4 0.715104 0.053704 0.014583 0.016667
1 0.713802 0.016667 0.015104 0.029630
5 0.731771 0.067593 0.016667 0.016667
8 0.780469 0.158796 0.042188 0.080556
1 0.788281 0.139352 0.018229 0.039815
5 0.795312 0.203704 0.029167 0.024074
8 0.693229 0.250000 0.060417 0.094444
5 0.659896 0.300000 0.034375 0.031481
5 0.708073 0.325000 0.040104 0.033333
5 0.702604 0.301389 0.030208 0.021296
1 0.709115 0.231481 0.024479 0.050000
8 0.883854 0.348611 0.057292 0.099074
5 0.861979 0.380556 0.029167 0.038889
6 0.895573 0.383796 0.029687 0.037963
1 0.902344 0.333333 0.020313 0.046296
