9 0.134635 0.344907 0.064062 0.082407
6 0.122135 0.381944 0.030729 0.043519
5 0.133073 0.389815 0.026562 0.037037
1 0.128646 0.342593 0.026042 0.044444
8 0.244010 0.109259 0.043229 0.059259
1 0.240104 0.099074 0.016667 0.031481
9 0.389583 0.062963 0.055208 0.055556
1 0.393750 0.053241 0.018750 0.034259
5 0.389583 0.095370 0.029167 0.022222
5 0.429427 0.078704 0.024479 0.018519
5 0.536458 0.032407 0.014583 0.016667
5 0.549219 0.031481 0.015104 0.016667
5 0.576562 0.033333 0.022917 0.014815
8 0.718750 0.040278 0.038542 0.054630
1 0.723177 0.030093 0.014063 0.030556
4 0.732031 0.061111 0.013021 0.012963
8 0.780208 0.162963 0.042708 0.098148
0 0.791667 0.135185 0.017708 0.040741
6 0.802083 0.210185 0.027083 0.029630
5 0.658594 0.300000 0.034896 0.037037
5 0.702865 0.306481 0.042188 0.035185
8 0.707552 0.268981 0.068229 0.102778
1 0.716406 0.254630 0.025521 0.046296
8 0.880729 0.338889 0.054167 0.088889
1 0.896615 0.331944 0.021354 0.047222
5 0.868750 0.386111 0.022917 0.037037
6 0.892708 0.389352 0.027083 0.047222
5 0.927604 0.679167 0.027083 0.047222
