8 0.241406 0.111574 0.044271 0.056481
9 0.394010 0.060648 0.047396 0.050926
8 0.710417 0.032407 0.037500 0.062963
8 0.784115 0.159722 0.035937 0.082407
8 0.704167 0.253704 0.059375 0.098148
8 0.883073 0.346296 0.059896 0.092593
6 0.234896 0.133333 0.015625 0.027778
1 0.234896 0.103704 0.016667 0.033333
6 0.384896 0.083796 0.026042 0.025000
1 0.401302 0.052778 0.018229 0.035185
5 0.427344 0.078241 0.024479 0.017593
5 0.536979 0.032407 0.015625 0.016667
4 0.569010 0.029630 0.017188 0.014815
1 0.713802 0.015278 0.015104 0.028704
5 0.732031 0.069444 0.017188 0.016667
1 0.783594 0.139815 0.018229 0.040741
1 0.794271 0.204630 0.029167 0.025926
5 0.659635 0.300463 0.034896 0.034259
5 0.707552 0.324537 0.041146 0.030556
5 0.703125 0.301389 0.031250 0.023148
1 0.711719 0.232407 0.022396 0.050000
1 0.901823 0.336574 0.021354 0.045370
6 0.896094 0.384259 0.028646 0.033333
5 0.861719 0.381944 0.029687 0.037963
