8 0.133854 0.337500 0.055208 0.097222
6 0.123177 0.384722 0.029687 0.039815
5 0.132812 0.389815 0.025000 0.033333
8 0.246094 0.112037 0.043229 0.061111
8 0.392188 0.060185 0.053125 0.059259
5 0.389583 0.093981 0.030208 0.021296
5 0.428385 0.078241 0.024479 0.017593
5 0.535937 0.031019 0.014583 0.015741
5 0.548958 0.030556 0.015625 0.014815
6 0.576042 0.031944 0.020833 0.015741
8 0.718490 0.041667 0.039062 0.061111
9 0.787500 0.177778 0.045833 0.059259
5 0.657813 0.299537 0.035417 0.036111
8 0.708073 0.271296 0.068229 0.109259
8 0.888021 0.346759 0.059375 0.087963
5 0.927865 0.677778 0.026562 0.050000
1 0.121094 0.317593 0.022396 0.044444
1 0.242188 0.100926 0.017708 0.033333
1 0.396875 0.050463 0.017708 0.036111
1 0.720833 0.029167 0.014583 0.032407
4 0.724740 0.064815 0.018229 0.014815
5 0.753646 0.061111 0.021875 0.018519
1 0.800260 0.184722 0.020313 0.039815
5 0.800521 0.208796 0.026042 0.021296
1 0.719271 0.256944 0.025000 0.049074
6 0.703906 0.309259 0.042188 0.035185
5 0.734115 0.315741 0.030729 0.025926
1 0.905729 0.342130 0.021875 0.045370
5 0.868750 0.386574 0.023958 0.037963
6 0.897135 0.394907 0.034896 0.043519
