9 0.132812 0.345370 0.065625 0.081481
6 0.122656 0.384722 0.030729 0.039815
5 0.132812 0.389815 0.025000 0.033333
8 0.242188 0.112037 0.044792 0.066667
8 0.388542 0.059722 0.048958 0.060185
5 0.389062 0.093056 0.030208 0.021296
5 0.428385 0.078241 0.024479 0.017593
5 0.535937 0.031019 0.014583 0.015741
5 0.548958 0.030556 0.015625 0.014815
6 0.575521 0.031019 0.020833 0.015741
8 0.718490 0.040741 0.039062 0.061111
8 0.785937 0.180556 0.038542 0.087037
5 0.657813 0.299537 0.035417 0.036111
8 0.708333 0.269444 0.068750 0.105556
8 0.888021 0.346759 0.059375 0.087963
5 0.927865 0.677778 0.026562 0.050000
1 0.125521 0.337037 0.025000 0.051852
1 0.242188 0.095370 0.017708 0.031481
1 0.396615 0.047222 0.017188 0.035185
6 0.387760 0.081481 0.018229 0.014815
6 0.721094 0.028241 0.015104 0.030556
4 0.723958 0.063889 0.018750 0.018519
6 0.800521 0.211574 0.025000 0.023148
1 0.795833 0.162500 0.018750 0.041667
1 0.716667 0.254630 0.023958 0.050000
6 0.704688 0.307870 0.040625 0.034259
1 0.905990 0.342130 0.021354 0.047222
5 0.868490 0.385648 0.022396 0.036111
6 0.895312 0.392593 0.033333 0.046296
5 0.753906 0.060648 0.021354 0.019444
