8 0.137240 0.330556 0.051562 0.107407
6 0.121615 0.382870 0.030729 0.039815
5 0.132292 0.389815 0.025000 0.033333
8 0.246615 0.107870 0.045312 0.062037
9 0.387240 0.062963 0.049479 0.055556
5 0.388542 0.093056 0.030208 0.021296
5 0.427865 0.078241 0.024479 0.017593
5 0.535417 0.031019 0.014583 0.015741
5 0.548438 0.030556 0.015625 0.014815
6 0.575521 0.031019 0.020833 0.015741
8 0.718490 0.040741 0.039062 0.061111
9 0.786719 0.176389 0.045312 0.060185
5 0.657813 0.298611 0.035417 0.034259
8 0.708594 0.269444 0.068229 0.109259
8 0.888021 0.344907 0.059375 0.087963
5 0.927865 0.677778 0.026562 0.050000
1 0.127865 0.303704 0.021354 0.048148
1 0.241667 0.095370 0.017708 0.037037
1 0.396615 0.055556 0.017188 0.037037
1 0.720573 0.026852 0.016146 0.031481
4 0.724219 0.063889 0.018229 0.018519
5 0.801042 0.206481 0.027083 0.022222
1 0.799219 0.181019 0.020313 0.037963
6 0.703646 0.306944 0.041667 0.034259
5 0.734115 0.316204 0.030729 0.026852
1 0.719271 0.255556 0.026042 0.050000
1 0.904687 0.340741 0.023958 0.048148
5 0.869271 0.385185 0.021875 0.037037
6 0.896615 0.393519 0.033854 0.042593
5 0.752865 0.059722 0.023438 0.019444
