8 0.131771 0.337963 0.055208 0.094444
6 0.124740 0.384259 0.029687 0.040741
5 0.132292 0.389815 0.025000 0.033333
8 0.247396 0.111111 0.043750 0.053704
9 0.394010 0.062963 0.048438 0.055556
6 0.389062 0.091204 0.030208 0.028704
5 0.427865 0.078241 0.024479 0.017593
5 0.535417 0.031019 0.014583 0.015741
5 0.548438 0.030556 0.015625 0.014815
6 0.575521 0.031019 0.020833 0.015741
8 0.712240 0.031019 0.034896 0.060185
8 0.782292 0.165278 0.046875 0.078704
5 0.657813 0.299074 0.035417 0.035185
8 0.708333 0.266667 0.068750 0.101852
8 0.882292 0.340741 0.054167 0.098148
5 0.927865 0.677778 0.026562 0.050000
5 0.128385 0.333333 0.026562 0.048148
1 0.241667 0.102315 0.017708 0.030556
1 0.402865 0.054167 0.019271 0.034259
0 0.716667 0.018519 0.015625 0.033333
3 0.721094 0.065278 0.014063 0.010185
5 0.724740 0.063426 0.031771 0.017593
5 0.754167 0.060185 0.021875 0.018519
1 0.796094 0.147222 0.020313 0.044444
5 0.799740 0.207870 0.024479 0.023148
6 0.703646 0.309259 0.039583 0.027778
5 0.734115 0.315741 0.032813 0.029630
1 0.716667 0.256019 0.022917 0.049074
1 0.896094 0.322685 0.022396 0.050926
5 0.867969 0.385185 0.023438 0.037037
6 0.895833 0.389352 0.031250 0.036111
