8 0.134635 0.341667 0.054688 0.085185
8 0.246875 0.105556 0.037500 0.066667
8 0.390365 0.043056 0.044271 0.080556
5 0.428646 0.078241 0.026042 0.017593
5 0.536198 0.030556 0.015104 0.016667
5 0.548698 0.031019 0.015104 0.015741
4 0.571615 0.029167 0.014063 0.012037
8 0.716667 0.040278 0.038542 0.062037
5 0.754167 0.059722 0.020833 0.019444
8 0.788021 0.169907 0.046875 0.069444
5 0.658073 0.298611 0.034896 0.032407
8 0.708594 0.273148 0.067187 0.107407
6 0.704688 0.310648 0.048958 0.032407
8 0.883594 0.347685 0.054688 0.093519
5 0.868490 0.382407 0.023438 0.037037
5 0.927865 0.678241 0.026562 0.047222
1 0.129167 0.335648 0.021875 0.045370
6 0.124219 0.381019 0.029687 0.043519
5 0.132292 0.390741 0.026042 0.035185
1 0.240365 0.092593 0.016146 0.033333
1 0.390365 0.021759 0.017188 0.036111
5 0.386719 0.085185 0.029687 0.018519
1 0.718490 0.025926 0.015104 0.031481
4 0.722917 0.063889 0.018750 0.014815
1 0.797396 0.155556 0.019792 0.040741
5 0.799740 0.209259 0.026562 0.022222
1 0.721615 0.255556 0.024479 0.048148
1 0.898438 0.342130 0.020833 0.047222
6 0.899740 0.391204 0.029687 0.037963
5 0.582552 0.034722 0.011979 0.012037
