8 0.132292 0.340741 0.056250 0.092593
8 0.248438 0.111111 0.039583 0.055556
9 0.391667 0.043519 0.044792 0.085185
5 0.428646 0.078241 0.026042 0.017593
5 0.536198 0.030556 0.015104 0.016667
5 0.548698 0.031019 0.015104 0.015741
4 0.571615 0.029167 0.014063 0.013889
8 0.716667 0.041204 0.038542 0.062037
5 0.754167 0.056944 0.020833 0.019444
8 0.788021 0.168981 0.046875 0.069444
5 0.658073 0.298148 0.034896 0.031481
8 0.709115 0.273611 0.067187 0.106481
6 0.704688 0.310185 0.048958 0.031481
8 0.883594 0.346759 0.053646 0.093519
5 0.868490 0.381481 0.023438 0.037037
5 0.927865 0.678241 0.026562 0.047222
1 0.124740 0.318056 0.023438 0.047222
6 0.123438 0.381019 0.029167 0.047222
5 0.132292 0.390278 0.025000 0.036111
1 0.243490 0.100463 0.017188 0.030556
1 0.391667 0.018519 0.016667 0.035185
5 0.389844 0.093519 0.029687 0.020370
6 0.393490 0.080093 0.018229 0.017593
1 0.718490 0.024537 0.017188 0.030556
4 0.721615 0.061574 0.018229 0.017593
1 0.796615 0.155556 0.019271 0.040741
5 0.800521 0.208333 0.027083 0.024074
1 0.718490 0.256019 0.023438 0.049074
1 0.898698 0.341204 0.022396 0.047222
6 0.899219 0.387037 0.029687 0.044444
5 0.581510 0.033796 0.011979 0.012037
