8 0.132812 0.340741 0.056250 0.092593
8 0.247656 0.106944 0.040104 0.063889
9 0.394010 0.063426 0.048438 0.054630
5 0.428646 0.078241 0.026042 0.017593
5 0.536198 0.031481 0.015104 0.016667
5 0.548698 0.031019 0.015104 0.015741
6 0.575260 0.031944 0.021354 0.017593
8 0.716667 0.039352 0.038542 0.062037
5 0.754167 0.060185 0.020833 0.018519
8 0.788021 0.172222 0.046875 0.068519
5 0.657292 0.299537 0.035417 0.036111
9 0.703385 0.270833 0.077604 0.086111
6 0.704688 0.312037 0.048958 0.035185
8 0.878646 0.334259 0.056250 0.087037
5 0.868490 0.385185 0.023438 0.037037
6 0.892969 0.386111 0.029687 0.040741
5 0.927865 0.678241 0.026562 0.047222
1 0.117448 0.324537 0.021354 0.043519
6 0.124219 0.382407 0.028646 0.046296
5 0.132031 0.390278 0.024479 0.032407
1 0.241667 0.093519 0.016667 0.031481
1 0.402344 0.055556 0.017188 0.033333
6 0.389583 0.091667 0.029167 0.025926
1 0.718229 0.023611 0.015625 0.030556
4 0.723177 0.062500 0.020313 0.013889
1 0.796875 0.159722 0.018750 0.039815
5 0.800260 0.211574 0.026562 0.023148
1 0.712240 0.269907 0.024479 0.047222
1 0.896875 0.319907 0.020833 0.049074
