8 0.132292 0.338426 0.055208 0.093519
8 0.246615 0.106019 0.040104 0.063889
8 0.393490 0.057407 0.048438 0.064815
5 0.428646 0.078241 0.026042 0.017593
5 0.536198 0.030556 0.015104 0.016667
5 0.548698 0.031019 0.015104 0.015741
4 0.571094 0.029630 0.014063 0.012963
8 0.716667 0.039352 0.038542 0.062037
5 0.754167 0.057870 0.020833 0.019444
8 0.788021 0.169907 0.046875 0.069444
5 0.658073 0.298611 0.034896 0.032407
8 0.708594 0.273148 0.067187 0.107407
6 0.704688 0.310648 0.048958 0.032407
8 0.882292 0.345370 0.058333 0.092593
5 0.868490 0.382407 0.023438 0.037037
5 0.927865 0.678241 0.026562 0.047222
1 0.124740 0.318519 0.023438 0.048148
6 0.124740 0.381481 0.028646 0.044444
5 0.132292 0.390741 0.026042 0.037037
1 0.243490 0.093056 0.018229 0.034259
6 0.388542 0.092130 0.030208 0.026852
1 0.400521 0.044444 0.017708 0.035185
1 0.718490 0.024074 0.017188 0.031481
4 0.722135 0.062963 0.018229 0.018519
1 0.796094 0.160185 0.020313 0.044444
5 0.801042 0.211111 0.027083 0.022222
1 0.720313 0.259259 0.027083 0.048148
1 0.899740 0.341667 0.023438 0.051852
6 0.899740 0.391204 0.031771 0.037963
5 0.581510 0.032870 0.011979 0.015741
