8 0.132292 0.340741 0.056250 0.092593
8 0.247656 0.108796 0.040104 0.063889
9 0.394010 0.065741 0.048438 0.055556
5 0.428646 0.078241 0.026042 0.017593
5 0.536198 0.030556 0.015104 0.016667
5 0.548698 0.031019 0.015104 0.015741
6 0.575781 0.032870 0.021354 0.017593
8 0.713021 0.031481 0.041667 0.057407
5 0.754167 0.059722 0.020833 0.019444
8 0.788021 0.171759 0.046875 0.069444
5 0.658073 0.299537 0.034896 0.034259
8 0.709115 0.271296 0.067187 0.109259
6 0.704688 0.311574 0.048958 0.034259
8 0.879167 0.335185 0.055208 0.090741
5 0.868490 0.384259 0.023438 0.037037
5 0.927865 0.678241 0.026562 0.047222
1 0.118490 0.324537 0.022396 0.043519
6 0.124479 0.383796 0.029167 0.043519
5 0.133333 0.390741 0.025000 0.033333
1 0.243750 0.094907 0.016667 0.032407
1 0.402344 0.056019 0.018229 0.034259
6 0.389323 0.092593 0.029687 0.025926
1 0.717708 0.019907 0.014583 0.030556
3 0.722396 0.066667 0.011458 0.011111
5 0.726042 0.064815 0.031250 0.016667
1 0.797396 0.161111 0.019792 0.040741
5 0.801042 0.212037 0.026042 0.024074
1 0.717969 0.253704 0.024479 0.051852
1 0.894531 0.318056 0.021354 0.049074
5 0.900781 0.395833 0.029687 0.026852
