8 0.134115 0.342130 0.054688 0.084259
8 0.244271 0.109722 0.042708 0.069444
9 0.390365 0.063426 0.049479 0.049074
5 0.428646 0.078241 0.026042 0.017593
5 0.536198 0.030556 0.015104 0.016667
5 0.548698 0.031019 0.015104 0.015741
4 0.572135 0.028241 0.014063 0.013889
8 0.716667 0.040278 0.038542 0.062037
5 0.754167 0.057870 0.020833 0.019444
8 0.788542 0.170833 0.046875 0.069444
5 0.658073 0.298611 0.034896 0.032407
8 0.709115 0.271759 0.067187 0.113889
6 0.704167 0.310648 0.048958 0.032407
8 0.881771 0.348148 0.058333 0.094444
5 0.868490 0.382407 0.023438 0.037037
5 0.927865 0.678241 0.026562 0.047222
1 0.130990 0.330556 0.023438 0.044444
6 0.124219 0.380556 0.028646 0.044444
5 0.132292 0.390278 0.027083 0.036111
1 0.243490 0.093519 0.017188 0.033333
1 0.385156 0.056944 0.018229 0.036111
6 0.386458 0.084722 0.028125 0.019444
1 0.717708 0.027315 0.015625 0.030556
4 0.723437 0.062500 0.017708 0.015741
1 0.797396 0.163889 0.019792 0.044444
5 0.800000 0.209722 0.025000 0.023148
1 0.714844 0.243519 0.023438 0.050000
1 0.897917 0.340741 0.022917 0.048148
6 0.897917 0.391667 0.033333 0.038889
