8 0.134115 0.341667 0.054688 0.085185
8 0.242969 0.111111 0.045312 0.068519
9 0.389844 0.063889 0.049479 0.050000
5 0.428646 0.078241 0.026042 0.017593
5 0.536198 0.030556 0.015104 0.016667
5 0.548698 0.031019 0.015104 0.015741
4 0.571875 0.028704 0.013542 0.012963
8 0.716667 0.039352 0.038542 0.062037
5 0.754167 0.060185 0.020833 0.018519
8 0.788021 0.168519 0.046875 0.074074
5 0.658073 0.299074 0.034896 0.033333
8 0.709115 0.267130 0.065104 0.102778
6 0.713542 0.310648 0.054167 0.032407
8 0.882292 0.335185 0.053125 0.085185
5 0.868490 0.386111 0.023438 0.037037
5 0.927865 0.678241 0.026562 0.047222
1 0.129688 0.332407 0.022917 0.046296
6 0.124219 0.381944 0.028646 0.045370
5 0.132292 0.390741 0.026042 0.035185
1 0.242188 0.093519 0.017708 0.033333
1 0.385156 0.057407 0.018229 0.037037
6 0.387240 0.084722 0.028646 0.019444
1 0.718490 0.025000 0.015104 0.031481
4 0.722917 0.063889 0.017708 0.014815
1 0.795573 0.154630 0.019271 0.042593
5 0.800521 0.211111 0.026042 0.022222
1 0.712240 0.258796 0.024479 0.047222
1 0.897135 0.319907 0.021354 0.049074
5 0.896615 0.391667 0.032813 0.035185
