8 0.134115 0.343056 0.054688 0.080556
8 0.248438 0.104630 0.042708 0.072222
8 0.394792 0.044907 0.048958 0.076852
5 0.428646 0.078241 0.026042 0.017593
5 0.536198 0.030556 0.015104 0.016667
5 0.548698 0.031019 0.015104 0.015741
4 0.573438 0.028704 0.016667 0.012963
8 0.716667 0.039352 0.038542 0.062037
5 0.754167 0.058796 0.020833 0.019444
8 0.788021 0.170833 0.046875 0.069444
5 0.658073 0.299074 0.034896 0.033333
8 0.709115 0.270370 0.067187 0.109259
6 0.717187 0.315741 0.055208 0.037037
8 0.882812 0.337500 0.052083 0.084259
5 0.868490 0.385185 0.023438 0.037037
5 0.927865 0.678241 0.026562 0.047222
6 0.124219 0.383796 0.028646 0.039815
5 0.132812 0.389815 0.026042 0.037037
1 0.121615 0.330556 0.025521 0.046296
1 0.244010 0.087500 0.016146 0.032407
1 0.394010 0.025000 0.018229 0.033333
5 0.383333 0.086111 0.025000 0.018519
1 0.718490 0.025463 0.015104 0.030556
4 0.722917 0.063426 0.019792 0.013889
1 0.797396 0.158333 0.019792 0.042593
5 0.800260 0.211111 0.025521 0.022222
1 0.717708 0.248148 0.025000 0.048148
1 0.897135 0.325000 0.022396 0.050000
5 0.897396 0.392130 0.033333 0.034259
