8 0.132292 0.339815 0.057292 0.094444
6 0.124740 0.383333 0.028646 0.038889
5 0.132292 0.389815 0.025000 0.033333
8 0.247917 0.109722 0.041667 0.056481
9 0.393490 0.063889 0.048438 0.055556
6 0.389062 0.092130 0.029167 0.026852
5 0.427865 0.078241 0.024479 0.017593
5 0.535417 0.031019 0.014583 0.015741
5 0.548438 0.030556 0.015625 0.014815
6 0.575521 0.031019 0.020833 0.015741
8 0.713021 0.032407 0.035417 0.055556
8 0.778385 0.167130 0.039062 0.087963
5 0.657813 0.299074 0.035417 0.035185
8 0.702865 0.259722 0.076563 0.106481
8 0.880990 0.339352 0.054688 0.099074
5 0.927865 0.677778 0.026562 0.050000
1 0.118490 0.324074 0.024479 0.044444
1 0.243490 0.098611 0.017188 0.034259
1 0.403385 0.056019 0.018229 0.034259
1 0.716667 0.022685 0.017708 0.030556
3 0.720313 0.065278 0.012500 0.010185
5 0.726042 0.064815 0.032292 0.016667
5 0.753906 0.059722 0.021354 0.019444
1 0.780990 0.143981 0.020313 0.043519
6 0.801042 0.205556 0.025000 0.027778
1 0.714844 0.234259 0.026562 0.051852
6 0.702344 0.306481 0.052604 0.048148
1 0.896615 0.318056 0.022396 0.049074
5 0.868490 0.384722 0.023438 0.036111
6 0.893490 0.387037 0.029687 0.040741
