8 0.134115 0.335185 0.056771 0.100000
8 0.246615 0.109259 0.040104 0.059259
8 0.390365 0.059259 0.045312 0.066667
5 0.428646 0.078241 0.026042 0.017593
5 0.536198 0.030556 0.015104 0.016667
5 0.548698 0.031019 0.015104 0.015741
4 0.570833 0.029630 0.011458 0.012963
8 0.716667 0.039352 0.038542 0.062037
5 0.753646 0.060185 0.019792 0.018519
8 0.788021 0.170833 0.046875 0.069444
5 0.658073 0.299074 0.034896 0.033333
8 0.709115 0.273611 0.067187 0.108333
6 0.704688 0.311111 0.048958 0.033333
8 0.883594 0.348148 0.054688 0.094444
5 0.868490 0.383333 0.023438 0.037037
5 0.927865 0.678241 0.026562 0.047222
1 0.129167 0.313426 0.022917 0.050926
6 0.124219 0.381481 0.029687 0.044444
5 0.132292 0.390741 0.026042 0.033333
1 0.244010 0.098611 0.016146 0.034259
5 0.389062 0.093056 0.030208 0.023148
1 0.399740 0.045370 0.019271 0.035185
1 0.718490 0.024074 0.016146 0.031481
1 0.722917 0.062963 0.016667 0.016667
1 0.795833 0.157407 0.018750 0.040741
5 0.800521 0.211111 0.026042 0.020370
1 0.720833 0.261111 0.025000 0.046296
1 0.899219 0.340741 0.023438 0.048148
6 0.899740 0.391667 0.027604 0.038889
5 0.581771 0.032870 0.012500 0.017593
