8 0.134635 0.343056 0.057813 0.082407
6 0.124740 0.382407 0.029687 0.042593
5 0.132292 0.390278 0.026042 0.034259
8 0.247917 0.108333 0.039583 0.057407
8 0.392708 0.044444 0.044792 0.081481
5 0.384115 0.087037 0.023438 0.016667
5 0.429427 0.079167 0.023438 0.015741
5 0.535937 0.031944 0.015625 0.017593
5 0.548958 0.030556 0.015625 0.014815
4 0.571615 0.029167 0.013021 0.013889
8 0.717187 0.040741 0.038542 0.061111
5 0.754167 0.060648 0.020833 0.019444
8 0.790365 0.173148 0.047396 0.068519
5 0.800781 0.211574 0.025521 0.021296
5 0.657813 0.300000 0.036458 0.037037
8 0.708333 0.249074 0.083333 0.098148
5 0.717187 0.315741 0.055208 0.035185
8 0.877083 0.335648 0.047917 0.084259
5 0.869271 0.386111 0.022917 0.037037
5 0.927865 0.678241 0.027604 0.049074
1 0.126302 0.328241 0.022396 0.047222
1 0.245312 0.097222 0.016667 0.031481
1 0.390104 0.020833 0.016667 0.032407
3 0.402344 0.084722 0.014063 0.012037
1 0.717187 0.025926 0.015625 0.029630
4 0.722656 0.063426 0.016146 0.013889
1 0.797135 0.159722 0.019271 0.039815
1 0.707031 0.237037 0.026562 0.050000
1 0.889583 0.332870 0.022917 0.045370
5 0.901823 0.396296 0.025521 0.027778
