8 0.135417 0.341667 0.057292 0.081481
6 0.124740 0.381481 0.029687 0.042593
5 0.132292 0.390278 0.026042 0.034259
8 0.247917 0.107407 0.038542 0.059259
9 0.389844 0.066667 0.053646 0.053704
6 0.384115 0.086574 0.024479 0.019444
5 0.429167 0.078241 0.023958 0.017593
5 0.535417 0.031019 0.015625 0.017593
5 0.548438 0.030556 0.015625 0.014815
4 0.571615 0.029167 0.013021 0.013889
8 0.716667 0.040741 0.038542 0.061111
5 0.754167 0.060185 0.020833 0.018519
8 0.788542 0.168519 0.047917 0.074074
5 0.799740 0.212037 0.026562 0.022222
5 0.657813 0.297222 0.036458 0.037037
8 0.714063 0.259722 0.064583 0.093519
5 0.716667 0.315741 0.055208 0.035185
8 0.884115 0.338889 0.058854 0.077778
5 0.869271 0.385185 0.022917 0.037037
5 0.927865 0.678241 0.027604 0.049074
1 0.126562 0.329167 0.023958 0.047222
1 0.244792 0.094907 0.016667 0.032407
1 0.392188 0.059259 0.017708 0.035185
4 0.722917 0.063889 0.016667 0.014815
1 0.717969 0.025463 0.015104 0.030556
1 0.796094 0.154167 0.020313 0.041667
1 0.724219 0.253704 0.024479 0.050000
1 0.902865 0.333333 0.021354 0.046296
5 0.902344 0.395833 0.026562 0.028704
3 0.402604 0.084259 0.014583 0.012963
