8 0.134896 0.343056 0.058333 0.086111
6 0.124740 0.382407 0.029687 0.042593
5 0.132292 0.390278 0.026042 0.034259
8 0.245312 0.106944 0.041667 0.067593
9 0.401042 0.058333 0.050000 0.057407
5 0.384115 0.087037 0.023438 0.016667
5 0.429167 0.078241 0.023958 0.017593
5 0.535937 0.031944 0.015625 0.017593
5 0.548958 0.030556 0.015625 0.014815
4 0.571615 0.029167 0.013021 0.013889
8 0.717187 0.040741 0.038542 0.061111
5 0.754167 0.060648 0.020833 0.019444
8 0.787760 0.172222 0.047396 0.068519
5 0.799740 0.211574 0.025521 0.021296
5 0.657813 0.300000 0.036458 0.037037
8 0.712240 0.267130 0.070312 0.106481
6 0.717187 0.315741 0.055208 0.035185
8 0.886719 0.356019 0.067187 0.076852
5 0.869271 0.386111 0.022917 0.037037
5 0.927865 0.678241 0.027604 0.049074
1 0.126562 0.326852 0.021875 0.048148
1 0.242188 0.093056 0.016667 0.034259
4 0.401302 0.078241 0.018229 0.015741
1 0.404427 0.050463 0.017188 0.034259
1 0.719271 0.026389 0.016667 0.030556
4 0.722917 0.063426 0.017708 0.013889
1 0.797396 0.159259 0.018750 0.040741
1 0.719792 0.253241 0.025000 0.047222
1 0.908073 0.354630 0.023438 0.042593
6 0.899479 0.392593 0.030208 0.033333
