8 0.134896 0.343056 0.058333 0.086111
6 0.125000 0.380093 0.029167 0.047222
5 0.132292 0.390278 0.026042 0.034259
8 0.246354 0.108333 0.040625 0.057407
9 0.402083 0.059259 0.050000 0.057407
5 0.384115 0.087037 0.023438 0.016667
5 0.429167 0.078241 0.023958 0.017593
5 0.535937 0.031944 0.015625 0.017593
5 0.548958 0.030556 0.015625 0.014815
4 0.571615 0.029167 0.013021 0.013889
8 0.717187 0.040741 0.038542 0.061111
5 0.754167 0.060648 0.020833 0.019444
8 0.787760 0.172222 0.047396 0.068519
5 0.799740 0.211574 0.025521 0.021296
5 0.657813 0.298148 0.036458 0.037037
8 0.712240 0.267130 0.070312 0.106481
6 0.717187 0.315741 0.055208 0.035185
8 0.884635 0.353241 0.067187 0.076852
5 0.869271 0.386111 0.022917 0.037037
5 0.927865 0.678241 0.027604 0.049074
1 0.127083 0.328241 0.022917 0.049074
1 0.242188 0.099074 0.016667 0.033333
1 0.403906 0.049074 0.017188 0.033333
4 0.403125 0.080093 0.014583 0.015741
1 0.717969 0.025926 0.017188 0.031481
4 0.722656 0.062963 0.017188 0.014815
1 0.797396 0.158333 0.019792 0.040741
1 0.719531 0.247222 0.023438 0.048148
1 0.904948 0.347685 0.024479 0.045370
6 0.899740 0.392593 0.030729 0.035185
