8 0.134375 0.343056 0.056250 0.084259
6 0.124740 0.382407 0.029687 0.042593
5 0.132292 0.390278 0.026042 0.034259
8 0.247917 0.108796 0.040625 0.062037
9 0.393750 0.063889 0.051042 0.055556
6 0.383854 0.087037 0.023958 0.020370
5 0.429167 0.078241 0.023958 0.017593
5 0.535937 0.031944 0.015625 0.017593
5 0.548958 0.030556 0.015625 0.014815
4 0.571615 0.029167 0.013021 0.013889
8 0.717187 0.040741 0.038542 0.061111
5 0.754167 0.060648 0.020833 0.019444
8 0.788281 0.167130 0.046354 0.073148
5 0.800260 0.212037 0.026562 0.022222
5 0.657813 0.298148 0.036458 0.037037
8 0.701042 0.261111 0.053125 0.077778
5 0.712240 0.307870 0.050521 0.032407
8 0.882292 0.339352 0.050000 0.097222
5 0.869271 0.386111 0.022917 0.037037
5 0.927865 0.678241 0.027604 0.049074
1 0.126302 0.328241 0.022396 0.047222
1 0.245052 0.095833 0.017188 0.034259
1 0.397396 0.056944 0.020833 0.036111
3 0.401562 0.083796 0.012500 0.012037
1 0.718229 0.025926 0.015625 0.029630
4 0.722917 0.063426 0.016667 0.013889
1 0.798177 0.152778 0.018229 0.042593
1 0.707292 0.261574 0.025000 0.050926
1 0.895573 0.317130 0.022396 0.049074
6 0.899479 0.392130 0.028125 0.037963
