8 0.134375 0.341667 0.056250 0.081481
6 0.124740 0.381481 0.029687 0.042593
5 0.132292 0.390278 0.026042 0.034259
8 0.247917 0.107870 0.038542 0.058333
9 0.393490 0.065741 0.052604 0.051852
6 0.384115 0.087037 0.023438 0.018519
5 0.429167 0.078241 0.023958 0.017593
5 0.535417 0.031019 0.015625 0.017593
5 0.548438 0.030556 0.015625 0.014815
4 0.571615 0.029167 0.013021 0.013889
8 0.716667 0.040741 0.038542 0.061111
5 0.754167 0.060185 0.020833 0.018519
8 0.788021 0.167593 0.044792 0.072222
5 0.799740 0.211574 0.026562 0.021296
5 0.657813 0.298148 0.036458 0.037037
8 0.713021 0.251389 0.058333 0.097222
5 0.712240 0.306481 0.051562 0.035185
8 0.882812 0.323148 0.047917 0.120370
5 0.869271 0.385185 0.022917 0.037037
5 0.927865 0.678241 0.027604 0.049074
1 0.126042 0.329167 0.022917 0.047222
1 0.245573 0.095833 0.016146 0.032407
1 0.397135 0.058333 0.018229 0.035185
1 0.717969 0.025463 0.015104 0.030556
4 0.721615 0.062500 0.018229 0.015741
1 0.796094 0.152778 0.020313 0.042593
1 0.723958 0.231481 0.023958 0.048148
0 0.895312 0.288426 0.019792 0.049074
5 0.899740 0.395370 0.027604 0.027778
3 0.401302 0.083796 0.015104 0.012037
