8 0.147656 0.329630 0.055729 0.083333
5 0.125521 0.382870 0.030208 0.041667
5 0.132292 0.391204 0.023958 0.032407
8 0.248177 0.105093 0.038021 0.060185
9 0.391927 0.060185 0.051562 0.059259
5 0.429167 0.079167 0.023958 0.017593
5 0.536719 0.031019 0.015104 0.015741
5 0.549740 0.031019 0.015104 0.013889
8 0.716667 0.039815 0.039583 0.061111
5 0.754167 0.060185 0.020833 0.018519
8 0.787760 0.173611 0.046354 0.065741
5 0.800781 0.212500 0.026562 0.023148
5 0.657813 0.298611 0.035417 0.034259
6 0.713281 0.316204 0.045312 0.032407
8 0.701562 0.265741 0.065625 0.077778
8 0.878906 0.341667 0.051562 0.085185
5 0.869271 0.386574 0.021875 0.034259
5 0.927083 0.677315 0.026042 0.050926
1 0.130469 0.312037 0.021354 0.044444
1 0.243229 0.093519 0.015625 0.033333
1 0.396354 0.050000 0.017708 0.033333
6 0.385937 0.086574 0.020833 0.019444
3 0.403646 0.083796 0.015625 0.012037
9 0.576823 0.021296 0.044271 0.040741
1 0.576302 0.011574 0.015104 0.021296
1 0.718750 0.026389 0.014583 0.030556
4 0.723177 0.064352 0.016146 0.015741
1 0.798177 0.162037 0.020313 0.038889
1 0.709375 0.266204 0.022917 0.045370
1 0.893750 0.335648 0.022917 0.049074
6 0.890625 0.380556 0.016667 0.029630
