8 0.146615 0.326852 0.056771 0.083333
5 0.125521 0.382870 0.030208 0.041667
5 0.133073 0.389352 0.025521 0.036111
8 0.248438 0.106019 0.037500 0.058333
9 0.391406 0.060648 0.054688 0.058333
5 0.429167 0.079167 0.023958 0.017593
5 0.536719 0.031019 0.015104 0.015741
5 0.549740 0.031019 0.015104 0.013889
4 0.573438 0.031019 0.014583 0.013889
8 0.716667 0.039815 0.039583 0.061111
5 0.754167 0.060185 0.020833 0.018519
8 0.788281 0.174537 0.046354 0.063889
5 0.800521 0.212037 0.026042 0.022222
5 0.657552 0.300000 0.034896 0.037037
5 0.713281 0.315278 0.045312 0.034259
8 0.704688 0.255556 0.066667 0.098148
8 0.880729 0.341204 0.053125 0.093519
5 0.869271 0.386574 0.021875 0.034259
5 0.927083 0.677315 0.026042 0.050926
1 0.131510 0.309259 0.023438 0.046296
1 0.243490 0.094907 0.016146 0.032407
1 0.396615 0.053241 0.018229 0.034259
6 0.385156 0.086111 0.021354 0.020370
3 0.402604 0.084259 0.014583 0.012963
9 0.576042 0.020833 0.045833 0.039815
1 0.576562 0.011111 0.012500 0.020370
1 0.718229 0.026389 0.015625 0.030556
4 0.723698 0.064815 0.017188 0.014815
1 0.799740 0.165278 0.020313 0.039815
1 0.709896 0.231944 0.025000 0.049074
1 0.895312 0.329630 0.022917 0.046296
6 0.889323 0.382407 0.019271 0.025926
