8 0.146094 0.333333 0.055729 0.085185
5 0.125521 0.382870 0.030208 0.041667
5 0.132552 0.390278 0.024479 0.034259
8 0.248438 0.106019 0.037500 0.058333
8 0.396354 0.051852 0.047917 0.070370
5 0.429167 0.079167 0.023958 0.017593
5 0.536719 0.031019 0.015104 0.015741
5 0.549740 0.031019 0.015104 0.013889
8 0.716667 0.039815 0.039583 0.061111
5 0.754167 0.060185 0.020833 0.018519
8 0.786458 0.168519 0.045833 0.075926
5 0.800521 0.212500 0.026042 0.023148
5 0.657292 0.299537 0.034375 0.036111
5 0.713021 0.315278 0.044792 0.032407
9 0.703385 0.260185 0.069271 0.088889
8 0.879948 0.340278 0.055729 0.080556
5 0.869271 0.386574 0.021875 0.034259
5 0.927083 0.677315 0.026042 0.050926
1 0.130469 0.315278 0.023438 0.045370
1 0.245052 0.095833 0.016146 0.034259
6 0.385417 0.085185 0.022917 0.022222
1 0.397656 0.036111 0.018229 0.037037
3 0.403125 0.084259 0.015625 0.012963
9 0.576823 0.020833 0.044271 0.039815
1 0.576823 0.012037 0.013021 0.022222
1 0.716927 0.025000 0.014063 0.029630
4 0.723177 0.064352 0.015104 0.015741
1 0.794010 0.152778 0.020313 0.044444
1 0.709635 0.259722 0.025521 0.049074
1 0.895573 0.338889 0.023438 0.048148
5 0.896875 0.392593 0.033333 0.033333
