8 0.146875 0.330556 0.057292 0.083333
5 0.125521 0.382870 0.030208 0.041667
5 0.132812 0.390278 0.025000 0.034259
8 0.248438 0.106019 0.037500 0.058333
8 0.395833 0.052315 0.047917 0.071296
5 0.429167 0.079167 0.023958 0.017593
5 0.536198 0.031944 0.015104 0.017593
5 0.549740 0.031019 0.015104 0.013889
8 0.716667 0.039815 0.039583 0.061111
5 0.754167 0.060185 0.020833 0.018519
8 0.787760 0.175000 0.046354 0.064815
5 0.800521 0.212037 0.026042 0.022222
5 0.657813 0.299537 0.035417 0.036111
5 0.713802 0.315278 0.045312 0.032407
8 0.699740 0.251852 0.054688 0.092593
8 0.878125 0.340278 0.058333 0.078704
5 0.869271 0.386574 0.021875 0.034259
5 0.927083 0.677315 0.026042 0.050926
1 0.130469 0.313426 0.020313 0.047222
1 0.245573 0.095370 0.017188 0.031481
6 0.385677 0.085648 0.020313 0.019444
1 0.396094 0.034722 0.017188 0.034259
3 0.402604 0.084722 0.013542 0.012037
9 0.576562 0.020833 0.044792 0.039815
1 0.576823 0.011574 0.013021 0.021296
1 0.717448 0.025000 0.015104 0.031481
4 0.723177 0.064815 0.017188 0.014815
1 0.799219 0.163889 0.019271 0.040741
1 0.706510 0.247685 0.023438 0.045370
1 0.895312 0.343056 0.020833 0.047222
5 0.896615 0.392130 0.032813 0.034259
