8 0.148698 0.326389 0.052604 0.099074
5 0.125521 0.383333 0.031250 0.040741
5 0.131771 0.390278 0.026042 0.034259
8 0.248438 0.106019 0.037500 0.060185
9 0.391667 0.062963 0.055208 0.055556
3 0.402865 0.083796 0.015104 0.012037
5 0.429688 0.078241 0.022917 0.017593
5 0.535417 0.031019 0.015625 0.015741
5 0.550000 0.031019 0.015625 0.013889
9 0.576042 0.020370 0.045833 0.038889
1 0.576042 0.011111 0.013542 0.020370
8 0.716667 0.041204 0.039583 0.063889
5 0.753646 0.060185 0.020833 0.018519
8 0.792708 0.175000 0.044792 0.077778
5 0.657552 0.299537 0.035937 0.036111
6 0.713542 0.315278 0.045833 0.032407
9 0.704167 0.272685 0.070833 0.086111
8 0.879427 0.344907 0.060937 0.087963
5 0.868490 0.385185 0.022396 0.037037
6 0.897135 0.390278 0.034896 0.037963
5 0.927865 0.677778 0.027604 0.050000
1 0.134375 0.301852 0.019792 0.048148
1 0.244271 0.095370 0.016667 0.035185
1 0.393229 0.056944 0.018750 0.034259
6 0.386198 0.085648 0.021354 0.019444
1 0.717708 0.025926 0.014583 0.031481
4 0.723698 0.065278 0.016146 0.015741
1 0.799479 0.157870 0.020833 0.041667
4 0.800260 0.205556 0.016146 0.018519
1 0.713281 0.271759 0.025521 0.047222
1 0.897917 0.341204 0.023958 0.050926
