8 0.141667 0.329167 0.051042 0.095370
6 0.126562 0.379630 0.030208 0.044444
5 0.132292 0.390741 0.026042 0.035185
8 0.248177 0.104167 0.036979 0.063889
9 0.391667 0.062500 0.055208 0.056481
3 0.402604 0.082407 0.014583 0.014815
5 0.429688 0.078241 0.022917 0.017593
5 0.535417 0.031019 0.015625 0.015741
5 0.550000 0.031019 0.015625 0.013889
9 0.576042 0.019907 0.045833 0.037963
1 0.576042 0.010648 0.013542 0.019444
8 0.716667 0.041204 0.039583 0.063889
5 0.753906 0.059722 0.020313 0.019444
8 0.792188 0.174537 0.044792 0.078704
5 0.658073 0.300463 0.034896 0.037963
5 0.713542 0.315278 0.045833 0.032407
9 0.704167 0.259259 0.066667 0.092593
8 0.879687 0.343519 0.060417 0.090741
5 0.868490 0.386111 0.022396 0.037037
6 0.897396 0.389815 0.034375 0.037037
5 0.927865 0.677778 0.027604 0.050000
1 0.135937 0.309259 0.020833 0.048148
1 0.244271 0.090278 0.017708 0.034259
1 0.394792 0.058333 0.018750 0.035185
6 0.386979 0.085648 0.020833 0.017593
1 0.717448 0.025926 0.015104 0.029630
4 0.723177 0.063889 0.017188 0.014815
1 0.710156 0.254167 0.025521 0.050926
1 0.798438 0.158333 0.021875 0.040741
4 0.799219 0.204630 0.018229 0.022222
1 0.897656 0.337963 0.023438 0.048148
