8 0.144010 0.327315 0.046354 0.097222
6 0.126042 0.378704 0.030208 0.044444
5 0.132812 0.390278 0.026042 0.034259
8 0.248177 0.105093 0.036979 0.062037
9 0.393490 0.062037 0.051562 0.057407
3 0.402865 0.083796 0.015104 0.012037
5 0.429688 0.078241 0.022917 0.017593
5 0.536458 0.031944 0.015625 0.015741
5 0.550000 0.031019 0.015625 0.013889
9 0.576042 0.019907 0.045833 0.037963
1 0.576042 0.010648 0.013542 0.019444
8 0.716667 0.041204 0.039583 0.063889
5 0.753906 0.059722 0.020313 0.019444
8 0.792188 0.174537 0.044792 0.078704
5 0.658073 0.299537 0.034896 0.036111
5 0.713542 0.315278 0.045833 0.032407
9 0.704427 0.259722 0.067187 0.091667
8 0.879948 0.344444 0.059896 0.088889
5 0.868490 0.384259 0.022396 0.037037
6 0.897396 0.390278 0.033333 0.039815
5 0.927865 0.677778 0.027604 0.050000
1 0.134635 0.305093 0.021354 0.049074
1 0.240625 0.089352 0.016667 0.030556
1 0.396354 0.051389 0.018750 0.032407
6 0.385937 0.085648 0.020833 0.021296
4 0.722917 0.064352 0.016667 0.015741
1 0.717708 0.026389 0.015625 0.032407
1 0.802083 0.158333 0.020833 0.040741
4 0.801562 0.205556 0.019792 0.022222
1 0.710156 0.256019 0.027604 0.050926
1 0.898438 0.340741 0.022917 0.046296
