8 0.141667 0.329167 0.051042 0.095370
6 0.126042 0.378704 0.030208 0.044444
5 0.132812 0.390278 0.026042 0.034259
8 0.248438 0.106019 0.037500 0.060185
9 0.391667 0.062500 0.055208 0.056481
3 0.402604 0.082407 0.014583 0.014815
5 0.429688 0.078241 0.022917 0.017593
5 0.535417 0.031019 0.015625 0.015741
5 0.550000 0.031019 0.015625 0.013889
9 0.576042 0.019907 0.045833 0.037963
1 0.576042 0.010648 0.013542 0.019444
8 0.716667 0.041204 0.039583 0.063889
5 0.753646 0.059722 0.020833 0.019444
8 0.794271 0.176389 0.044792 0.078704
5 0.657552 0.299537 0.035937 0.036111
6 0.713542 0.315278 0.045833 0.032407
9 0.704167 0.271759 0.070833 0.086111
8 0.881250 0.343981 0.060417 0.087963
5 0.868490 0.387037 0.022396 0.037037
6 0.897135 0.389815 0.034896 0.037037
5 0.927865 0.677778 0.027604 0.050000
1 0.137240 0.306481 0.021354 0.048148
1 0.244271 0.093519 0.016667 0.037037
1 0.394531 0.058796 0.018229 0.034259
6 0.386198 0.085648 0.021354 0.019444
1 0.717969 0.025463 0.016146 0.030556
4 0.723958 0.064352 0.016667 0.015741
1 0.800260 0.158333 0.020313 0.040741
4 0.801302 0.205093 0.017188 0.019444
1 0.714844 0.268981 0.024479 0.047222
1 0.899219 0.340741 0.023438 0.051852
