8 0.141667 0.329167 0.051042 0.095370
6 0.126042 0.378704 0.030208 0.044444
5 0.131771 0.390278 0.026042 0.034259
8 0.248438 0.106944 0.037500 0.060185
9 0.392708 0.062500 0.055208 0.056481
3 0.402865 0.084722 0.015104 0.012037
5 0.429688 0.078241 0.022917 0.017593
5 0.535417 0.031019 0.015625 0.015741
5 0.550000 0.031019 0.015625 0.013889
9 0.576042 0.019907 0.045833 0.037963
1 0.576042 0.010648 0.013542 0.019444
8 0.716667 0.041204 0.039583 0.063889
5 0.753906 0.059722 0.020313 0.019444
8 0.791146 0.169907 0.046875 0.082407
5 0.657813 0.300000 0.035417 0.037037
5 0.713542 0.315278 0.045833 0.032407
9 0.703646 0.259259 0.067708 0.092593
8 0.879427 0.343981 0.060937 0.087963
5 0.869010 0.387037 0.022396 0.037037
6 0.897656 0.390278 0.035937 0.037963
5 0.927865 0.677778 0.027604 0.050000
1 0.137500 0.306944 0.021875 0.047222
1 0.241927 0.095833 0.017188 0.034259
1 0.397396 0.055093 0.018750 0.034259
6 0.386198 0.086574 0.021354 0.019444
1 0.718490 0.025926 0.016146 0.031481
4 0.723437 0.064352 0.016667 0.015741
1 0.795052 0.153241 0.020313 0.045370
4 0.795573 0.202315 0.014063 0.015741
5 0.802083 0.214815 0.025000 0.020370
1 0.709375 0.250463 0.025000 0.052778
1 0.898438 0.341667 0.022917 0.048148
