5 0.127344 0.380556 0.031771 0.040741
5 0.132292 0.390741 0.026042 0.035185
8 0.147917 0.325000 0.053125 0.087037
8 0.250521 0.103241 0.037500 0.065741
9 0.394792 0.065741 0.053125 0.048148
3 0.402083 0.085648 0.014583 0.012037
6 0.386198 0.085648 0.021354 0.019444
5 0.429688 0.077778 0.021875 0.016667
5 0.536719 0.032407 0.015104 0.014815
5 0.549479 0.031019 0.015625 0.013889
8 0.715625 0.036574 0.038542 0.063889
5 0.754167 0.060648 0.020833 0.019444
8 0.791927 0.177315 0.046354 0.075000
5 0.657813 0.300926 0.035417 0.037037
9 0.702083 0.262500 0.060417 0.078704
5 0.714063 0.315741 0.045833 0.033333
8 0.877865 0.343519 0.054688 0.094444
5 0.869010 0.386574 0.023438 0.036111
6 0.897917 0.389352 0.033333 0.039815
5 0.927083 0.678704 0.026042 0.046296
1 0.133333 0.305093 0.021875 0.043519
1 0.244792 0.089352 0.016667 0.034259
1 0.397135 0.059259 0.017188 0.033333
4 0.572917 0.031481 0.016667 0.012963
1 0.717708 0.021759 0.014583 0.030556
4 0.720313 0.061111 0.015625 0.016667
1 0.799479 0.159722 0.019792 0.039815
4 0.800000 0.205556 0.017708 0.018519
1 0.893750 0.335648 0.021875 0.049074
