5 0.127344 0.380556 0.031771 0.040741
5 0.132292 0.390741 0.026042 0.035185
8 0.147135 0.325926 0.051562 0.081481
8 0.250000 0.106481 0.037500 0.062963
9 0.395052 0.066204 0.052604 0.049074
3 0.402083 0.085648 0.014583 0.012037
6 0.386198 0.085648 0.021354 0.019444
5 0.429688 0.077778 0.021875 0.016667
5 0.536198 0.032407 0.015104 0.014815
5 0.549219 0.031019 0.015104 0.013889
8 0.709115 0.031019 0.044271 0.060185
5 0.754167 0.060648 0.020833 0.019444
8 0.791927 0.176389 0.045312 0.076852
5 0.657813 0.300926 0.035417 0.037037
9 0.700521 0.257407 0.060417 0.085185
5 0.714063 0.315741 0.045833 0.033333
8 0.878125 0.343981 0.054167 0.093519
5 0.869010 0.387500 0.023438 0.036111
6 0.898177 0.390278 0.033854 0.037963
5 0.927083 0.678704 0.026042 0.046296
1 0.133333 0.307407 0.022917 0.042593
1 0.242188 0.094444 0.016667 0.033333
1 0.397396 0.059259 0.017708 0.035185
4 0.572135 0.031019 0.016146 0.013889
2 0.716146 0.016204 0.015625 0.030556
5 0.723437 0.065278 0.028125 0.013889
1 0.799740 0.160648 0.019271 0.039815
4 0.800260 0.206019 0.016146 0.017593
1 0.708854 0.262963 0.022917 0.044444
1 0.893229 0.337037 0.022917 0.046296
