5 0.127344 0.380556 0.031771 0.040741
5 0.132292 0.390741 0.026042 0.035185
8 0.148177 0.318981 0.051562 0.097222
9 0.396354 0.063889 0.053125 0.050000
3 0.402083 0.085648 0.014583 0.012037
6 0.386198 0.086574 0.021354 0.019444
5 0.430469 0.078704 0.023438 0.018519
5 0.536719 0.032407 0.015104 0.014815
5 0.549219 0.031481 0.016146 0.014815
8 0.715625 0.037500 0.038542 0.063889
5 0.754167 0.060648 0.020833 0.019444
8 0.791667 0.178241 0.045833 0.075000
5 0.657813 0.300926 0.035417 0.037037
8 0.701302 0.257870 0.061979 0.084259
5 0.714063 0.315741 0.045833 0.033333
8 0.879167 0.343519 0.055208 0.096296
5 0.868490 0.387500 0.023438 0.036111
6 0.897396 0.390278 0.034375 0.039815
5 0.927083 0.678704 0.026042 0.046296
1 0.135937 0.296759 0.020833 0.049074
2 0.252604 0.061574 0.019792 0.037963
8 0.257812 0.161574 0.057292 0.234259
1 0.398698 0.057870 0.018229 0.034259
4 0.572656 0.031019 0.015104 0.013889
1 0.718229 0.021296 0.014583 0.031481
4 0.720052 0.061111 0.015104 0.016667
1 0.800260 0.167593 0.020313 0.038889
4 0.796354 0.209259 0.016667 0.022222
1 0.710417 0.251852 0.025000 0.050000
1 0.894531 0.336111 0.023438 0.048148
