5 0.127344 0.380556 0.031771 0.040741
5 0.132292 0.390741 0.026042 0.035185
8 0.146354 0.325463 0.050000 0.082407
8 0.252083 0.104167 0.040625 0.063889
8 0.394271 0.055556 0.051042 0.061111
3 0.402083 0.085648 0.014583 0.012037
5 0.385677 0.088426 0.021354 0.019444
5 0.429688 0.078241 0.021875 0.017593
5 0.536198 0.032407 0.015104 0.014815
5 0.549219 0.031481 0.015104 0.012963
8 0.712240 0.030556 0.034896 0.059259
8 0.790365 0.169907 0.043229 0.089815
5 0.657552 0.300000 0.035937 0.035185
8 0.701562 0.258796 0.062500 0.084259
5 0.714063 0.315741 0.045833 0.033333
8 0.877604 0.342130 0.055208 0.091667
5 0.868490 0.387500 0.023438 0.036111
6 0.897396 0.390278 0.033333 0.037963
5 0.927083 0.678704 0.026042 0.046296
1 0.133073 0.307407 0.021354 0.040741
1 0.246875 0.089352 0.016667 0.032407
1 0.392708 0.042593 0.018750 0.033333
4 0.572396 0.031019 0.015625 0.013889
2 0.719531 0.016204 0.016146 0.030556
4 0.715885 0.053241 0.011979 0.015741
5 0.723437 0.064352 0.026042 0.013889
1 0.794010 0.148611 0.019271 0.041667
4 0.797396 0.207870 0.016667 0.019444
1 0.710156 0.250926 0.024479 0.050000
1 0.892969 0.337037 0.022396 0.048148
