8 0.147396 0.320370 0.048958 0.094444
5 0.127604 0.380556 0.030208 0.038889
5 0.132292 0.390278 0.026042 0.032407
8 0.249479 0.108333 0.035417 0.055556
9 0.391146 0.066204 0.055208 0.052778
6 0.385417 0.086574 0.022917 0.019444
3 0.401042 0.085648 0.010417 0.013889
5 0.429167 0.079630 0.023958 0.016667
5 0.536979 0.032407 0.014583 0.014815
5 0.549740 0.031019 0.015104 0.012037
4 0.573698 0.030556 0.016146 0.014815
8 0.717708 0.040278 0.039583 0.060185
9 0.785937 0.181019 0.043750 0.052778
5 0.800000 0.213426 0.026042 0.025000
5 0.657813 0.300000 0.035417 0.033333
6 0.713021 0.312500 0.041667 0.037963
8 0.701562 0.266204 0.077083 0.100926
9 0.879427 0.344907 0.058854 0.089815
5 0.868750 0.385648 0.021875 0.036111
6 0.898177 0.390278 0.032813 0.036111
5 0.927604 0.678704 0.026042 0.046296
1 0.135677 0.297685 0.022396 0.047222
1 0.244010 0.096759 0.017188 0.030556
1 0.395833 0.058796 0.017708 0.034259
1 0.720573 0.027315 0.015104 0.030556
4 0.724219 0.062963 0.016146 0.014815
1 0.797917 0.186111 0.019792 0.040741
1 0.709375 0.253241 0.025000 0.050926
1 0.896875 0.339815 0.022917 0.048148
3 0.973177 0.737037 0.013021 0.037037
