8 0.146875 0.318056 0.050000 0.104630
5 0.126042 0.379630 0.030208 0.038889
5 0.132292 0.390278 0.026042 0.032407
8 0.251042 0.105556 0.038542 0.061111
9 0.392969 0.058333 0.048438 0.061111
6 0.385417 0.086111 0.022917 0.018519
3 0.401042 0.084722 0.010417 0.013889
5 0.429167 0.079630 0.023958 0.016667
5 0.536719 0.032407 0.014063 0.014815
5 0.549740 0.031019 0.015104 0.012037
4 0.573438 0.030556 0.016667 0.014815
8 0.718490 0.038426 0.036979 0.062037
8 0.792969 0.174074 0.042188 0.070370
5 0.799740 0.211111 0.025521 0.020370
5 0.657813 0.299537 0.035417 0.032407
6 0.713542 0.315278 0.044792 0.036111
8 0.699740 0.268056 0.066146 0.106481
8 0.876563 0.346759 0.059375 0.093519
5 0.868750 0.387037 0.021875 0.035185
6 0.897917 0.391667 0.032292 0.037037
5 0.926562 0.678704 0.026042 0.046296
1 0.137240 0.294444 0.022396 0.050000
1 0.244271 0.093519 0.017708 0.031481
1 0.394271 0.049074 0.017708 0.033333
1 0.723437 0.024537 0.015625 0.032407
4 0.724740 0.060648 0.018229 0.019444
1 0.798438 0.162500 0.019792 0.043519
1 0.711719 0.250926 0.024479 0.044444
1 0.894531 0.338889 0.021354 0.048148
