8 0.147396 0.319444 0.047917 0.098148
5 0.126042 0.379630 0.030208 0.038889
5 0.132292 0.390278 0.026042 0.032407
8 0.246094 0.109259 0.039062 0.061111
9 0.394271 0.060185 0.048958 0.061111
6 0.385417 0.086111 0.022917 0.018519
3 0.400521 0.085648 0.010417 0.013889
5 0.428646 0.077778 0.023958 0.016667
5 0.536719 0.031481 0.014063 0.014815
5 0.549740 0.031019 0.015104 0.012037
4 0.573438 0.031019 0.017708 0.013889
8 0.717969 0.040278 0.038021 0.060185
8 0.792969 0.174074 0.042188 0.070370
5 0.799740 0.211111 0.025521 0.020370
5 0.657813 0.300463 0.035417 0.032407
6 0.709896 0.314352 0.044792 0.036111
8 0.701042 0.267593 0.071875 0.101852
8 0.878125 0.344907 0.056250 0.097222
5 0.868750 0.384722 0.021875 0.036111
6 0.900000 0.389815 0.034375 0.037037
5 0.926562 0.678704 0.026042 0.046296
1 0.135156 0.296296 0.021354 0.048148
1 0.239844 0.094907 0.017188 0.030556
1 0.398438 0.051389 0.017708 0.036111
1 0.719792 0.026852 0.015625 0.031481
4 0.722917 0.062500 0.017708 0.017593
1 0.797917 0.158333 0.019792 0.038889
1 0.710417 0.256481 0.025000 0.046296
1 0.894271 0.330093 0.021875 0.050926
3 0.973177 0.737963 0.013021 0.037037
