8 0.147396 0.324074 0.047917 0.090741
5 0.126042 0.379630 0.030208 0.038889
5 0.132292 0.390278 0.026042 0.032407
8 0.247917 0.108333 0.038542 0.061111
9 0.389583 0.062963 0.054167 0.055556
6 0.385417 0.086574 0.022917 0.019444
3 0.400521 0.083796 0.010417 0.013889
5 0.429167 0.079630 0.023958 0.016667
5 0.536458 0.032407 0.014583 0.014815
5 0.549740 0.031019 0.015104 0.012037
4 0.573177 0.031481 0.017188 0.014815
8 0.717708 0.040278 0.039583 0.062037
9 0.787500 0.184722 0.046875 0.050926
5 0.800260 0.218519 0.025521 0.024074
5 0.657813 0.300000 0.035417 0.033333
6 0.712240 0.311574 0.038021 0.039815
8 0.701823 0.264352 0.075521 0.097222
8 0.879687 0.346759 0.059375 0.091667
5 0.868750 0.385648 0.021875 0.036111
6 0.898177 0.391204 0.031771 0.036111
5 0.927083 0.678704 0.026042 0.046296
1 0.136458 0.302315 0.019792 0.045370
1 0.244792 0.094444 0.015625 0.029630
1 0.394271 0.057870 0.018750 0.034259
1 0.720313 0.027315 0.016667 0.032407
4 0.723958 0.063426 0.016667 0.015741
7 0.798438 0.189815 0.019792 0.038889
1 0.709635 0.253704 0.022396 0.046296
1 0.897135 0.338889 0.021354 0.046296
3 0.973177 0.737500 0.011979 0.036111
