8 0.146875 0.327315 0.050000 0.086111
5 0.126042 0.379630 0.030208 0.038889
5 0.132292 0.390278 0.026042 0.032407
8 0.251042 0.105556 0.038542 0.061111
9 0.392188 0.060185 0.048958 0.057407
5 0.385417 0.086111 0.022917 0.018519
3 0.401042 0.084722 0.010417 0.013889
5 0.429167 0.079630 0.023958 0.016667
5 0.535417 0.030556 0.014583 0.014815
5 0.549740 0.031019 0.015104 0.012037
4 0.576042 0.030556 0.011458 0.012963
8 0.708594 0.030556 0.038021 0.059259
5 0.722917 0.064815 0.026042 0.014815
8 0.792969 0.174074 0.042188 0.070370
5 0.799740 0.211111 0.025521 0.020370
5 0.657813 0.299537 0.035417 0.032407
6 0.709896 0.314352 0.044792 0.036111
8 0.699740 0.264815 0.065104 0.103704
8 0.877865 0.343981 0.057813 0.091667
5 0.868750 0.387037 0.021875 0.035185
6 0.897917 0.390741 0.034375 0.037037
5 0.926562 0.678704 0.026042 0.046296
1 0.133594 0.305556 0.021354 0.042593
1 0.246615 0.091667 0.017188 0.031481
1 0.396615 0.050926 0.017188 0.037037
1 0.713021 0.017130 0.014583 0.030556
4 0.711719 0.050000 0.014063 0.016667
1 0.802865 0.166204 0.020313 0.043519
1 0.712760 0.248148 0.024479 0.046296
1 0.894792 0.341667 0.022917 0.050000
