8 0.147656 0.326389 0.048438 0.091667
5 0.127604 0.380556 0.030208 0.038889
5 0.132292 0.390278 0.026042 0.032407
8 0.248438 0.106481 0.038542 0.061111
9 0.389583 0.062500 0.053125 0.056481
6 0.385417 0.086574 0.022917 0.019444
3 0.400521 0.083796 0.010417 0.013889
5 0.429167 0.079630 0.023958 0.016667
5 0.536458 0.032407 0.014583 0.014815
5 0.549740 0.031019 0.015104 0.012037
4 0.573438 0.031019 0.016667 0.013889
8 0.717969 0.040278 0.039062 0.060185
8 0.778125 0.159722 0.034375 0.097222
5 0.800521 0.218056 0.027083 0.025000
5 0.657813 0.300000 0.035417 0.033333
6 0.712760 0.313889 0.041146 0.038889
8 0.701823 0.264352 0.075521 0.097222
8 0.878646 0.345833 0.059375 0.089815
5 0.868750 0.385648 0.021875 0.036111
6 0.897917 0.391204 0.031250 0.036111
5 0.928125 0.679630 0.026042 0.046296
1 0.136979 0.304167 0.021875 0.045370
1 0.244010 0.092593 0.016146 0.031481
1 0.394792 0.058796 0.018750 0.034259
1 0.720833 0.026852 0.014583 0.031481
4 0.723698 0.062500 0.016146 0.015741
0 0.785417 0.132870 0.018750 0.041667
1 0.709635 0.254630 0.023438 0.051852
1 0.896875 0.340741 0.020833 0.046296
3 0.972917 0.737037 0.012500 0.035185
