8 0.146615 0.330093 0.047396 0.086111
5 0.127865 0.379630 0.029687 0.038889
5 0.132292 0.390278 0.026042 0.032407
8 0.249219 0.106019 0.035937 0.060185
9 0.394792 0.056481 0.045833 0.061111
6 0.385417 0.085648 0.022917 0.019444
3 0.401042 0.083796 0.010417 0.013889
5 0.429167 0.078704 0.023958 0.016667
5 0.536719 0.030556 0.014063 0.014815
5 0.549740 0.031019 0.015104 0.012037
4 0.573438 0.030556 0.016667 0.014815
8 0.717969 0.040278 0.038021 0.058333
9 0.787240 0.181481 0.046354 0.051852
5 0.800521 0.218519 0.026042 0.024074
5 0.657813 0.299074 0.035417 0.031481
6 0.709896 0.314352 0.044792 0.036111
8 0.699740 0.268056 0.077604 0.104630
8 0.879167 0.344907 0.056250 0.093519
5 0.868750 0.383796 0.021875 0.036111
6 0.898438 0.390741 0.030208 0.035185
5 0.926042 0.678704 0.026042 0.046296
1 0.134635 0.309722 0.021354 0.043519
1 0.244792 0.093056 0.016667 0.032407
1 0.398438 0.043981 0.018750 0.034259
1 0.719792 0.026852 0.014583 0.031481
4 0.723698 0.060648 0.016146 0.017593
7 0.798438 0.183796 0.019792 0.041667
1 0.707292 0.253704 0.025000 0.048148
1 0.897396 0.334722 0.021875 0.043519
3 0.971615 0.737037 0.011979 0.033333
