8 0.147396 0.327315 0.050000 0.086111
5 0.126042 0.379630 0.030208 0.038889
5 0.132292 0.390278 0.026042 0.032407
8 0.249740 0.105556 0.035937 0.061111
9 0.393490 0.058333 0.048438 0.061111
6 0.385417 0.085648 0.022917 0.019444
3 0.400521 0.084722 0.010417 0.013889
5 0.429167 0.078704 0.023958 0.016667
5 0.536719 0.030556 0.014063 0.014815
5 0.549740 0.031019 0.015104 0.012037
4 0.573438 0.030556 0.016667 0.014815
8 0.716667 0.039815 0.038542 0.061111
8 0.792969 0.171296 0.042188 0.075926
5 0.799740 0.210648 0.025521 0.019444
5 0.657813 0.299074 0.035417 0.031481
6 0.709896 0.314352 0.044792 0.036111
8 0.699740 0.268056 0.076563 0.106481
8 0.878646 0.346759 0.059375 0.093519
5 0.869271 0.384722 0.021875 0.036111
6 0.899219 0.390278 0.030729 0.036111
5 0.926042 0.678704 0.026042 0.046296
1 0.135417 0.307870 0.022917 0.045370
1 0.244792 0.093519 0.018750 0.033333
1 0.397396 0.045833 0.017708 0.036111
1 0.719792 0.025000 0.014583 0.031481
4 0.722917 0.061574 0.017708 0.017593
1 0.799740 0.156019 0.020313 0.039815
1 0.707812 0.253241 0.026042 0.049074
1 0.897396 0.337500 0.020833 0.045370
3 0.972656 0.736574 0.013021 0.034259
