8 0.147396 0.319444 0.051042 0.100000
5 0.126042 0.379630 0.030208 0.038889
5 0.132292 0.390278 0.026042 0.032407
8 0.251042 0.105556 0.038542 0.061111
9 0.392969 0.059259 0.048438 0.061111
6 0.385417 0.086574 0.022917 0.019444
3 0.401042 0.083796 0.013542 0.013889
5 0.429167 0.079630 0.023958 0.016667
5 0.535417 0.030556 0.014583 0.014815
5 0.549740 0.031019 0.015104 0.012037
4 0.572917 0.031019 0.016667 0.013889
8 0.717969 0.031019 0.032813 0.060185
2 0.722396 0.015278 0.014583 0.028704
5 0.722917 0.064815 0.026042 0.014815
8 0.791667 0.174074 0.042708 0.068519
5 0.800000 0.210648 0.025000 0.019444
5 0.657813 0.299074 0.035417 0.033333
6 0.710417 0.312037 0.045833 0.042593
8 0.701562 0.263426 0.068750 0.106481
8 0.877865 0.343056 0.056771 0.086111
5 0.868750 0.384722 0.021875 0.036111
6 0.897396 0.389815 0.034375 0.037037
5 0.927083 0.678704 0.026042 0.046296
1 0.133854 0.295833 0.021875 0.050926
1 0.246615 0.093519 0.017188 0.033333
1 0.400000 0.047222 0.018750 0.035185
1 0.800260 0.167130 0.021354 0.041667
1 0.713021 0.237963 0.025000 0.050000
1 0.894271 0.341667 0.023958 0.048148
