8 0.139323 0.328704 0.066146 0.109259
5 0.126042 0.379630 0.030208 0.038889
5 0.132292 0.390278 0.026042 0.032407
8 0.245573 0.108333 0.044271 0.064815
9 0.394271 0.061574 0.048958 0.060185
6 0.385417 0.086111 0.022917 0.018519
3 0.400521 0.084722 0.010417 0.013889
5 0.429167 0.079630 0.023958 0.016667
5 0.535937 0.031481 0.014583 0.014815
5 0.549740 0.031019 0.015104 0.012037
4 0.573438 0.030556 0.017708 0.014815
8 0.717187 0.040741 0.038542 0.059259
8 0.792969 0.174074 0.042188 0.070370
5 0.799740 0.211111 0.025521 0.020370
5 0.657813 0.299537 0.035417 0.032407
6 0.709896 0.314352 0.044792 0.036111
8 0.700521 0.268519 0.076042 0.103704
8 0.879167 0.348148 0.061458 0.094444
5 0.869271 0.387037 0.021875 0.035185
6 0.898958 0.392130 0.031250 0.036111
5 0.926562 0.678704 0.026042 0.046296
1 0.136198 0.300926 0.021354 0.048148
1 0.244792 0.093056 0.016667 0.032407
1 0.397396 0.050000 0.017708 0.031481
1 0.718490 0.025926 0.015104 0.031481
4 0.724219 0.061574 0.016146 0.015741
1 0.798438 0.159722 0.019792 0.039815
1 0.706510 0.255093 0.024479 0.049074
1 0.898438 0.340741 0.022917 0.048148
3 0.973177 0.737963 0.011979 0.035185
