8 0.143490 0.323148 0.055729 0.105556
6 0.131250 0.370833 0.031250 0.041667
5 0.132292 0.391204 0.026042 0.034259
8 0.244010 0.108796 0.044271 0.058333
9 0.392188 0.066204 0.057292 0.052778
6 0.385937 0.087963 0.023958 0.018519
3 0.401042 0.085648 0.011458 0.013889
5 0.429688 0.078241 0.023958 0.017593
5 0.536719 0.031944 0.014063 0.015741
5 0.549740 0.031019 0.016146 0.013889
4 0.573438 0.031019 0.015625 0.013889
8 0.717187 0.040278 0.039583 0.062037
8 0.785937 0.170833 0.048958 0.073148
5 0.799219 0.212037 0.024479 0.022222
5 0.657292 0.299074 0.035417 0.035185
8 0.701042 0.264815 0.077083 0.100000
8 0.880990 0.348611 0.055729 0.102778
5 0.868490 0.385648 0.022396 0.036111
5 0.927083 0.677778 0.026042 0.048148
3 0.972917 0.736574 0.011458 0.034259
1 0.135677 0.297222 0.022396 0.050000
1 0.241146 0.099074 0.017708 0.035185
1 0.396354 0.059722 0.018750 0.034259
1 0.719792 0.028241 0.016667 0.032407
4 0.723177 0.062500 0.015104 0.015741
1 0.796875 0.158333 0.019792 0.042593
1 0.711198 0.245833 0.024479 0.050926
6 0.712240 0.310185 0.043229 0.042593
1 0.897656 0.339352 0.021354 0.049074
6 0.899219 0.389815 0.030729 0.037037
