8 0.144531 0.325463 0.054688 0.100926
6 0.133333 0.361111 0.034375 0.020370
5 0.132292 0.391204 0.026042 0.034259
8 0.244531 0.111111 0.042188 0.055556
8 0.394792 0.048611 0.045833 0.073148
6 0.385677 0.083796 0.025521 0.023148
3 0.401042 0.084722 0.011458 0.013889
5 0.429688 0.078241 0.023958 0.017593
5 0.536719 0.031019 0.014063 0.015741
5 0.549740 0.031019 0.016146 0.013889
4 0.573438 0.031019 0.015625 0.013889
8 0.716667 0.040278 0.039583 0.062037
8 0.791927 0.164352 0.043229 0.095370
5 0.799479 0.213426 0.025000 0.023148
5 0.657813 0.299537 0.035417 0.034259
8 0.703906 0.246296 0.079687 0.129630
8 0.878125 0.345370 0.060417 0.090741
5 0.868490 0.384722 0.022396 0.036111
5 0.926562 0.677778 0.026042 0.048148
3 0.972917 0.736111 0.011458 0.033333
1 0.134635 0.301389 0.023438 0.049074
1 0.239323 0.102315 0.018229 0.030556
1 0.390885 0.031481 0.018229 0.035185
1 0.720573 0.026389 0.016146 0.030556
4 0.723437 0.062963 0.015625 0.014815
1 0.701042 0.208333 0.025000 0.051852
5 0.716146 0.316667 0.048958 0.031481
0 0.798698 0.138426 0.019271 0.041667
1 0.896875 0.341667 0.022917 0.048148
6 0.898438 0.391667 0.033333 0.037037
