8 0.145313 0.323611 0.056250 0.104630
6 0.133594 0.356019 0.034896 0.030556
5 0.132292 0.391204 0.026042 0.034259
8 0.244010 0.110648 0.044271 0.058333
9 0.392188 0.066204 0.057292 0.052778
6 0.385417 0.087500 0.023958 0.019444
3 0.401042 0.084722 0.011458 0.013889
5 0.429688 0.078241 0.023958 0.017593
5 0.536719 0.031019 0.014063 0.015741
5 0.549740 0.031019 0.016146 0.013889
4 0.573438 0.031019 0.015625 0.013889
8 0.716667 0.040278 0.039583 0.062037
8 0.791667 0.174537 0.048958 0.080556
5 0.799219 0.212500 0.024479 0.021296
5 0.657813 0.299537 0.035417 0.034259
8 0.701042 0.264815 0.077083 0.100000
8 0.880990 0.348148 0.055729 0.103704
5 0.868490 0.385648 0.022396 0.036111
5 0.926562 0.677778 0.026042 0.048148
3 0.972917 0.736111 0.011458 0.033333
4 0.807292 0.206944 0.013542 0.019444
1 0.134375 0.299537 0.022917 0.050926
1 0.241146 0.098611 0.016667 0.034259
1 0.395573 0.059259 0.017188 0.033333
1 0.719531 0.028704 0.016146 0.031481
4 0.723437 0.063426 0.015625 0.015741
1 0.803385 0.157870 0.019271 0.043519
1 0.710938 0.252315 0.026042 0.050926
6 0.713281 0.312037 0.039062 0.042593
1 0.897396 0.339352 0.021875 0.049074
6 0.898698 0.391204 0.030729 0.036111
