8 0.143490 0.319907 0.049479 0.100926
6 0.127865 0.376852 0.031771 0.046296
5 0.132292 0.390278 0.026042 0.032407
8 0.244010 0.108333 0.045312 0.066667
9 0.392188 0.066667 0.055208 0.051852
6 0.385417 0.088426 0.022917 0.019444
3 0.401042 0.084722 0.010417 0.013889
5 0.429167 0.079630 0.023958 0.016667
5 0.536458 0.032407 0.014583 0.014815
5 0.549740 0.031019 0.015104 0.012037
4 0.573438 0.031481 0.016667 0.014815
8 0.717448 0.040741 0.039062 0.061111
8 0.778125 0.160648 0.036458 0.086111
5 0.800260 0.213426 0.025521 0.021296
5 0.657813 0.300000 0.035417 0.033333
6 0.710677 0.312963 0.043229 0.038889
8 0.700260 0.266204 0.077604 0.097222
9 0.878906 0.345833 0.058854 0.087963
5 0.868750 0.385648 0.021875 0.036111
6 0.897135 0.387963 0.032813 0.040741
5 0.927083 0.678704 0.026042 0.046296
1 0.134375 0.295833 0.021875 0.049074
1 0.242448 0.092593 0.017188 0.031481
1 0.395833 0.059259 0.018750 0.033333
1 0.721094 0.026852 0.015104 0.031481
4 0.723437 0.062963 0.016667 0.016667
1 0.786719 0.137037 0.018229 0.038889
1 0.709635 0.254167 0.025521 0.047222
3 0.972917 0.737037 0.012500 0.037037
