8 0.144792 0.325926 0.055208 0.100000
6 0.133333 0.361111 0.034375 0.020370
5 0.132292 0.391204 0.026042 0.034259
8 0.243750 0.106019 0.043750 0.060185
9 0.392188 0.066204 0.057292 0.052778
6 0.385417 0.087500 0.023958 0.019444
3 0.401042 0.084722 0.011458 0.013889
5 0.429688 0.078241 0.023958 0.017593
5 0.536719 0.031019 0.014063 0.015741
5 0.549740 0.031019 0.016146 0.013889
4 0.573438 0.031019 0.015625 0.013889
8 0.716667 0.040278 0.039583 0.062037
8 0.787760 0.178704 0.055729 0.090741
6 0.799479 0.212037 0.026042 0.024074
5 0.657292 0.298611 0.035417 0.034259
9 0.716146 0.267130 0.070833 0.095370
8 0.879687 0.346759 0.057292 0.099074
5 0.868490 0.384722 0.022396 0.036111
5 0.926562 0.677778 0.026042 0.048148
3 0.972917 0.736111 0.011458 0.033333
1 0.133854 0.300926 0.023958 0.050000
1 0.242708 0.093981 0.019792 0.034259
1 0.393229 0.059722 0.017708 0.034259
1 0.720833 0.026852 0.015625 0.033333
4 0.723698 0.062500 0.017188 0.017593
1 0.800521 0.155556 0.020833 0.042593
1 0.728125 0.262037 0.026042 0.048148
6 0.715885 0.313426 0.048438 0.036111
1 0.895833 0.342130 0.025000 0.050926
6 0.898958 0.390741 0.034375 0.037037
