8 0.145313 0.323611 0.056250 0.104630
6 0.136198 0.355093 0.030729 0.030556
5 0.132292 0.391204 0.026042 0.034259
8 0.246354 0.106019 0.041667 0.067593
9 0.392188 0.066204 0.057292 0.052778
6 0.385417 0.087500 0.023958 0.019444
3 0.401042 0.084722 0.011458 0.013889
5 0.429688 0.078241 0.023958 0.017593
5 0.536719 0.031019 0.014063 0.015741
5 0.549740 0.031019 0.016146 0.013889
4 0.573438 0.031019 0.015625 0.013889
8 0.716667 0.040278 0.039583 0.062037
8 0.791667 0.174537 0.048958 0.080556
5 0.799219 0.212500 0.024479 0.021296
5 0.658333 0.301389 0.035417 0.034259
8 0.712240 0.266667 0.076563 0.092593
8 0.880990 0.348148 0.055729 0.103704
5 0.868490 0.384722 0.022396 0.036111
5 0.927604 0.677778 0.026042 0.048148
3 0.972917 0.736111 0.011458 0.033333
4 0.807292 0.206944 0.013542 0.019444
1 0.134635 0.298611 0.024479 0.049074
1 0.243750 0.091667 0.016667 0.037037
1 0.395313 0.060648 0.018750 0.036111
1 0.721094 0.026852 0.016146 0.033333
4 0.724219 0.062963 0.018229 0.014815
1 0.801562 0.155556 0.020833 0.044444
1 0.720573 0.253241 0.024479 0.054630
6 0.715625 0.311574 0.048958 0.043519
1 0.896354 0.342130 0.021875 0.049074
6 0.898438 0.389815 0.031250 0.037037
