8 0.132292 0.331019 0.058333 0.097222
6 0.128646 0.373148 0.030208 0.044444
5 0.130990 0.387963 0.025521 0.031481
8 0.247917 0.101389 0.042708 0.069444
5 0.393490 0.080556 0.028646 0.020370
5 0.429167 0.078704 0.026042 0.016667
5 0.536719 0.030556 0.015104 0.016667
5 0.549219 0.030556 0.016146 0.014815
5 0.576042 0.030556 0.022917 0.016667
8 0.709115 0.030556 0.040104 0.059259
5 0.722917 0.062037 0.034375 0.018519
5 0.801042 0.213889 0.022917 0.024074
5 0.657813 0.300926 0.035417 0.037037
8 0.710417 0.266667 0.068750 0.103704
6 0.714844 0.321296 0.043229 0.038889
8 0.879167 0.342130 0.058333 0.087963
5 0.868490 0.382870 0.022396 0.036111
5 0.926562 0.677778 0.025000 0.046296
3 0.972917 0.738889 0.012500 0.037037
1 0.117188 0.312963 0.021875 0.044444
1 0.241667 0.082870 0.017708 0.034259
2 0.710417 0.017130 0.017708 0.030556
1 0.717187 0.245370 0.025000 0.050000
6 0.701042 0.297685 0.028125 0.030556
1 0.896094 0.338889 0.022396 0.050000
6 0.897396 0.389352 0.034375 0.039815
5 0.758594 0.061111 0.018229 0.018519
