8 0.136198 0.331019 0.055729 0.093519
5 0.130469 0.376852 0.032813 0.037037
5 0.130990 0.388426 0.025521 0.030556
8 0.247396 0.099074 0.042708 0.079630
5 0.393490 0.083333 0.028646 0.020370
5 0.429167 0.078704 0.026042 0.016667
5 0.536719 0.030556 0.015104 0.016667
5 0.549219 0.030556 0.016146 0.014815
5 0.576562 0.032407 0.022917 0.016667
8 0.714583 0.037037 0.041667 0.057407
6 0.725000 0.064352 0.034375 0.019444
5 0.801042 0.213889 0.022917 0.024074
5 0.657813 0.299537 0.035417 0.036111
8 0.694792 0.256019 0.064583 0.086111
5 0.715365 0.323611 0.043229 0.034259
8 0.882812 0.342593 0.055208 0.109259
5 0.868490 0.385648 0.022396 0.036111
5 0.927083 0.678704 0.025000 0.046296
3 0.972917 0.738889 0.012500 0.037037
1 0.127344 0.310185 0.023438 0.048148
1 0.241667 0.081481 0.016667 0.033333
1 0.715365 0.023611 0.015104 0.030556
1 0.706510 0.243056 0.024479 0.056481
5 0.699740 0.300000 0.027604 0.020370
1 0.898698 0.313426 0.021354 0.049074
6 0.900521 0.387500 0.034375 0.039815
5 0.758073 0.060648 0.018229 0.019444
