8 0.132292 0.330093 0.057292 0.099074
6 0.129688 0.372222 0.034375 0.044444
5 0.128646 0.397222 0.018750 0.018519
8 0.241667 0.108333 0.048958 0.074074
5 0.393490 0.080556 0.028646 0.020370
5 0.429167 0.078704 0.026042 0.016667
5 0.536719 0.030556 0.015104 0.016667
5 0.549219 0.030556 0.016146 0.014815
5 0.576562 0.032407 0.022917 0.016667
8 0.711198 0.035185 0.036979 0.055556
5 0.723437 0.065278 0.033333 0.015741
5 0.801042 0.213889 0.022917 0.024074
5 0.657813 0.298148 0.035417 0.037037
8 0.694010 0.247222 0.068229 0.105556
5 0.714844 0.323611 0.043229 0.034259
8 0.884635 0.343519 0.055729 0.094444
5 0.868490 0.385648 0.022396 0.036111
5 0.927865 0.677778 0.024479 0.046296
3 0.972917 0.738889 0.012500 0.037037
1 0.118490 0.308796 0.020313 0.039815
1 0.238542 0.092130 0.016667 0.036111
1 0.716667 0.024074 0.017708 0.031481
1 0.697917 0.222222 0.023958 0.051852
5 0.700260 0.300000 0.028646 0.018519
1 0.901042 0.334259 0.022917 0.053704
6 0.900521 0.389352 0.035417 0.036111
5 0.758333 0.061111 0.018750 0.018519
