8 0.132292 0.330093 0.057292 0.099074
5 0.128646 0.373611 0.030208 0.043519
5 0.132292 0.390741 0.023958 0.033333
8 0.248698 0.093519 0.044271 0.072222
5 0.393490 0.081481 0.028646 0.020370
5 0.429167 0.078704 0.026042 0.016667
5 0.536719 0.030556 0.015104 0.016667
5 0.549219 0.030556 0.016146 0.014815
5 0.576042 0.030556 0.022917 0.016667
8 0.715365 0.031944 0.043229 0.062037
6 0.722917 0.062500 0.034375 0.019444
5 0.801042 0.213889 0.022917 0.024074
5 0.657813 0.299537 0.035417 0.036111
8 0.699740 0.253241 0.064062 0.104630
5 0.714844 0.320370 0.043229 0.035185
8 0.879167 0.342130 0.058333 0.087963
5 0.868490 0.383796 0.022396 0.036111
5 0.927083 0.677778 0.025000 0.046296
3 0.972917 0.738889 0.012500 0.037037
1 0.120313 0.301852 0.018750 0.040741
0 0.245573 0.077315 0.015104 0.034259
0 0.714583 0.017130 0.015625 0.032407
1 0.716667 0.231944 0.026042 0.050926
6 0.701042 0.296759 0.026042 0.026852
1 0.895312 0.337963 0.022917 0.046296
6 0.897917 0.388426 0.034375 0.037963
5 0.758333 0.061574 0.018750 0.019444
