8 0.134115 0.331019 0.056771 0.093519
6 0.129688 0.368519 0.033333 0.033333
5 0.132812 0.390741 0.026042 0.037037
8 0.245833 0.099537 0.042708 0.073148
5 0.393490 0.083333 0.028646 0.020370
5 0.429167 0.078704 0.026042 0.016667
5 0.536719 0.030556 0.015104 0.016667
5 0.549219 0.030556 0.016146 0.014815
4 0.568490 0.030093 0.010937 0.015741
8 0.712240 0.036111 0.035937 0.055556
6 0.721615 0.063426 0.031771 0.019444
5 0.801042 0.213889 0.022917 0.024074
5 0.657813 0.300000 0.035417 0.033333
8 0.695573 0.256019 0.065104 0.086111
5 0.715365 0.321296 0.043229 0.035185
8 0.882812 0.343056 0.057292 0.099074
5 0.868490 0.385648 0.022396 0.036111
5 0.927083 0.677778 0.025000 0.046296
3 0.972917 0.738889 0.012500 0.037037
5 0.700260 0.300463 0.027604 0.019444
1 0.126042 0.308333 0.023958 0.046296
1 0.240365 0.081944 0.017188 0.034259
1 0.716146 0.024074 0.016667 0.031481
1 0.708594 0.241204 0.024479 0.052778
1 0.899740 0.322685 0.022396 0.049074
6 0.900521 0.393056 0.029167 0.036111
5 0.758333 0.061574 0.017708 0.017593
