8 0.134635 0.330093 0.056771 0.093519
6 0.128646 0.360185 0.035417 0.029630
5 0.132292 0.390278 0.026042 0.034259
8 0.247396 0.104167 0.042708 0.069444
5 0.394010 0.083333 0.028646 0.020370
5 0.429167 0.078704 0.026042 0.016667
5 0.536719 0.030556 0.015104 0.016667
5 0.549219 0.030556 0.016146 0.014815
4 0.571094 0.029630 0.016146 0.014815
8 0.714063 0.039352 0.034375 0.050926
6 0.722396 0.063426 0.029167 0.019444
5 0.801042 0.213889 0.022917 0.024074
5 0.657813 0.300463 0.035417 0.034259
8 0.706510 0.250463 0.069271 0.108333
5 0.714844 0.322222 0.043229 0.035185
8 0.883594 0.340741 0.057813 0.096296
5 0.868490 0.381944 0.022396 0.036111
5 0.926562 0.678704 0.025000 0.046296
3 0.972917 0.738889 0.012500 0.037037
5 0.700260 0.300000 0.027604 0.018519
1 0.125260 0.306019 0.022396 0.043519
1 0.240365 0.088426 0.017188 0.032407
4 0.232292 0.125000 0.013542 0.018519
1 0.722917 0.031019 0.016667 0.030556
2 0.714063 0.222222 0.028125 0.050000
1 0.900260 0.324074 0.022396 0.046296
6 0.898438 0.390741 0.033333 0.038889
5 0.758333 0.061574 0.017708 0.017593
