8 0.134115 0.330556 0.057813 0.094444
6 0.128385 0.360185 0.034896 0.031481
5 0.132812 0.390741 0.026042 0.035185
8 0.247917 0.100000 0.042708 0.068519
5 0.393490 0.083333 0.028646 0.020370
5 0.429167 0.078704 0.026042 0.016667
5 0.536719 0.030556 0.015104 0.016667
5 0.549219 0.030556 0.016146 0.014815
4 0.570833 0.029630 0.015625 0.014815
8 0.717187 0.042593 0.042708 0.059259
6 0.722135 0.062500 0.031771 0.019444
5 0.801042 0.213889 0.022917 0.024074
5 0.657813 0.300463 0.035417 0.034259
8 0.706250 0.258333 0.065625 0.098148
5 0.715365 0.322685 0.042188 0.032407
8 0.884896 0.342130 0.058333 0.097222
5 0.868490 0.385648 0.022396 0.036111
5 0.927083 0.677778 0.025000 0.046296
3 0.972917 0.738889 0.012500 0.037037
5 0.701042 0.300000 0.027083 0.018519
1 0.126042 0.306481 0.025000 0.046296
1 0.241667 0.082870 0.017708 0.032407
4 0.234896 0.123148 0.015625 0.020370
1 0.721094 0.030093 0.016146 0.030556
1 0.710417 0.236111 0.023958 0.050000
1 0.901042 0.323148 0.023958 0.046296
6 0.900000 0.391204 0.031250 0.036111
5 0.758333 0.061574 0.018750 0.017593
