8 0.134115 0.331019 0.056771 0.093519
6 0.130990 0.362963 0.031771 0.031481
5 0.132292 0.390278 0.026042 0.034259
8 0.248438 0.097222 0.042708 0.074074
5 0.393490 0.082407 0.028646 0.020370
5 0.429167 0.078704 0.026042 0.016667
5 0.536719 0.030556 0.015104 0.016667
5 0.549219 0.030556 0.016146 0.014815
4 0.569792 0.030556 0.014583 0.016667
8 0.714063 0.037963 0.036458 0.057407
6 0.721615 0.062037 0.031771 0.018519
5 0.801042 0.213889 0.022917 0.024074
5 0.657813 0.300463 0.035417 0.034259
8 0.704688 0.257870 0.067708 0.097222
5 0.715365 0.322222 0.043229 0.035185
8 0.885417 0.341667 0.056250 0.098148
5 0.868490 0.381944 0.022396 0.036111
5 0.926562 0.677778 0.025000 0.046296
3 0.972917 0.738889 0.012500 0.037037
5 0.699740 0.299074 0.027604 0.018519
1 0.126042 0.306944 0.022917 0.043519
1 0.243490 0.081019 0.017188 0.034259
4 0.235937 0.118056 0.014583 0.019444
2 0.720313 0.026389 0.016667 0.030556
1 0.710938 0.243056 0.023958 0.052778
1 0.901563 0.318981 0.022917 0.049074
6 0.898438 0.390278 0.033333 0.039815
5 0.758073 0.061574 0.018229 0.017593
