8 0.135417 0.330556 0.055208 0.092593
5 0.130469 0.376852 0.033854 0.037037
5 0.132292 0.390278 0.026042 0.034259
8 0.245573 0.102315 0.041146 0.071296
5 0.394010 0.083333 0.028646 0.020370
5 0.429167 0.078704 0.026042 0.016667
5 0.536719 0.030556 0.015104 0.016667
5 0.549219 0.030556 0.016146 0.014815
5 0.576562 0.032407 0.022917 0.016667
8 0.713542 0.035648 0.041667 0.056481
6 0.717187 0.061574 0.022917 0.019444
5 0.801042 0.213889 0.022917 0.024074
5 0.657292 0.299537 0.035417 0.036111
8 0.695833 0.256019 0.065625 0.086111
5 0.715365 0.322222 0.043229 0.035185
8 0.880990 0.338889 0.057813 0.094444
5 0.868490 0.383796 0.022396 0.036111
5 0.927083 0.678704 0.025000 0.046296
3 0.972917 0.738889 0.012500 0.037037
1 0.127344 0.310185 0.021354 0.048148
1 0.237240 0.087037 0.016146 0.031481
1 0.718750 0.024537 0.015625 0.030556
1 0.709896 0.243981 0.023958 0.054630
5 0.699740 0.300463 0.027604 0.019444
1 0.899219 0.316667 0.021354 0.048148
5 0.899219 0.392593 0.030729 0.029630
5 0.758333 0.061111 0.017708 0.018519
