8 0.135417 0.327315 0.057292 0.097222
5 0.132292 0.390741 0.026042 0.035185
6 0.129167 0.359259 0.035417 0.027778
1 0.126042 0.305556 0.022917 0.044444
5 0.257812 0.083796 0.018750 0.015741
5 0.393490 0.084722 0.028646 0.019444
5 0.427865 0.079630 0.025521 0.018519
8 0.390365 0.041667 0.046354 0.081481
5 0.535937 0.031481 0.014583 0.016667
5 0.549219 0.030556 0.015104 0.012963
5 0.575260 0.031481 0.023438 0.016667
8 0.716667 0.039815 0.038542 0.053704
1 0.722135 0.029630 0.015104 0.029630
6 0.720313 0.056019 0.032292 0.026852
5 0.801042 0.213889 0.022917 0.022222
5 0.657813 0.300000 0.035417 0.035185
5 0.686719 0.305556 0.028646 0.033333
6 0.714583 0.308796 0.040625 0.036111
9 0.715365 0.272685 0.073438 0.082407
1 0.726562 0.276852 0.022917 0.046296
8 0.884115 0.340741 0.057813 0.094444
5 0.868490 0.386574 0.022396 0.034259
6 0.897135 0.389815 0.031771 0.037037
1 0.901823 0.325926 0.022396 0.044444
5 0.927865 0.677778 0.026562 0.048148
3 0.972917 0.737500 0.011458 0.034259
5 0.758333 0.062037 0.017708 0.018519
