8 0.135417 0.327778 0.058333 0.094444
5 0.132292 0.390741 0.027083 0.035185
6 0.128125 0.358796 0.035417 0.026852
5 0.258594 0.085185 0.019271 0.016667
5 0.393490 0.084259 0.027604 0.018519
5 0.427865 0.079167 0.026562 0.017593
5 0.536719 0.031019 0.015104 0.015741
5 0.549219 0.030556 0.015104 0.012963
4 0.572656 0.031481 0.011979 0.012963
8 0.714323 0.039815 0.034896 0.055556
6 0.725781 0.065278 0.027604 0.017593
5 0.801042 0.214815 0.022917 0.022222
5 0.657813 0.300463 0.035417 0.034259
6 0.709635 0.312037 0.041146 0.037037
8 0.705208 0.264815 0.075000 0.094444
8 0.877344 0.341204 0.052604 0.104630
5 0.868490 0.387037 0.021354 0.035185
5 0.927604 0.679167 0.025000 0.045370
3 0.972917 0.735648 0.011458 0.032407
5 0.758594 0.060648 0.019271 0.019444
1 0.126042 0.306944 0.022917 0.043519
1 0.721615 0.029167 0.015104 0.030556
1 0.714844 0.256481 0.025521 0.051852
1 0.890885 0.316667 0.021354 0.050000
6 0.900781 0.392593 0.029687 0.035185
