8 0.135417 0.327778 0.058333 0.094444
5 0.132292 0.390741 0.027083 0.035185
6 0.127604 0.357870 0.035417 0.026852
5 0.258594 0.084259 0.019271 0.016667
5 0.393490 0.084259 0.027604 0.018519
5 0.427865 0.079167 0.026562 0.017593
5 0.536719 0.031019 0.015104 0.015741
5 0.549219 0.030556 0.015104 0.012963
4 0.572656 0.032407 0.011979 0.012963
8 0.713802 0.039352 0.035937 0.054630
6 0.726042 0.064352 0.027083 0.017593
5 0.801042 0.214815 0.022917 0.022222
5 0.657813 0.300463 0.035417 0.034259
6 0.709896 0.310185 0.040625 0.038889
8 0.704427 0.265741 0.075521 0.092593
8 0.879427 0.341204 0.054688 0.093519
5 0.868490 0.387037 0.021354 0.035185
5 0.927083 0.679167 0.025000 0.045370
3 0.972917 0.735648 0.011458 0.032407
5 0.758594 0.060648 0.019271 0.019444
1 0.126823 0.308333 0.023438 0.044444
1 0.721354 0.029167 0.015625 0.028704
1 0.715104 0.258333 0.025000 0.050000
1 0.894271 0.327778 0.022917 0.048148
1 0.897656 0.391204 0.032813 0.036111
