8 0.135417 0.327778 0.058333 0.094444
5 0.132292 0.390741 0.027083 0.035185
6 0.129167 0.356019 0.035417 0.026852
5 0.258073 0.083333 0.019271 0.016667
5 0.393490 0.083333 0.027604 0.018519
5 0.427865 0.079167 0.026562 0.017593
5 0.536719 0.031019 0.015104 0.015741
5 0.549219 0.030556 0.015104 0.012963
4 0.572135 0.030556 0.011979 0.012963
8 0.716146 0.041204 0.034375 0.058333
6 0.724740 0.063889 0.027604 0.018519
5 0.801042 0.214815 0.022917 0.022222
5 0.657813 0.300000 0.035417 0.033333
6 0.713021 0.305556 0.039583 0.038889
8 0.715885 0.261574 0.069271 0.097222
8 0.879167 0.342130 0.055208 0.100926
5 0.868490 0.386574 0.021354 0.034259
5 0.927865 0.679167 0.024479 0.045370
3 0.972917 0.735185 0.011458 0.031481
5 0.758594 0.060185 0.019271 0.018519
1 0.125260 0.306019 0.022396 0.045370
1 0.722917 0.030093 0.016667 0.030556
1 0.720313 0.241204 0.026042 0.052778
1 0.893490 0.326852 0.023438 0.048148
6 0.897917 0.391204 0.033333 0.037963
