8 0.135417 0.327778 0.058333 0.094444
5 0.132292 0.390741 0.027083 0.035185
6 0.128125 0.359722 0.035417 0.026852
5 0.258073 0.084259 0.019271 0.016667
5 0.393490 0.084259 0.027604 0.018519
5 0.427865 0.079167 0.026562 0.017593
5 0.536719 0.031019 0.015104 0.015741
5 0.549219 0.030556 0.015104 0.012963
4 0.572656 0.032407 0.011979 0.012963
8 0.714323 0.039815 0.033854 0.057407
6 0.724740 0.064815 0.027604 0.016667
5 0.801042 0.213889 0.022917 0.022222
5 0.657813 0.300463 0.035417 0.034259
6 0.709896 0.310648 0.042708 0.037963
8 0.706250 0.263426 0.071875 0.097222
8 0.878906 0.342130 0.053646 0.091667
5 0.868490 0.387500 0.021354 0.036111
5 0.927083 0.678241 0.025000 0.045370
3 0.972917 0.735648 0.011458 0.032407
5 0.758594 0.060648 0.019271 0.019444
1 0.126302 0.307407 0.021354 0.042593
1 0.716927 0.251852 0.026562 0.050000
1 0.721615 0.028704 0.015104 0.029630
1 0.893750 0.326852 0.023958 0.050000
6 0.897396 0.389815 0.035417 0.038889
