8 0.135417 0.330556 0.058333 0.092593
5 0.132292 0.391204 0.026042 0.036111
6 0.130990 0.372685 0.032813 0.043519
5 0.258333 0.083333 0.020833 0.014815
5 0.393490 0.085185 0.028646 0.018519
5 0.427865 0.079167 0.025521 0.019444
5 0.536719 0.030556 0.015104 0.016667
5 0.549219 0.030556 0.014063 0.012963
4 0.572917 0.031019 0.011458 0.012037
8 0.716146 0.042130 0.034375 0.058333
5 0.758854 0.062037 0.018750 0.018519
5 0.801042 0.213426 0.022917 0.023148
5 0.657552 0.301389 0.035937 0.034259
8 0.701042 0.257870 0.073958 0.102778
6 0.709115 0.308796 0.041146 0.037963
8 0.883594 0.343056 0.058854 0.087963
8 0.868490 0.386111 0.023438 0.033333
6 0.894271 0.386111 0.033333 0.033333
5 0.926042 0.677315 0.026042 0.047222
3 0.972917 0.736111 0.012500 0.033333
1 0.119792 0.312963 0.019792 0.042593
1 0.722917 0.029167 0.015625 0.032407
6 0.725000 0.057407 0.031250 0.027778
1 0.709896 0.240278 0.027083 0.049074
1 0.899219 0.339352 0.023438 0.047222
