8 0.135417 0.329630 0.058333 0.092593
5 0.132292 0.391204 0.026042 0.036111
6 0.127865 0.356944 0.034896 0.026852
5 0.257812 0.084259 0.020833 0.014815
5 0.393490 0.084722 0.028646 0.019444
5 0.427865 0.079167 0.025521 0.019444
5 0.536719 0.031481 0.015104 0.016667
5 0.549219 0.030556 0.014063 0.012963
4 0.572917 0.031944 0.011458 0.012037
8 0.719010 0.038426 0.036979 0.056481
5 0.757812 0.061111 0.018750 0.018519
5 0.801042 0.213426 0.022917 0.023148
5 0.657813 0.300463 0.035417 0.032407
8 0.705208 0.268519 0.071875 0.096296
6 0.709896 0.303241 0.043750 0.054630
8 0.878646 0.340278 0.055208 0.095370
8 0.868490 0.387037 0.023438 0.035185
6 0.892969 0.383333 0.032813 0.035185
5 0.927083 0.677315 0.026042 0.047222
3 0.972917 0.737037 0.012500 0.035185
1 0.126302 0.307870 0.022396 0.043519
1 0.729688 0.026852 0.015625 0.029630
6 0.724479 0.062037 0.030208 0.020370
1 0.712760 0.261111 0.024479 0.048148
1 0.895573 0.322222 0.021354 0.050000
