8 0.134896 0.331019 0.059375 0.097222
6 0.131250 0.368056 0.034375 0.049074
5 0.132292 0.391667 0.026042 0.033333
5 0.258333 0.083333 0.018750 0.016667
5 0.392969 0.085648 0.030729 0.023148
5 0.427865 0.079167 0.026562 0.017593
5 0.535417 0.031019 0.014583 0.015741
5 0.548438 0.031019 0.014583 0.013889
4 0.571615 0.030556 0.013021 0.012963
5 0.724740 0.065278 0.030729 0.015741
5 0.758594 0.061574 0.018229 0.019444
5 0.801042 0.214352 0.021875 0.023148
5 0.657552 0.300463 0.035937 0.036111
5 0.709896 0.312500 0.042708 0.030556
8 0.701042 0.255093 0.066667 0.097222
8 0.884115 0.343519 0.058854 0.087037
5 0.868490 0.387500 0.023438 0.037963
6 0.892188 0.384722 0.031250 0.030556
5 0.927865 0.677778 0.025521 0.046296
3 0.973698 0.735185 0.013021 0.031481
1 0.119271 0.310648 0.020833 0.041667
1 0.709115 0.233333 0.024479 0.053704
1 0.898438 0.337500 0.023958 0.043519
