8 0.134896 0.331019 0.059375 0.097222
6 0.131250 0.368056 0.034375 0.049074
5 0.132292 0.391667 0.026042 0.033333
5 0.257812 0.084259 0.018750 0.016667
5 0.394010 0.086111 0.029687 0.018519
5 0.427865 0.079167 0.026562 0.017593
5 0.535417 0.031019 0.014583 0.015741
5 0.548438 0.031019 0.014583 0.013889
4 0.571615 0.030556 0.013021 0.012963
5 0.724740 0.065278 0.030729 0.015741
5 0.758594 0.061574 0.018229 0.019444
5 0.801042 0.214352 0.021875 0.023148
5 0.657813 0.299537 0.035417 0.030556
6 0.710417 0.312963 0.039583 0.037037
8 0.703125 0.261574 0.075000 0.093519
8 0.884115 0.343519 0.058854 0.087037
5 0.868490 0.385648 0.023438 0.037963
6 0.892188 0.384259 0.031250 0.031481
5 0.927865 0.677778 0.025521 0.046296
3 0.973698 0.734722 0.013021 0.030556
1 0.118490 0.310648 0.021354 0.043519
1 0.714323 0.249537 0.025521 0.047222
1 0.899219 0.337963 0.024479 0.044444
