8 0.134896 0.331019 0.059375 0.097222
5 0.130469 0.375000 0.032813 0.031481
5 0.132292 0.391667 0.026042 0.033333
5 0.257812 0.084259 0.018750 0.016667
5 0.392969 0.084722 0.030729 0.021296
5 0.427865 0.079167 0.026562 0.017593
5 0.535417 0.031019 0.014583 0.015741
5 0.548438 0.031019 0.014583 0.013889
4 0.571615 0.030556 0.013021 0.012963
5 0.724740 0.065278 0.030729 0.015741
5 0.758594 0.060185 0.018229 0.018519
5 0.801042 0.214352 0.021875 0.023148
5 0.658073 0.301389 0.034896 0.036111
5 0.709896 0.311574 0.042708 0.030556
8 0.701042 0.254167 0.055208 0.091667
8 0.884115 0.343519 0.058854 0.087037
5 0.868490 0.383796 0.023438 0.037963
6 0.894271 0.385648 0.031250 0.030556
5 0.927865 0.677778 0.025521 0.046296
3 0.973698 0.736111 0.013021 0.031481
1 0.119792 0.312500 0.022917 0.043519
1 0.707292 0.246296 0.023958 0.051852
1 0.898438 0.337037 0.023958 0.044444
