8 0.135937 0.331019 0.059375 0.097222
6 0.132292 0.370370 0.036458 0.044444
5 0.132292 0.391667 0.026042 0.033333
5 0.258333 0.083333 0.018750 0.016667
5 0.392969 0.085185 0.030729 0.020370
5 0.427865 0.079167 0.026562 0.017593
5 0.535417 0.031019 0.014583 0.015741
5 0.548438 0.031019 0.014583 0.013889
4 0.571615 0.030556 0.013021 0.012963
5 0.724740 0.065278 0.030729 0.015741
5 0.759115 0.061111 0.018229 0.018519
5 0.801042 0.214352 0.021875 0.023148
5 0.657292 0.302315 0.035417 0.036111
6 0.710417 0.312963 0.039583 0.037037
8 0.701562 0.263889 0.075000 0.094444
8 0.876563 0.333796 0.056250 0.086111
5 0.868490 0.383796 0.023438 0.037963
5 0.892969 0.386574 0.032813 0.030556
5 0.927865 0.677778 0.025521 0.046296
3 0.973698 0.736574 0.013021 0.034259
1 0.122917 0.308796 0.022917 0.041667
1 0.711458 0.252778 0.025000 0.048148
1 0.893490 0.318981 0.022396 0.050926
