8 0.135417 0.329630 0.058333 0.092593
5 0.132292 0.391204 0.026042 0.036111
6 0.129167 0.362963 0.034375 0.027778
5 0.257812 0.084259 0.020833 0.014815
5 0.393490 0.084722 0.028646 0.019444
5 0.427865 0.079167 0.025521 0.019444
5 0.536719 0.031481 0.015104 0.016667
5 0.549219 0.030556 0.014063 0.012963
4 0.572917 0.031944 0.011458 0.012037
8 0.714323 0.037963 0.032813 0.055556
5 0.757812 0.061111 0.018750 0.018519
5 0.801042 0.213426 0.022917 0.023148
5 0.657813 0.300463 0.035417 0.032407
8 0.701302 0.253241 0.060937 0.110185
6 0.710156 0.309259 0.042188 0.038889
8 0.884115 0.343519 0.059896 0.085185
8 0.868490 0.387037 0.023438 0.035185
6 0.893490 0.387037 0.032813 0.035185
5 0.927083 0.677315 0.026042 0.047222
3 0.972917 0.737037 0.012500 0.035185
1 0.126823 0.307870 0.021354 0.045370
1 0.722396 0.031481 0.015625 0.029630
6 0.724740 0.062963 0.029687 0.016667
1 0.707031 0.225000 0.025521 0.053704
1 0.898698 0.338889 0.024479 0.048148
