8 0.134896 0.332407 0.058333 0.092593
5 0.132292 0.391204 0.026042 0.036111
6 0.131771 0.370370 0.034375 0.044444
5 0.259375 0.085185 0.020833 0.014815
5 0.393490 0.084259 0.028646 0.018519
5 0.427865 0.079167 0.025521 0.019444
5 0.536719 0.030556 0.015104 0.016667
5 0.549219 0.030556 0.014063 0.012963
4 0.572917 0.031019 0.011458 0.012037
8 0.716667 0.041667 0.032292 0.055556
5 0.757292 0.060648 0.018750 0.019444
5 0.801042 0.213426 0.022917 0.023148
5 0.657813 0.300000 0.035417 0.031481
8 0.704167 0.264815 0.071875 0.096296
6 0.710417 0.310185 0.040625 0.037037
8 0.882812 0.343056 0.059375 0.086111
8 0.868490 0.386574 0.023438 0.034259
6 0.893490 0.386574 0.032813 0.034259
5 0.926562 0.677315 0.026042 0.047222
3 0.972917 0.736574 0.012500 0.034259
1 0.118490 0.312500 0.022396 0.043519
1 0.725000 0.029167 0.015625 0.030556
6 0.726042 0.064352 0.028125 0.015741
1 0.713542 0.258333 0.023958 0.048148
1 0.898438 0.336574 0.023958 0.045370
