8 0.134896 0.331019 0.059375 0.097222
5 0.129688 0.374537 0.031250 0.032407
5 0.132292 0.391667 0.026042 0.033333
5 0.257812 0.082407 0.018750 0.016667
5 0.392969 0.083333 0.030729 0.018519
5 0.427865 0.079167 0.026562 0.017593
5 0.535417 0.031019 0.014583 0.015741
5 0.548438 0.031019 0.014583 0.013889
5 0.574740 0.031019 0.023438 0.021296
5 0.724740 0.065278 0.030729 0.015741
5 0.759115 0.059722 0.018229 0.019444
5 0.801042 0.214352 0.021875 0.023148
5 0.657292 0.302315 0.035417 0.036111
6 0.711719 0.312963 0.039062 0.037037
8 0.703125 0.263426 0.075000 0.093519
8 0.884115 0.342130 0.060937 0.087963
5 0.867969 0.386111 0.024479 0.040741
6 0.893490 0.385185 0.031771 0.031481
5 0.927865 0.677778 0.025521 0.046296
3 0.973698 0.735185 0.013021 0.031481
1 0.714844 0.254167 0.026562 0.052778
1 0.898438 0.335185 0.026042 0.044444
8 0.712240 0.031019 0.041146 0.060185
1 0.716667 0.018519 0.016667 0.029630
1 0.121094 0.307870 0.022396 0.039815
5 0.980729 0.760185 0.019792 0.066667
