8 0.135417 0.330556 0.060417 0.111111
6 0.129688 0.374537 0.032292 0.030556
5 0.132292 0.391667 0.026042 0.033333
5 0.257292 0.081481 0.018750 0.016667
5 0.392969 0.084259 0.030729 0.018519
5 0.427865 0.079167 0.026562 0.017593
5 0.535417 0.031019 0.014583 0.015741
5 0.548438 0.031019 0.014583 0.013889
4 0.571615 0.030556 0.013021 0.014815
5 0.724740 0.065278 0.030729 0.015741
5 0.759115 0.060185 0.018229 0.018519
5 0.801042 0.214352 0.021875 0.023148
5 0.657292 0.302315 0.035417 0.036111
6 0.710417 0.308333 0.039583 0.037037
8 0.704167 0.262037 0.075000 0.094444
8 0.884115 0.343056 0.060937 0.087963
5 0.868490 0.386111 0.023438 0.040741
6 0.892969 0.385648 0.032813 0.030556
5 0.927865 0.677778 0.025521 0.046296
3 0.973698 0.735648 0.013021 0.032407
1 0.124219 0.303241 0.022396 0.043519
1 0.713542 0.245370 0.026042 0.053704
1 0.898438 0.334259 0.023958 0.048148
5 0.981250 0.759722 0.017708 0.063889
