8 0.134896 0.331019 0.059375 0.097222
5 0.130469 0.375463 0.032813 0.032407
5 0.132292 0.391667 0.026042 0.033333
5 0.257292 0.082407 0.018750 0.016667
5 0.392969 0.084722 0.030729 0.019444
5 0.427865 0.079167 0.026562 0.017593
5 0.535417 0.031019 0.014583 0.015741
5 0.548438 0.031019 0.014583 0.013889
4 0.571615 0.030556 0.013021 0.012963
5 0.724740 0.065278 0.030729 0.015741
5 0.759115 0.060648 0.018229 0.019444
5 0.801042 0.214352 0.021875 0.023148
5 0.657292 0.302315 0.035417 0.036111
6 0.709115 0.311111 0.042188 0.042593
8 0.699740 0.265278 0.074479 0.102778
8 0.884115 0.344444 0.058854 0.088889
5 0.868490 0.386574 0.023438 0.039815
6 0.892969 0.384722 0.032813 0.034259
5 0.927865 0.677778 0.025521 0.046296
3 0.973698 0.736111 0.013021 0.033333
1 0.119792 0.312037 0.022917 0.040741
1 0.709115 0.246759 0.025521 0.049074
1 0.897917 0.337037 0.023958 0.051852
5 0.981510 0.759722 0.017188 0.063889
