8 0.134896 0.331019 0.059375 0.097222
5 0.130208 0.375463 0.031250 0.034259
5 0.132292 0.391667 0.026042 0.033333
5 0.257292 0.082407 0.018750 0.016667
5 0.392969 0.084722 0.030729 0.019444
5 0.427865 0.079167 0.026562 0.017593
5 0.535417 0.031019 0.014583 0.015741
5 0.548438 0.031019 0.014583 0.013889
6 0.575260 0.031019 0.023438 0.021296
5 0.724740 0.065278 0.030729 0.015741
5 0.759115 0.060648 0.018229 0.019444
5 0.801042 0.214352 0.021875 0.023148
5 0.657292 0.302315 0.035417 0.036111
6 0.711719 0.312963 0.039062 0.037037
8 0.703125 0.264352 0.075000 0.093519
8 0.884115 0.342130 0.060937 0.087963
5 0.868490 0.386574 0.023438 0.039815
6 0.894010 0.386111 0.031771 0.031481
5 0.927865 0.677778 0.025521 0.046296
3 0.973698 0.736111 0.013021 0.033333
1 0.120573 0.309722 0.022396 0.039815
1 0.714844 0.254167 0.026562 0.052778
1 0.898438 0.336111 0.026042 0.046296
5 0.981250 0.758796 0.017708 0.063889
