8 0.134896 0.331019 0.059375 0.097222
6 0.132292 0.370833 0.035417 0.047222
5 0.132292 0.391667 0.026042 0.033333
5 0.257292 0.082407 0.018750 0.016667
5 0.392969 0.085648 0.030729 0.021296
5 0.427865 0.079167 0.026562 0.017593
5 0.535417 0.031019 0.014583 0.015741
5 0.548438 0.031019 0.014583 0.013889
4 0.571615 0.030556 0.013021 0.012963
5 0.724740 0.065278 0.030729 0.015741
5 0.759115 0.061574 0.018229 0.019444
5 0.801042 0.214352 0.021875 0.023148
5 0.657292 0.302315 0.035417 0.036111
6 0.710417 0.312963 0.039583 0.037037
8 0.703125 0.270833 0.075000 0.093519
8 0.878385 0.332870 0.052604 0.086111
5 0.868490 0.384722 0.023438 0.037963
5 0.893229 0.387963 0.033333 0.031481
5 0.927865 0.677778 0.025521 0.046296
3 0.973698 0.737037 0.013021 0.035185
1 0.122917 0.311574 0.021875 0.043519
1 0.714063 0.268056 0.023958 0.049074
1 0.892708 0.320833 0.022917 0.049074
