8 0.138542 0.327778 0.057292 0.098148
6 0.134115 0.367593 0.032813 0.042593
5 0.132292 0.391667 0.026042 0.033333
5 0.257292 0.082407 0.018750 0.016667
5 0.393490 0.083333 0.029687 0.022222
5 0.427865 0.079167 0.026562 0.017593
5 0.535417 0.031019 0.014583 0.015741
5 0.548438 0.031019 0.014583 0.013889
4 0.570573 0.030556 0.015104 0.014815
6 0.750521 0.064815 0.016667 0.027778
5 0.801042 0.214352 0.021875 0.023148
5 0.657292 0.299537 0.035417 0.034259
6 0.702865 0.294444 0.045312 0.048148
8 0.702344 0.245370 0.064062 0.111111
8 0.884115 0.343056 0.060937 0.087963
5 0.868490 0.386111 0.023438 0.033333
6 0.892969 0.384722 0.030729 0.030556
5 0.927865 0.677778 0.025521 0.046296
3 0.973698 0.735648 0.013021 0.030556
1 0.712240 0.219444 0.026562 0.053704
1 0.897917 0.336111 0.026042 0.044444
8 0.722917 0.031019 0.060417 0.060185
2 0.717969 0.015741 0.014063 0.029630
1 0.130990 0.305556 0.023438 0.046296
6 0.717969 0.058796 0.022396 0.021296
3 0.734896 0.068056 0.009375 0.012037
5 0.981510 0.759722 0.019271 0.067593
