8 0.134896 0.331019 0.059375 0.097222
5 0.129688 0.373611 0.031250 0.030556
5 0.132292 0.391667 0.026042 0.033333
5 0.257292 0.080556 0.018750 0.016667
5 0.392969 0.081481 0.030729 0.018519
5 0.427865 0.079167 0.026562 0.017593
5 0.535417 0.031019 0.014583 0.015741
5 0.548438 0.031019 0.014583 0.013889
4 0.570573 0.030556 0.015104 0.014815
5 0.722917 0.065741 0.031250 0.016667
5 0.759115 0.057870 0.018229 0.019444
5 0.801042 0.214352 0.021875 0.023148
5 0.657292 0.302315 0.035417 0.036111
6 0.710938 0.312500 0.036458 0.030556
8 0.706771 0.265278 0.068750 0.100926
8 0.884115 0.342130 0.060937 0.087963
5 0.868490 0.384722 0.023438 0.036111
6 0.893490 0.386111 0.031771 0.031481
5 0.927865 0.677778 0.025521 0.046296
3 0.972917 0.735185 0.012500 0.031481
1 0.714063 0.256019 0.026042 0.052778
1 0.898438 0.334259 0.026042 0.044444
8 0.712240 0.031019 0.041146 0.060185
2 0.714844 0.015278 0.017188 0.028704
1 0.121094 0.306019 0.022396 0.039815
5 0.980990 0.760648 0.019271 0.065741
