8 0.140365 0.330556 0.057813 0.098148
6 0.134115 0.367593 0.032813 0.042593
5 0.132292 0.391667 0.026042 0.033333
5 0.257292 0.082407 0.018750 0.016667
5 0.393490 0.084259 0.029687 0.022222
5 0.427865 0.079167 0.026562 0.017593
5 0.535417 0.031019 0.014583 0.015741
5 0.548438 0.031019 0.014583 0.013889
4 0.569792 0.028704 0.014583 0.014815
5 0.744792 0.068056 0.018750 0.019444
5 0.801042 0.214352 0.021875 0.023148
5 0.657813 0.299537 0.035417 0.032407
6 0.705469 0.293981 0.042188 0.045370
8 0.697396 0.243519 0.065625 0.109259
8 0.884115 0.343056 0.060937 0.087963
5 0.867969 0.386574 0.023438 0.034259
6 0.892969 0.384259 0.030729 0.033333
5 0.927865 0.677778 0.025521 0.046296
3 0.973437 0.736111 0.013542 0.033333
1 0.702865 0.219444 0.026562 0.053704
1 0.898438 0.333333 0.026042 0.044444
8 0.712760 0.031944 0.041146 0.054630
1 0.716146 0.021296 0.015625 0.029630
1 0.133594 0.306481 0.023438 0.046296
6 0.721615 0.063426 0.031771 0.019444
6 0.722917 0.048611 0.020833 0.019444
5 0.981250 0.760185 0.020833 0.068519
