8 0.138542 0.327778 0.057292 0.098148
6 0.134115 0.367593 0.032813 0.042593
5 0.132292 0.391667 0.026042 0.033333
5 0.257812 0.082407 0.018750 0.016667
5 0.393490 0.082407 0.029687 0.022222
5 0.427865 0.079167 0.026562 0.017593
5 0.535417 0.031019 0.014583 0.015741
5 0.548438 0.031019 0.014583 0.013889
4 0.570573 0.030556 0.015104 0.014815
5 0.747917 0.064815 0.020833 0.025926
5 0.801042 0.214352 0.021875 0.023148
5 0.657292 0.299074 0.035417 0.033333
6 0.702344 0.293519 0.045312 0.048148
8 0.702865 0.248611 0.064062 0.106481
8 0.884115 0.343056 0.060937 0.087963
5 0.868490 0.385648 0.023438 0.032407
6 0.892969 0.384259 0.030729 0.031481
5 0.927865 0.677778 0.025521 0.046296
3 0.972917 0.736574 0.012500 0.034259
1 0.713021 0.224074 0.026042 0.055556
1 0.897917 0.335648 0.026042 0.043519
8 0.711719 0.031019 0.039062 0.060185
1 0.714844 0.016667 0.016146 0.027778
1 0.130990 0.306481 0.023438 0.046296
5 0.722396 0.064815 0.031250 0.020370
3 0.734896 0.068056 0.009375 0.012037
5 0.981250 0.760648 0.019792 0.067593
