8 0.136198 0.329167 0.055729 0.097222
6 0.132812 0.367593 0.032292 0.044444
5 0.132812 0.389815 0.026042 0.033333
5 0.257812 0.083333 0.018750 0.016667
5 0.393490 0.083796 0.028646 0.021296
5 0.427865 0.079167 0.026562 0.017593
5 0.535417 0.031019 0.014583 0.015741
5 0.548438 0.031019 0.014583 0.013889
4 0.569792 0.025000 0.014583 0.016667
5 0.744271 0.068519 0.016667 0.018519
5 0.801042 0.214352 0.021875 0.023148
5 0.657813 0.301389 0.035417 0.036111
6 0.710417 0.306944 0.035417 0.043519
8 0.705990 0.246759 0.067187 0.125000
8 0.883073 0.343519 0.059896 0.088889
5 0.868490 0.386111 0.023438 0.033333
5 0.927865 0.677778 0.025521 0.046296
3 0.973698 0.734722 0.013021 0.037963
1 0.704167 0.212037 0.023958 0.053704
1 0.898438 0.335185 0.023958 0.050000
8 0.717187 0.038889 0.038542 0.061111
1 0.720313 0.025463 0.015625 0.030556
1 0.130469 0.306481 0.023438 0.046296
6 0.892969 0.384259 0.029687 0.037037
4 0.724219 0.061574 0.016146 0.017593
5 0.737240 0.312037 0.042188 0.040741
5 0.981250 0.761111 0.019792 0.066667
