8 0.139063 0.330556 0.058333 0.098148
6 0.134896 0.368519 0.033333 0.042593
5 0.133333 0.389815 0.026042 0.033333
5 0.258333 0.084259 0.018750 0.016667
5 0.393490 0.082407 0.028646 0.018519
5 0.427865 0.079167 0.026562 0.017593
5 0.535417 0.031019 0.014583 0.015741
5 0.548438 0.031019 0.014583 0.013889
4 0.569792 0.025463 0.014583 0.015741
5 0.744271 0.068519 0.016667 0.018519
5 0.801042 0.214352 0.021875 0.023148
5 0.657813 0.301389 0.035417 0.036111
6 0.703646 0.287963 0.041667 0.044444
8 0.705469 0.254630 0.067187 0.094444
8 0.883073 0.344444 0.059896 0.088889
5 0.868490 0.386574 0.023438 0.034259
5 0.927865 0.677778 0.025521 0.046296
3 0.974219 0.735648 0.013021 0.032407
1 0.726042 0.249537 0.026042 0.043519
1 0.898438 0.340741 0.023958 0.050000
8 0.715365 0.033333 0.041146 0.064815
1 0.715625 0.015741 0.015625 0.029630
1 0.132812 0.308333 0.023958 0.046296
6 0.893490 0.387037 0.029687 0.033333
4 0.722917 0.065741 0.009375 0.012963
5 0.981510 0.761111 0.019271 0.064815
