8 0.140365 0.326852 0.057813 0.098148
6 0.134115 0.368519 0.032813 0.042593
5 0.132292 0.390741 0.026042 0.033333
5 0.257812 0.083333 0.018750 0.016667
5 0.393490 0.082407 0.029687 0.022222
5 0.427865 0.079167 0.026562 0.017593
5 0.535417 0.031019 0.014583 0.015741
5 0.548438 0.031019 0.014583 0.013889
4 0.569792 0.028704 0.014583 0.014815
5 0.744792 0.068056 0.018750 0.019444
5 0.801042 0.214352 0.021875 0.023148
5 0.657813 0.298611 0.035417 0.030556
6 0.701562 0.290741 0.042708 0.048148
8 0.696615 0.243981 0.064062 0.104630
8 0.877344 0.341667 0.079687 0.098148
5 0.868490 0.386574 0.023438 0.032407
5 0.927865 0.677778 0.025521 0.046296
3 0.972917 0.735185 0.013542 0.031481
1 0.701562 0.218519 0.026042 0.053704
1 0.884115 0.322222 0.023438 0.050000
8 0.713542 0.032870 0.039583 0.054630
1 0.716146 0.023148 0.015625 0.031481
1 0.134115 0.303704 0.023438 0.046296
6 0.721615 0.062500 0.031771 0.019444
5 0.892969 0.386574 0.031771 0.030556
5 0.981771 0.760185 0.019792 0.066667
