8 0.139323 0.330093 0.055729 0.097222
6 0.134115 0.367593 0.032813 0.044444
5 0.132292 0.389815 0.026042 0.033333
5 0.257812 0.083333 0.018750 0.016667
5 0.392969 0.084259 0.029687 0.022222
5 0.427865 0.079167 0.026562 0.017593
5 0.535417 0.031019 0.014583 0.015741
5 0.548438 0.031019 0.014583 0.013889
4 0.569792 0.024537 0.014583 0.017593
5 0.744271 0.068519 0.016667 0.018519
5 0.801042 0.214352 0.021875 0.023148
5 0.657813 0.301389 0.035417 0.036111
5 0.710938 0.320370 0.042708 0.033333
8 0.702865 0.253704 0.060937 0.092593
8 0.883073 0.345370 0.059896 0.088889
5 0.867969 0.386574 0.023438 0.032407
5 0.927865 0.677778 0.025521 0.046296
3 0.973437 0.735648 0.013542 0.037963
1 0.717187 0.231481 0.025000 0.051852
1 0.898438 0.336111 0.023958 0.050000
8 0.716667 0.039352 0.037500 0.060185
1 0.717708 0.025926 0.015625 0.031481
1 0.130469 0.305556 0.023438 0.046296
6 0.892969 0.385648 0.028646 0.036111
4 0.723698 0.061111 0.016146 0.016667
5 0.737240 0.310648 0.042188 0.036111
6 0.697135 0.293981 0.028646 0.025000
5 0.981250 0.759722 0.019792 0.065741
