8 0.139063 0.330556 0.058333 0.098148
6 0.134896 0.368519 0.033333 0.042593
5 0.133594 0.389815 0.026562 0.033333
5 0.257292 0.083333 0.018750 0.016667
5 0.393490 0.083333 0.028646 0.018519
5 0.427865 0.079167 0.026562 0.017593
5 0.535417 0.031019 0.014583 0.015741
5 0.548438 0.031019 0.014583 0.013889
4 0.569792 0.028704 0.014583 0.014815
5 0.744271 0.068519 0.016667 0.018519
5 0.801042 0.214352 0.021875 0.023148
5 0.657813 0.301389 0.035417 0.036111
6 0.703646 0.288426 0.041667 0.045370
8 0.705469 0.254630 0.067187 0.094444
8 0.883073 0.345370 0.059896 0.088889
5 0.868490 0.387037 0.023438 0.035185
5 0.927865 0.677778 0.025521 0.046296
3 0.972917 0.733333 0.014583 0.031481
1 0.726042 0.250000 0.026042 0.044444
1 0.898438 0.338889 0.023958 0.050000
8 0.715365 0.031944 0.038021 0.060185
1 0.716667 0.018056 0.015625 0.030556
1 0.132812 0.307407 0.023958 0.046296
6 0.893490 0.387500 0.029687 0.034259
4 0.721875 0.063889 0.009375 0.012963
5 0.980729 0.759259 0.020833 0.066667
