8 0.136719 0.330556 0.057813 0.094444
6 0.134635 0.364815 0.031771 0.044444
5 0.132292 0.390741 0.028125 0.033333
5 0.258073 0.083333 0.019271 0.016667
5 0.393490 0.084259 0.028646 0.018519
5 0.427865 0.079630 0.026562 0.018519
5 0.535417 0.031019 0.014583 0.017593
5 0.549219 0.031019 0.014063 0.013889
4 0.569792 0.029167 0.014583 0.013889
8 0.716667 0.037963 0.038542 0.055556
5 0.743490 0.068056 0.016146 0.015741
5 0.801042 0.213889 0.022917 0.024074
5 0.657552 0.301389 0.034896 0.034259
8 0.701302 0.258333 0.069271 0.094444
5 0.703385 0.318981 0.044271 0.034259
5 0.740885 0.315278 0.028646 0.034259
8 0.882031 0.347222 0.059896 0.096296
5 0.868490 0.387963 0.023438 0.037037
5 0.927865 0.677778 0.025521 0.046296
3 0.972917 0.733333 0.013542 0.037037
5 0.981771 0.760185 0.020833 0.068519
1 0.129688 0.306481 0.020833 0.046296
4 0.720833 0.057407 0.016667 0.016667
1 0.719271 0.025926 0.014583 0.031481
1 0.711198 0.243056 0.025521 0.050926
6 0.711198 0.298148 0.027604 0.029630
1 0.899740 0.340278 0.023438 0.045370
6 0.890104 0.388426 0.017708 0.032407
