8 0.139323 0.330093 0.055729 0.097222
6 0.135417 0.365741 0.033333 0.044444
5 0.132812 0.391667 0.026042 0.033333
5 0.257812 0.083333 0.018750 0.016667
5 0.393490 0.084259 0.029687 0.022222
5 0.427865 0.079167 0.026562 0.017593
5 0.535417 0.031019 0.014583 0.015741
5 0.548438 0.031019 0.014583 0.013889
4 0.568490 0.028704 0.015104 0.014815
5 0.744271 0.068519 0.016667 0.018519
5 0.801562 0.213426 0.021875 0.023148
5 0.657813 0.301389 0.035417 0.036111
5 0.710938 0.318981 0.043750 0.034259
8 0.707292 0.258333 0.071875 0.090741
8 0.879167 0.343056 0.051042 0.099074
5 0.867969 0.387037 0.023438 0.033333
5 0.927865 0.677778 0.025521 0.046296
3 0.973437 0.735185 0.014583 0.037037
1 0.731771 0.247222 0.025000 0.051852
1 0.888542 0.328704 0.023958 0.050000
8 0.716667 0.039352 0.037500 0.060185
1 0.717969 0.025000 0.015104 0.031481
1 0.130469 0.306481 0.023438 0.046296
6 0.896094 0.388889 0.028646 0.035185
4 0.723698 0.061111 0.016146 0.016667
5 0.736198 0.309259 0.043229 0.037037
5 0.981771 0.760185 0.019792 0.068519
