8 0.141667 0.318519 0.053125 0.103704
6 0.132552 0.360185 0.033854 0.022222
5 0.133073 0.389815 0.027604 0.033333
5 0.258073 0.081481 0.019271 0.016667
5 0.393490 0.082407 0.028646 0.018519
5 0.427865 0.079630 0.026562 0.018519
5 0.535417 0.031019 0.014583 0.017593
5 0.549219 0.031019 0.014063 0.013889
4 0.569792 0.029167 0.014583 0.013889
8 0.717187 0.037963 0.038542 0.055556
5 0.743490 0.068056 0.016146 0.015741
5 0.801042 0.213889 0.022917 0.024074
5 0.657813 0.301852 0.035417 0.035185
8 0.704167 0.262963 0.071875 0.094444
5 0.706250 0.321759 0.043750 0.034259
5 0.741667 0.316667 0.027083 0.035185
8 0.880729 0.348611 0.060417 0.095370
5 0.868490 0.387963 0.023438 0.037037
5 0.927865 0.677778 0.025521 0.046296
3 0.972917 0.736111 0.013542 0.037037
5 0.981771 0.759259 0.020833 0.068519
6 0.889062 0.389352 0.018750 0.036111
1 0.134115 0.296759 0.020313 0.049074
1 0.711979 0.249537 0.023958 0.047222
6 0.706510 0.301389 0.027604 0.026852
1 0.899219 0.346296 0.023438 0.044444
1 0.720052 0.025926 0.015104 0.031481
4 0.723177 0.057870 0.015104 0.015741
