8 0.141667 0.320370 0.047917 0.092593
6 0.129167 0.373148 0.032292 0.044444
5 0.132292 0.390741 0.028125 0.033333
5 0.258073 0.083333 0.019271 0.016667
5 0.393490 0.084259 0.028646 0.018519
5 0.427865 0.079630 0.026562 0.018519
5 0.535417 0.031019 0.014583 0.017593
5 0.549219 0.031019 0.014063 0.013889
4 0.569792 0.029167 0.014583 0.013889
8 0.716927 0.039815 0.038021 0.059259
5 0.743490 0.068056 0.016146 0.015741
5 0.801042 0.213889 0.022917 0.024074
5 0.657813 0.301852 0.035417 0.035185
8 0.703646 0.268519 0.075000 0.107407
6 0.706250 0.318056 0.044792 0.043519
5 0.742969 0.315741 0.027604 0.035185
8 0.882552 0.350926 0.059896 0.101852
5 0.868490 0.387963 0.023438 0.037037
5 0.927865 0.677778 0.025521 0.046296
3 0.972917 0.733333 0.013542 0.037037
5 0.981771 0.760185 0.020833 0.068519
1 0.133594 0.299074 0.022396 0.048148
1 0.714063 0.250463 0.026042 0.054630
1 0.899219 0.338426 0.022396 0.049074
6 0.888542 0.388426 0.020833 0.036111
6 0.720573 0.026389 0.016146 0.032407
4 0.722656 0.058333 0.017188 0.018519
