8 0.141667 0.318519 0.053125 0.103704
6 0.134115 0.362500 0.029687 0.019444
5 0.133073 0.389815 0.027604 0.033333
5 0.258073 0.081481 0.019271 0.016667
5 0.393490 0.082407 0.028646 0.018519
5 0.427865 0.079630 0.026562 0.018519
5 0.535417 0.031019 0.014583 0.017593
5 0.549219 0.031019 0.014063 0.013889
4 0.569792 0.029167 0.014583 0.013889
8 0.716667 0.037037 0.038542 0.055556
5 0.743490 0.068056 0.016146 0.015741
5 0.801042 0.213889 0.022917 0.024074
5 0.657813 0.301852 0.035417 0.035185
8 0.702865 0.256944 0.067187 0.093519
5 0.704688 0.320833 0.043750 0.034259
5 0.741667 0.316667 0.027083 0.035185
8 0.881771 0.345370 0.058333 0.101852
5 0.868490 0.387963 0.023438 0.037037
5 0.927865 0.677778 0.025521 0.046296
3 0.972917 0.736111 0.013542 0.037037
5 0.981771 0.759259 0.020833 0.068519
6 0.889062 0.389352 0.018750 0.036111
1 0.136458 0.294444 0.022917 0.050000
1 0.715885 0.250463 0.025521 0.050926
6 0.705729 0.300000 0.031250 0.031481
1 0.898438 0.339815 0.023958 0.044444
1 0.719271 0.025926 0.015625 0.031481
4 0.722917 0.056944 0.015625 0.015741
