8 0.143229 0.319444 0.053125 0.103704
6 0.128385 0.362037 0.034896 0.024074
5 0.133073 0.389815 0.027604 0.033333
5 0.258073 0.081481 0.019271 0.016667
5 0.393490 0.082407 0.028646 0.018519
5 0.427865 0.079630 0.026562 0.018519
5 0.535417 0.031019 0.014583 0.017593
5 0.549219 0.031019 0.014063 0.013889
4 0.569792 0.029167 0.014583 0.013889
8 0.716667 0.037037 0.038542 0.055556
5 0.743490 0.068056 0.016146 0.015741
5 0.801042 0.213889 0.022917 0.024074
5 0.657813 0.301852 0.035417 0.035185
8 0.703646 0.267130 0.073958 0.104630
6 0.706250 0.318056 0.043750 0.043519
5 0.742188 0.316667 0.027083 0.035185
8 0.882031 0.346759 0.060937 0.093519
5 0.868490 0.387963 0.023438 0.037037
5 0.927865 0.677778 0.025521 0.046296
3 0.972917 0.736111 0.013542 0.037037
5 0.981771 0.759259 0.020833 0.068519
6 0.889062 0.389352 0.018750 0.036111
1 0.134115 0.294907 0.020313 0.049074
1 0.714583 0.244907 0.025000 0.052778
1 0.900260 0.347685 0.023438 0.049074
1 0.719792 0.025463 0.014583 0.030556
4 0.720052 0.057407 0.017188 0.016667
