8 0.141927 0.328704 0.047396 0.092593
6 0.128906 0.376852 0.030729 0.042593
5 0.132812 0.390741 0.026042 0.035185
5 0.258073 0.083333 0.019271 0.016667
5 0.393490 0.084259 0.028646 0.018519
5 0.427865 0.079630 0.026562 0.018519
5 0.535417 0.031019 0.014583 0.017593
5 0.549219 0.031019 0.014063 0.013889
4 0.569792 0.029167 0.014583 0.013889
8 0.716667 0.037963 0.038542 0.055556
5 0.743490 0.068056 0.016146 0.015741
5 0.801042 0.213889 0.022917 0.024074
5 0.657813 0.301389 0.035417 0.034259
8 0.709635 0.270370 0.063021 0.105556
6 0.705469 0.317593 0.043229 0.040741
5 0.742448 0.315741 0.027604 0.035185
8 0.880208 0.351389 0.060417 0.089815
5 0.868490 0.387963 0.023438 0.037037
5 0.927865 0.677778 0.025521 0.046296
3 0.972917 0.733333 0.013542 0.037037
5 0.981771 0.760185 0.020833 0.068519
1 0.139323 0.308333 0.022396 0.048148
1 0.719792 0.026389 0.015625 0.030556
4 0.722656 0.057870 0.016146 0.015741
1 0.711198 0.259722 0.024479 0.047222
1 0.898438 0.353704 0.025000 0.044444
6 0.889323 0.388426 0.019271 0.034259
