8 0.143750 0.320370 0.053125 0.100000
6 0.131771 0.360185 0.036458 0.024074
5 0.133073 0.389815 0.027604 0.033333
5 0.258073 0.081481 0.019271 0.016667
5 0.393490 0.082407 0.028646 0.018519
5 0.427865 0.079630 0.026562 0.018519
5 0.535417 0.031019 0.014583 0.017593
5 0.549219 0.031019 0.014063 0.013889
4 0.569792 0.029167 0.014583 0.013889
8 0.716667 0.038426 0.038542 0.058333
5 0.743490 0.068056 0.016146 0.015741
5 0.801042 0.213889 0.022917 0.024074
5 0.657813 0.301852 0.035417 0.035185
8 0.701562 0.264352 0.071875 0.106481
6 0.706510 0.318056 0.044271 0.041667
5 0.741667 0.316667 0.027083 0.035185
8 0.880729 0.347685 0.060417 0.097222
5 0.868490 0.387963 0.023438 0.037037
5 0.927865 0.677778 0.025521 0.046296
3 0.972917 0.736111 0.013542 0.037037
5 0.981771 0.759259 0.020833 0.068519
6 0.889062 0.389352 0.018750 0.036111
1 0.134375 0.297222 0.020833 0.048148
1 0.712500 0.240278 0.026042 0.052778
1 0.899479 0.348148 0.021875 0.048148
1 0.720052 0.025926 0.015104 0.031481
4 0.723958 0.058796 0.015625 0.015741
