8 0.141406 0.320833 0.048438 0.095370
6 0.129948 0.371296 0.032813 0.046296
5 0.132292 0.390741 0.028125 0.033333
5 0.258073 0.083333 0.019271 0.016667
5 0.393490 0.084259 0.028646 0.018519
5 0.427865 0.079630 0.026562 0.018519
5 0.535417 0.031019 0.014583 0.017593
5 0.549219 0.031019 0.014063 0.013889
4 0.569792 0.029167 0.014583 0.013889
8 0.716667 0.037963 0.038542 0.055556
5 0.743490 0.068056 0.016146 0.015741
5 0.801042 0.213889 0.022917 0.024074
5 0.658073 0.301389 0.034896 0.034259
8 0.703646 0.267593 0.073958 0.111111
6 0.706250 0.318981 0.043750 0.041667
5 0.742448 0.315741 0.027604 0.035185
8 0.881250 0.349074 0.061458 0.092593
5 0.868490 0.387963 0.023438 0.037037
5 0.927865 0.677778 0.025521 0.046296
3 0.972917 0.733333 0.013542 0.037037
5 0.981771 0.760185 0.020833 0.068519
1 0.133333 0.300926 0.020833 0.050000
1 0.713021 0.248148 0.023958 0.050000
1 0.899740 0.340278 0.024479 0.047222
6 0.890365 0.387963 0.019271 0.035185
1 0.719792 0.025926 0.014583 0.031481
4 0.723437 0.058796 0.014583 0.017593
