8 0.143229 0.322685 0.051042 0.099074
6 0.131771 0.358333 0.035417 0.027778
5 0.133073 0.389815 0.027604 0.033333
5 0.258073 0.085185 0.019271 0.016667
5 0.394010 0.085185 0.028646 0.018519
5 0.427865 0.079630 0.026562 0.018519
5 0.535417 0.031019 0.014583 0.017593
5 0.549219 0.031019 0.014063 0.013889
4 0.569792 0.029167 0.014583 0.013889
8 0.716667 0.037037 0.038542 0.055556
5 0.743490 0.068056 0.016146 0.015741
5 0.801042 0.213889 0.022917 0.024074
5 0.657813 0.301852 0.035417 0.035185
8 0.704427 0.265278 0.073438 0.104630
6 0.706510 0.318519 0.044271 0.040741
5 0.741667 0.316667 0.027083 0.035185
8 0.881771 0.348611 0.061458 0.095370
5 0.868490 0.387963 0.023438 0.037037
5 0.927865 0.677778 0.025521 0.046296
3 0.972917 0.736111 0.013542 0.037037
5 0.981771 0.759259 0.020833 0.068519
6 0.889062 0.389352 0.018750 0.036111
1 0.133854 0.296759 0.020833 0.049074
1 0.719010 0.024537 0.016146 0.030556
4 0.719531 0.055556 0.016146 0.016667
1 0.718490 0.253241 0.026562 0.049074
1 0.899740 0.347222 0.023438 0.046296
