8 0.141406 0.319907 0.047396 0.089815
6 0.129427 0.372685 0.033854 0.043519
5 0.132292 0.390741 0.028125 0.033333
5 0.258073 0.083333 0.019271 0.016667
5 0.393490 0.084259 0.028646 0.018519
5 0.427865 0.079630 0.026562 0.018519
5 0.535417 0.031019 0.014583 0.017593
5 0.549219 0.031019 0.014063 0.013889
4 0.569792 0.029167 0.014583 0.013889
8 0.716667 0.039352 0.038542 0.058333
5 0.743490 0.068056 0.016146 0.015741
5 0.801042 0.213889 0.022917 0.024074
5 0.658073 0.301389 0.034896 0.034259
8 0.703646 0.268056 0.072917 0.112037
6 0.705469 0.318981 0.043229 0.041667
5 0.742969 0.315741 0.027604 0.035185
8 0.880990 0.349074 0.060937 0.094444
5 0.868490 0.387963 0.023438 0.037037
5 0.927865 0.677778 0.025521 0.046296
3 0.972917 0.733333 0.013542 0.037037
5 0.981771 0.760185 0.020833 0.068519
1 0.133854 0.300463 0.020833 0.049074
1 0.714063 0.249537 0.025000 0.050926
1 0.899479 0.342130 0.022917 0.050926
6 0.889323 0.387963 0.020313 0.033333
1 0.719271 0.026389 0.015625 0.030556
4 0.723437 0.058333 0.015625 0.016667
