8 0.135937 0.325000 0.056250 0.105556
6 0.129167 0.375000 0.035417 0.042593
5 0.132292 0.390741 0.028125 0.033333
5 0.258073 0.083333 0.019271 0.016667
5 0.393490 0.084259 0.028646 0.018519
5 0.427865 0.079630 0.026562 0.018519
5 0.535417 0.031019 0.014583 0.017593
5 0.549219 0.031019 0.014063 0.013889
4 0.569792 0.029167 0.014583 0.013889
8 0.716667 0.037963 0.038542 0.055556
5 0.743490 0.068056 0.016146 0.015741
5 0.801042 0.213889 0.022917 0.024074
5 0.658073 0.301852 0.034896 0.035185
8 0.704427 0.265278 0.072396 0.099074
6 0.704688 0.316667 0.043750 0.044444
5 0.741927 0.315741 0.027604 0.035185
8 0.882292 0.352315 0.059375 0.089815
5 0.868490 0.387963 0.023438 0.037037
5 0.927865 0.677778 0.025521 0.046296
3 0.972917 0.733333 0.013542 0.037037
5 0.981771 0.760185 0.020833 0.068519
1 0.134375 0.298148 0.021875 0.048148
1 0.714844 0.253241 0.025521 0.052778
1 0.898698 0.350926 0.024479 0.046296
6 0.889583 0.388889 0.019792 0.033333
1 0.719271 0.025926 0.015625 0.029630
4 0.722656 0.057870 0.016146 0.017593
