6 0.238021 0.137037 0.026042 0.022222
1 0.242188 0.100926 0.013542 0.029630
8 0.247917 0.112037 0.036458 0.048148
3 0.394010 0.086111 0.011979 0.007407
6 0.388021 0.085648 0.027083 0.019444
5 0.427865 0.079630 0.023438 0.014815
1 0.396615 0.037037 0.014063 0.031481
8 0.392448 0.054630 0.043229 0.064815
5 0.536719 0.031944 0.014063 0.012037
4 0.569792 0.031481 0.012500 0.012963
4 0.730469 0.061574 0.014063 0.010185
1 0.722656 0.028704 0.013021 0.027778
8 0.717187 0.041204 0.040625 0.054630
5 0.791667 0.209722 0.028125 0.019444
1 0.798698 0.168519 0.016146 0.033333
9 0.789844 0.173611 0.036979 0.065741
5 0.659896 0.300000 0.033333 0.031481
5 0.709115 0.325463 0.040104 0.030556
1 0.703646 0.206019 0.020833 0.045370
8 0.707292 0.243519 0.072917 0.122222
7 0.896615 0.355556 0.018229 0.037037
9 0.880469 0.349537 0.053646 0.080556
5 0.861719 0.380556 0.028646 0.037037
5 0.927865 0.678241 0.025521 0.047222
