5 0.238021 0.140278 0.026042 0.019444
1 0.238542 0.088889 0.012500 0.027778
8 0.242969 0.106019 0.046354 0.065741
3 0.393490 0.086574 0.011979 0.006481
6 0.386458 0.084259 0.028125 0.022222
1 0.388542 0.030556 0.013542 0.031481
8 0.393490 0.048611 0.048438 0.069444
5 0.427865 0.078704 0.023438 0.014815
5 0.536719 0.030556 0.014063 0.012963
4 0.568490 0.030556 0.013021 0.012963
4 0.730990 0.059259 0.015104 0.012963
1 0.722917 0.029167 0.012500 0.026852
8 0.718490 0.041667 0.039062 0.053704
5 0.790365 0.203704 0.028646 0.022222
1 0.792448 0.147685 0.015104 0.030556
8 0.780990 0.165741 0.036979 0.066667
5 0.659115 0.299074 0.033854 0.031481
6 0.709115 0.318056 0.040104 0.045370
1 0.713542 0.268519 0.021875 0.040741
9 0.704948 0.267130 0.068229 0.097222
7 0.894792 0.355556 0.018750 0.037037
9 0.880990 0.347685 0.051562 0.080556
5 0.861719 0.380556 0.028646 0.037037
5 0.927865 0.677778 0.026562 0.046296
