5 0.238021 0.138889 0.026042 0.018519
1 0.238542 0.093056 0.014583 0.028704
8 0.242188 0.105556 0.036458 0.057407
3 0.394792 0.086574 0.011458 0.008333
6 0.380729 0.086111 0.015625 0.020370
1 0.392969 0.053704 0.015104 0.029630
9 0.387240 0.061574 0.047396 0.045370
5 0.426563 0.079167 0.025000 0.015741
5 0.536719 0.030556 0.014063 0.012963
4 0.569792 0.031019 0.013542 0.013889
4 0.722917 0.065278 0.017708 0.015741
1 0.718750 0.030556 0.012500 0.027778
9 0.716667 0.043519 0.037500 0.055556
6 0.794792 0.206019 0.028125 0.026852
1 0.796615 0.155556 0.016146 0.033333
8 0.785417 0.168981 0.038542 0.067593
7 0.897396 0.355556 0.017708 0.037037
9 0.880990 0.349074 0.051562 0.081481
5 0.861719 0.380556 0.028646 0.035185
5 0.659896 0.299537 0.033333 0.030556
5 0.709115 0.324537 0.040104 0.030556
1 0.701042 0.249537 0.021875 0.041667
9 0.700000 0.255556 0.062500 0.088889
5 0.927865 0.678704 0.025521 0.046296
