5 0.239063 0.140278 0.023958 0.017593
2 0.248958 0.069907 0.013542 0.026852
8 0.249740 0.096759 0.029687 0.080556
3 0.394531 0.087963 0.011979 0.009259
6 0.386719 0.087037 0.026562 0.020370
1 0.390104 0.061574 0.015625 0.028704
9 0.385937 0.068056 0.052083 0.045370
5 0.427865 0.079167 0.023438 0.015741
5 0.536979 0.032407 0.014583 0.014815
4 0.570052 0.031481 0.013021 0.012963
4 0.730990 0.062500 0.015104 0.012037
1 0.724479 0.030093 0.012500 0.026852
8 0.718490 0.042130 0.040104 0.054630
6 0.793490 0.208796 0.027604 0.023148
1 0.798698 0.156481 0.016146 0.033333
8 0.788281 0.172685 0.038021 0.067593
5 0.659635 0.300926 0.033854 0.031481
5 0.709375 0.325463 0.039583 0.030556
6 0.703385 0.295833 0.030729 0.030556
1 0.703646 0.230556 0.021875 0.044444
8 0.696094 0.253241 0.061979 0.093519
7 0.895833 0.355556 0.018750 0.035185
9 0.880990 0.350463 0.052604 0.080556
5 0.861458 0.381019 0.028125 0.034259
5 0.927604 0.678241 0.026042 0.047222
