6 0.238281 0.137037 0.024479 0.024074
1 0.242708 0.096759 0.012500 0.028704
8 0.247656 0.109722 0.035937 0.056481
3 0.394271 0.087500 0.011458 0.010185
6 0.386719 0.085648 0.026562 0.021296
1 0.389844 0.039352 0.015104 0.032407
8 0.393229 0.055093 0.042708 0.063889
5 0.427865 0.079167 0.023438 0.015741
5 0.536979 0.032870 0.013542 0.013889
4 0.569531 0.031481 0.013021 0.012963
4 0.730990 0.062963 0.015104 0.011111
1 0.725521 0.031944 0.012500 0.028704
8 0.718490 0.042593 0.038021 0.051852
5 0.709115 0.325000 0.039062 0.033333
5 0.659896 0.301389 0.033333 0.030556
1 0.717708 0.222222 0.020833 0.042593
8 0.699219 0.248611 0.068229 0.093519
7 0.896094 0.356019 0.018229 0.034259
9 0.880990 0.349537 0.052604 0.080556
5 0.861719 0.381481 0.028646 0.037037
5 0.927604 0.676852 0.026042 0.048148
