5 0.237760 0.137963 0.027604 0.018519
1 0.239323 0.088426 0.013021 0.026852
8 0.242969 0.106481 0.045312 0.070370
4 0.393490 0.081019 0.013021 0.013889
1 0.401042 0.035648 0.015625 0.030556
8 0.392969 0.055556 0.043229 0.068519
5 0.426563 0.079630 0.023958 0.014815
5 0.536719 0.030556 0.014063 0.011111
4 0.569792 0.030556 0.012500 0.012963
6 0.721094 0.056944 0.029687 0.023148
1 0.718490 0.019907 0.013021 0.026852
8 0.713542 0.032870 0.042708 0.052778
5 0.659896 0.299074 0.034375 0.031481
6 0.698438 0.295833 0.029167 0.030556
5 0.709115 0.327315 0.040104 0.028704
1 0.710938 0.249074 0.020833 0.044444
8 0.702344 0.256481 0.064062 0.090741
6 0.797917 0.206019 0.017708 0.023148
1 0.795312 0.155556 0.015625 0.031481
8 0.785417 0.173148 0.034375 0.068519
7 0.895312 0.356019 0.018750 0.036111
5 0.861719 0.380556 0.029687 0.037037
9 0.879167 0.346759 0.054167 0.076852
5 0.927604 0.678704 0.026042 0.046296
