5 0.927865 0.677315 0.026562 0.049074
7 0.895833 0.354630 0.018750 0.035185
9 0.879687 0.349537 0.055208 0.080556
5 0.861458 0.381481 0.029167 0.037037
5 0.659896 0.300463 0.034375 0.032407
5 0.709115 0.325926 0.040104 0.031481
6 0.704948 0.297685 0.030729 0.030556
1 0.714844 0.258796 0.021354 0.041667
9 0.706510 0.258796 0.067187 0.086111
6 0.792448 0.208333 0.026562 0.024074
1 0.798177 0.165741 0.016146 0.033333
8 0.788542 0.175926 0.039583 0.070370
4 0.731250 0.062500 0.015625 0.012037
1 0.723958 0.029630 0.012500 0.027778
8 0.719010 0.041667 0.039062 0.053704
5 0.537240 0.032870 0.014063 0.012037
4 0.570312 0.031944 0.012500 0.013889
6 0.386979 0.086574 0.026042 0.021296
3 0.394271 0.087963 0.011458 0.009259
1 0.396094 0.031944 0.015104 0.032407
8 0.393229 0.050463 0.042708 0.071296
5 0.427604 0.079630 0.023958 0.014815
6 0.238542 0.138426 0.025000 0.023148
1 0.241667 0.086574 0.013542 0.028704
8 0.247135 0.104630 0.038021 0.066667
