6 0.238542 0.133796 0.025000 0.021296
1 0.242969 0.098611 0.014063 0.030556
8 0.248698 0.108333 0.036979 0.051852
3 0.394271 0.085648 0.012500 0.006481
6 0.387760 0.084722 0.027604 0.019444
1 0.396615 0.034722 0.015104 0.030556
8 0.392969 0.053241 0.043229 0.067593
5 0.427865 0.079630 0.023438 0.014815
5 0.536719 0.030556 0.014063 0.012963
4 0.569271 0.031019 0.012500 0.013889
4 0.730990 0.061111 0.016146 0.016667
1 0.726042 0.030556 0.013542 0.027778
9 0.718490 0.042593 0.039062 0.053704
5 0.791667 0.207407 0.027083 0.022222
1 0.799740 0.160648 0.016146 0.030556
8 0.789844 0.169907 0.039062 0.062037
5 0.659896 0.299537 0.033333 0.030556
5 0.709115 0.325000 0.040104 0.031481
1 0.705990 0.231481 0.020313 0.042593
8 0.701042 0.251389 0.061458 0.089815
7 0.896094 0.356019 0.018229 0.036111
7 0.879167 0.348611 0.054167 0.080556
5 0.860938 0.380556 0.029167 0.037037
5 0.926562 0.678241 0.026042 0.045370
