5 0.238021 0.138426 0.026042 0.019444
1 0.240625 0.086111 0.012500 0.029630
8 0.243490 0.106481 0.046354 0.070370
3 0.394271 0.086111 0.012500 0.005556
6 0.387760 0.085648 0.027604 0.021296
1 0.397917 0.035648 0.014583 0.030556
5 0.427865 0.079167 0.023438 0.015741
8 0.392188 0.054167 0.042708 0.065741
5 0.536719 0.031019 0.014063 0.012037
4 0.568490 0.030556 0.013021 0.012963
4 0.731250 0.062963 0.015625 0.012963
1 0.723437 0.030093 0.012500 0.026852
8 0.718490 0.041204 0.039062 0.052778
5 0.790365 0.203704 0.027604 0.020370
1 0.791667 0.143519 0.015625 0.031481
8 0.780990 0.163889 0.038021 0.074074
5 0.659896 0.299537 0.034375 0.030556
5 0.709115 0.325000 0.039062 0.031481
1 0.711719 0.260648 0.021354 0.041667
9 0.702865 0.261111 0.070312 0.090741
7 0.894792 0.356019 0.018750 0.034259
9 0.879167 0.348148 0.054167 0.079630
5 0.861719 0.380556 0.028646 0.037037
5 0.927865 0.677315 0.026562 0.047222
