5 0.237760 0.139352 0.026562 0.017593
2 0.253125 0.067593 0.014583 0.031481
8 0.247396 0.094444 0.045833 0.085185
3 0.394271 0.087963 0.012500 0.009259
6 0.387240 0.087037 0.027604 0.022222
1 0.390365 0.060648 0.015104 0.028704
9 0.386979 0.067130 0.052083 0.045370
5 0.427865 0.078704 0.024479 0.014815
5 0.536719 0.032407 0.014063 0.012963
4 0.570052 0.031481 0.013021 0.012963
4 0.730469 0.062963 0.015104 0.012963
1 0.724219 0.030093 0.013021 0.026852
8 0.719010 0.041204 0.038021 0.054630
5 0.791146 0.209259 0.029167 0.024074
1 0.796875 0.167130 0.016667 0.034259
8 0.786719 0.175000 0.036979 0.059259
5 0.659635 0.300000 0.033854 0.033333
5 0.709896 0.325926 0.040625 0.031481
6 0.704427 0.297222 0.029687 0.031481
1 0.713281 0.248611 0.021354 0.041667
8 0.705208 0.259259 0.068750 0.088889
7 0.896354 0.355556 0.018750 0.035185
9 0.880208 0.349074 0.054167 0.079630
5 0.861458 0.381481 0.028125 0.035185
5 0.927865 0.679167 0.025521 0.045370
