5 0.237240 0.140741 0.026562 0.020370
4 0.396354 0.077778 0.013542 0.018519
1 0.386458 0.035648 0.013542 0.030556
8 0.389062 0.053704 0.047917 0.066667
5 0.428125 0.079167 0.022917 0.015741
5 0.536979 0.032870 0.013542 0.012037
4 0.569792 0.032407 0.014583 0.012963
4 0.731250 0.062037 0.014583 0.012963
1 0.723698 0.030093 0.013021 0.026852
8 0.719010 0.041667 0.039062 0.053704
1 0.787500 0.139815 0.015625 0.031481
8 0.780729 0.161574 0.037500 0.076852
5 0.659896 0.301389 0.034375 0.030556
5 0.710156 0.325463 0.039062 0.030556
6 0.710677 0.300926 0.028646 0.025926
4 0.695052 0.291667 0.013021 0.020370
1 0.713542 0.247685 0.019792 0.050926
9 0.708073 0.266204 0.069271 0.089815
7 0.895833 0.356019 0.018750 0.036111
9 0.881771 0.348611 0.050000 0.080556
5 0.861719 0.381481 0.029687 0.037037
5 0.927604 0.677778 0.026042 0.046296
