6 0.237760 0.140741 0.026562 0.016667
1 0.240625 0.093981 0.013542 0.028704
8 0.241667 0.111574 0.043750 0.063889
3 0.396875 0.083333 0.012500 0.009259
6 0.389844 0.084722 0.028646 0.023148
1 0.390625 0.054167 0.014583 0.028704
9 0.385677 0.063889 0.050521 0.046296
5 0.428125 0.079630 0.023958 0.014815
5 0.536979 0.032870 0.013542 0.013889
4 0.567708 0.026852 0.010417 0.011111
5 0.576823 0.033796 0.024479 0.013889
1 0.717969 0.030093 0.011979 0.026852
4 0.723177 0.065741 0.018229 0.012963
8 0.716146 0.043519 0.037500 0.055556
2 0.798698 0.152315 0.018229 0.032407
6 0.798958 0.211574 0.018750 0.025000
8 0.790365 0.172685 0.041146 0.076852
5 0.659635 0.301389 0.034896 0.030556
5 0.715885 0.328241 0.038021 0.030556
1 0.704427 0.217593 0.021354 0.048148
8 0.704948 0.247222 0.069271 0.105556
7 0.895833 0.356019 0.018750 0.036111
9 0.880469 0.349074 0.053646 0.081481
5 0.861719 0.381019 0.028646 0.036111
5 0.927865 0.678704 0.025521 0.046296
