5 0.238281 0.140278 0.027604 0.019444
3 0.395313 0.088426 0.010417 0.008333
6 0.388021 0.087963 0.026042 0.024074
1 0.390365 0.061574 0.015104 0.028704
9 0.386719 0.066667 0.053646 0.044444
5 0.427865 0.079167 0.023438 0.015741
5 0.536979 0.032870 0.014583 0.013889
4 0.569531 0.031944 0.014063 0.013889
4 0.730469 0.062963 0.015104 0.012963
1 0.723177 0.028241 0.011979 0.026852
8 0.718229 0.041667 0.038542 0.055556
1 0.791146 0.141667 0.014583 0.033333
8 0.781250 0.162037 0.037500 0.072222
5 0.660156 0.300926 0.033854 0.031481
5 0.710417 0.326389 0.038542 0.030556
6 0.708854 0.300463 0.031250 0.026852
1 0.715625 0.259259 0.021875 0.040741
9 0.708073 0.266667 0.070312 0.090741
7 0.895833 0.356481 0.018750 0.035185
9 0.880990 0.349074 0.052604 0.079630
5 0.861458 0.381019 0.029167 0.037963
5 0.927344 0.678241 0.025521 0.045370
