5 0.237240 0.139815 0.029687 0.020370
2 0.284635 0.018056 0.016146 0.028704
8 0.296094 0.089352 0.040104 0.171296
3 0.396875 0.082870 0.012500 0.010185
6 0.390365 0.085185 0.025521 0.022222
1 0.392708 0.055556 0.015625 0.027778
9 0.387240 0.063426 0.049479 0.047222
5 0.428125 0.079167 0.022917 0.013889
5 0.536979 0.032407 0.014583 0.012963
3 0.570312 0.031944 0.007292 0.008333
4 0.730469 0.062963 0.014063 0.012963
1 0.723437 0.029167 0.012500 0.028704
8 0.719010 0.041667 0.038021 0.053704
1 0.788802 0.140278 0.015104 0.034259
8 0.782031 0.160648 0.036979 0.076852
5 0.660156 0.301852 0.033854 0.029630
6 0.714063 0.319444 0.040625 0.044444
1 0.716146 0.250000 0.020833 0.050000
9 0.708333 0.270370 0.068750 0.098148
7 0.896094 0.356481 0.019271 0.035185
9 0.882292 0.348611 0.051042 0.078704
5 0.861458 0.381481 0.029167 0.035185
5 0.927865 0.677778 0.025521 0.044444
