5 0.236458 0.141667 0.026042 0.016667
1 0.236979 0.098148 0.013542 0.029630
8 0.241146 0.110648 0.042708 0.054630
3 0.397396 0.083333 0.012500 0.009259
4 0.390104 0.085185 0.028125 0.024074
1 0.388281 0.049537 0.014063 0.032407
9 0.385677 0.059722 0.050521 0.052778
5 0.428385 0.079630 0.023438 0.014815
5 0.537240 0.033333 0.014063 0.012963
5 0.577604 0.034259 0.025000 0.014815
4 0.567187 0.026852 0.010417 0.012963
1 0.717448 0.031481 0.011979 0.027778
4 0.723698 0.066204 0.016146 0.013889
8 0.715625 0.043056 0.036458 0.054630
6 0.798438 0.210185 0.019792 0.024074
2 0.798438 0.152778 0.016667 0.033333
8 0.790365 0.173148 0.041146 0.077778
5 0.659896 0.300926 0.034375 0.029630
5 0.716146 0.328241 0.038542 0.028704
6 0.706250 0.305093 0.029167 0.017593
1 0.723437 0.269907 0.019792 0.037963
9 0.714583 0.271759 0.072917 0.087963
7 0.896615 0.356019 0.017188 0.034259
9 0.881250 0.350000 0.052083 0.079630
5 0.862240 0.381481 0.028646 0.037037
5 0.927604 0.678704 0.026042 0.044444
