5 0.238802 0.142130 0.024479 0.015741
1 0.236198 0.098611 0.014063 0.028704
8 0.240885 0.110648 0.041146 0.054630
3 0.396875 0.083796 0.012500 0.008333
6 0.389062 0.085648 0.026042 0.021296
1 0.393490 0.051852 0.014063 0.029630
9 0.387240 0.061574 0.046354 0.049074
5 0.428385 0.079167 0.023438 0.015741
5 0.537240 0.032407 0.014063 0.012963
4 0.567708 0.026852 0.011458 0.012963
5 0.577604 0.034259 0.023958 0.012963
1 0.716406 0.029630 0.011979 0.027778
4 0.723437 0.065741 0.017708 0.012963
8 0.716146 0.043519 0.037500 0.057407
6 0.798698 0.212500 0.019271 0.023148
1 0.796875 0.159722 0.016667 0.034259
8 0.792448 0.177315 0.040104 0.075000
5 0.659896 0.301389 0.034375 0.030556
5 0.716146 0.328704 0.038542 0.029630
4 0.708594 0.295370 0.026562 0.024074
1 0.713021 0.244444 0.021875 0.042593
8 0.707552 0.261111 0.069271 0.098148
7 0.896354 0.356481 0.018750 0.035185
9 0.880729 0.350000 0.053125 0.081481
5 0.861458 0.381481 0.029167 0.037037
5 0.927865 0.677778 0.025521 0.046296
