5 0.238542 0.140278 0.025000 0.019444
1 0.242448 0.080093 0.013021 0.025000
8 0.244531 0.104630 0.055729 0.072222
3 0.397396 0.081944 0.012500 0.008333
6 0.390365 0.083796 0.026562 0.023148
1 0.390365 0.046296 0.015104 0.029630
8 0.385156 0.058333 0.049479 0.055556
5 0.427865 0.079630 0.023438 0.014815
5 0.536719 0.031481 0.014063 0.012963
3 0.551042 0.032870 0.008333 0.010185
6 0.576042 0.029630 0.023958 0.024074
4 0.729688 0.062963 0.015625 0.012963
1 0.721615 0.028704 0.013021 0.027778
8 0.717969 0.042130 0.039062 0.054630
1 0.787760 0.140278 0.015104 0.034259
8 0.781771 0.160185 0.037500 0.075926
5 0.659896 0.300463 0.034375 0.030556
5 0.715885 0.328241 0.039062 0.030556
4 0.709896 0.294444 0.026042 0.027778
1 0.713021 0.245370 0.019792 0.042593
8 0.705990 0.259722 0.070312 0.093519
7 0.895312 0.355093 0.019792 0.034259
9 0.880469 0.348611 0.052604 0.080556
5 0.860938 0.380556 0.029167 0.037037
5 0.927865 0.677778 0.026562 0.048148
