6 0.230990 0.137037 0.025521 0.020370
1 0.239323 0.084259 0.011979 0.025926
8 0.242969 0.104167 0.039062 0.063889
3 0.396615 0.081944 0.013021 0.010185
6 0.390365 0.083796 0.026562 0.023148
1 0.392188 0.050926 0.013542 0.029630
9 0.385937 0.060185 0.048958 0.050000
5 0.427865 0.079630 0.023438 0.014815
5 0.536719 0.031019 0.014063 0.012037
4 0.568490 0.025000 0.014063 0.014815
5 0.577344 0.032870 0.023438 0.013889
4 0.730469 0.062963 0.015104 0.012963
1 0.722656 0.028704 0.013021 0.027778
8 0.717708 0.041204 0.038542 0.054630
1 0.787760 0.140278 0.016146 0.032407
8 0.780990 0.159722 0.038021 0.073148
5 0.659115 0.300926 0.033854 0.031481
5 0.715365 0.328704 0.038021 0.029630
4 0.709115 0.295370 0.027604 0.027778
1 0.713021 0.243519 0.020833 0.042593
8 0.708073 0.260185 0.068229 0.094444
7 0.895833 0.355556 0.018750 0.035185
9 0.881510 0.348611 0.050521 0.080556
5 0.861719 0.381019 0.028646 0.037963
5 0.927865 0.678704 0.025521 0.046296
