5 0.234635 0.141667 0.023438 0.014815
1 0.242708 0.083333 0.012500 0.027778
8 0.242448 0.103241 0.047396 0.067593
3 0.397396 0.082870 0.013542 0.008333
6 0.390365 0.086111 0.025521 0.022222
1 0.392188 0.054630 0.014583 0.027778
9 0.385677 0.063889 0.049479 0.046296
5 0.428125 0.079167 0.023958 0.015741
5 0.537500 0.032870 0.014583 0.012037
5 0.577604 0.034259 0.023958 0.012963
4 0.567187 0.027315 0.011458 0.012037
2 0.717448 0.024537 0.014063 0.025000
4 0.730208 0.062963 0.014583 0.012963
8 0.718490 0.039815 0.036979 0.057407
1 0.787760 0.139352 0.015104 0.034259
8 0.780729 0.159722 0.037500 0.075000
5 0.659896 0.299537 0.033333 0.032407
5 0.715625 0.327778 0.039583 0.029630
4 0.708854 0.294907 0.026042 0.025000
1 0.712760 0.244444 0.020313 0.042593
8 0.708333 0.260185 0.067708 0.096296
7 0.895052 0.354630 0.018229 0.033333
9 0.882031 0.348611 0.050521 0.078704
5 0.861719 0.381481 0.029687 0.035185
5 0.928125 0.678241 0.026042 0.047222
