5 0.238281 0.140741 0.025521 0.018519
3 0.395313 0.088426 0.010417 0.008333
6 0.388281 0.087037 0.026562 0.022222
1 0.391667 0.056944 0.015625 0.028704
9 0.387500 0.065741 0.054167 0.046296
5 0.428385 0.080093 0.023438 0.013889
5 0.537240 0.032870 0.014063 0.012037
4 0.569531 0.032407 0.014063 0.012963
4 0.730208 0.063426 0.014583 0.012037
1 0.722917 0.028704 0.012500 0.027778
8 0.717708 0.040741 0.038542 0.053704
6 0.795052 0.205093 0.025521 0.025000
1 0.794271 0.168519 0.016667 0.035185
8 0.786198 0.171296 0.035937 0.059259
5 0.659896 0.301389 0.034375 0.030556
5 0.710938 0.326389 0.039583 0.030556
5 0.708073 0.300000 0.031771 0.025926
1 0.717969 0.254167 0.022396 0.045370
9 0.706771 0.266204 0.068750 0.091667
7 0.896354 0.357407 0.017708 0.035185
9 0.880729 0.348611 0.052083 0.080556
5 0.862240 0.381944 0.028646 0.036111
5 0.927344 0.678241 0.025521 0.047222
