6 0.122396 0.390741 0.029167 0.038889
1 0.121354 0.347685 0.019792 0.037963
9 0.133333 0.349537 0.059375 0.078704
6 0.238021 0.140741 0.027083 0.022222
1 0.239583 0.097222 0.013542 0.029630
8 0.242448 0.113426 0.045312 0.063889
6 0.389844 0.086574 0.028646 0.023148
5 0.428646 0.078704 0.021875 0.014815
3 0.402083 0.081019 0.010417 0.010185
1 0.385677 0.057870 0.015104 0.030556
9 0.389062 0.062963 0.047917 0.040741
9 0.537240 0.032407 0.015104 0.012963
4 0.567969 0.026389 0.011979 0.012037
5 0.577604 0.033333 0.025000 0.016667
4 0.710417 0.061111 0.014583 0.016667
4 0.726823 0.065741 0.026562 0.018519
1 0.716667 0.016204 0.012500 0.028704
8 0.716406 0.034722 0.040104 0.065741
5 0.800781 0.213889 0.021354 0.022222
1 0.800260 0.167593 0.016146 0.031481
8 0.794010 0.177778 0.034896 0.066667
5 0.659635 0.301389 0.033854 0.030556
5 0.716667 0.328241 0.038542 0.030556
5 0.701302 0.303704 0.028646 0.020370
1 0.701042 0.247222 0.021875 0.046296
8 0.703906 0.262037 0.074479 0.090741
4 0.900000 0.381944 0.018750 0.021296
1 0.896615 0.319907 0.017188 0.045370
8 0.883333 0.343056 0.050000 0.091667
5 0.861979 0.381944 0.028125 0.036111
5 0.927865 0.678241 0.025521 0.045370
3 0.979167 0.746296 0.011458 0.031481
