6 0.122917 0.391204 0.028125 0.037963
1 0.122917 0.344444 0.017708 0.040741
9 0.134375 0.350000 0.057292 0.079630
6 0.238021 0.139352 0.025000 0.023148
1 0.235937 0.104167 0.013542 0.030556
9 0.241146 0.114815 0.044792 0.053704
6 0.390365 0.083333 0.024479 0.024074
5 0.428125 0.079167 0.022917 0.013889
1 0.396615 0.047685 0.015104 0.028704
8 0.392969 0.058796 0.039062 0.052778
5 0.536979 0.032407 0.013542 0.012963
4 0.568229 0.026852 0.012500 0.012963
5 0.577083 0.032870 0.025000 0.013889
4 0.711198 0.057870 0.019271 0.013889
5 0.728125 0.068981 0.027083 0.015741
1 0.710417 0.019907 0.012500 0.026852
8 0.708333 0.035648 0.034375 0.060185
5 0.794531 0.211574 0.027604 0.023148
1 0.802604 0.162500 0.015625 0.036111
8 0.795052 0.173148 0.038021 0.062963
5 0.660156 0.301389 0.033854 0.030556
5 0.715885 0.328241 0.038021 0.032407
1 0.707031 0.254630 0.018229 0.044444
5 0.704688 0.303241 0.030208 0.019444
9 0.700000 0.257870 0.056250 0.082407
7 0.896094 0.355556 0.019271 0.037037
9 0.880469 0.349537 0.053646 0.080556
5 0.861198 0.381019 0.028646 0.036111
5 0.927865 0.679167 0.026562 0.045370
3 0.978385 0.744907 0.011979 0.028704
