5 0.927604 0.678704 0.026042 0.046296
3 0.978906 0.745833 0.010937 0.030556
1 0.884375 0.297685 0.016667 0.041667
5 0.896094 0.386111 0.026562 0.029630
5 0.861719 0.381481 0.028646 0.035185
8 0.873698 0.324074 0.047396 0.094444
1 0.691146 0.241667 0.021875 0.048148
5 0.660156 0.301389 0.033854 0.030556
6 0.716146 0.319907 0.036458 0.045370
8 0.697917 0.264815 0.065625 0.100000
6 0.801042 0.210648 0.021875 0.026852
1 0.800000 0.159259 0.016667 0.033333
8 0.793229 0.170833 0.044792 0.060185
4 0.721094 0.065741 0.017188 0.014815
1 0.715885 0.028704 0.013021 0.027778
8 0.715625 0.043056 0.036458 0.056481
5 0.536719 0.032870 0.014063 0.012037
4 0.567708 0.026852 0.010417 0.012963
5 0.577083 0.033796 0.025000 0.013889
6 0.387500 0.086111 0.029167 0.024074
1 0.389583 0.060185 0.015625 0.027778
9 0.380990 0.068056 0.050521 0.045370
3 0.398177 0.080556 0.013021 0.009259
5 0.428385 0.078704 0.023438 0.014815
5 0.239583 0.142593 0.023958 0.016667
1 0.241406 0.093981 0.014063 0.028704
1 0.245052 0.109722 0.039062 0.060185
6 0.122917 0.389815 0.028125 0.040741
1 0.123698 0.344444 0.017188 0.038889
9 0.135156 0.349074 0.054688 0.077778
