6 0.122917 0.390741 0.028125 0.040741
1 0.124219 0.346296 0.019271 0.042593
9 0.134896 0.348611 0.056250 0.076852
6 0.239323 0.138426 0.022396 0.025000
1 0.242188 0.095370 0.013542 0.027778
8 0.244792 0.109722 0.038542 0.056481
6 0.389323 0.086574 0.027604 0.025000
5 0.428125 0.078704 0.022917 0.014815
1 0.392188 0.059259 0.014583 0.029630
9 0.384115 0.066667 0.049479 0.044444
5 0.537240 0.032407 0.014063 0.012963
4 0.567708 0.026852 0.011458 0.012963
4 0.577344 0.033796 0.024479 0.013889
4 0.720052 0.065741 0.018229 0.014815
1 0.716927 0.028704 0.013021 0.025926
8 0.715625 0.043519 0.036458 0.057407
5 0.800781 0.212500 0.021354 0.021296
1 0.796615 0.160185 0.015104 0.035185
8 0.793229 0.176852 0.041667 0.066667
5 0.659635 0.300463 0.033854 0.030556
5 0.715885 0.328241 0.038021 0.028704
5 0.704948 0.304167 0.029687 0.019444
1 0.703646 0.252778 0.021875 0.044444
9 0.699219 0.259259 0.060937 0.079630
0 0.892708 0.292130 0.017708 0.043519
5 0.894271 0.386574 0.032292 0.028704
5 0.861458 0.381481 0.028125 0.037037
8 0.877344 0.320833 0.049479 0.102778
5 0.927865 0.678241 0.025521 0.045370
3 0.978646 0.745370 0.012500 0.029630
