6 0.122917 0.390741 0.029167 0.038889
1 0.122656 0.345370 0.018229 0.040741
9 0.135156 0.349074 0.054688 0.079630
1 0.237760 0.090741 0.013021 0.029630
6 0.238021 0.138426 0.025000 0.023148
8 0.242969 0.108333 0.042188 0.064815
6 0.388542 0.087037 0.028125 0.024074
1 0.389844 0.059722 0.015104 0.028704
9 0.383594 0.065741 0.047396 0.042593
3 0.397917 0.080556 0.012500 0.009259
3 0.428646 0.078704 0.022917 0.014815
5 0.537240 0.031481 0.014063 0.012963
4 0.567969 0.026852 0.013021 0.012963
5 0.577344 0.033333 0.024479 0.014815
4 0.720833 0.065741 0.017708 0.014815
1 0.716406 0.029167 0.011979 0.028704
8 0.715365 0.043519 0.036979 0.057407
5 0.801042 0.214352 0.021875 0.023148
1 0.803385 0.163889 0.016146 0.031481
8 0.795052 0.173611 0.042188 0.060185
5 0.659635 0.300000 0.033854 0.027778
6 0.716667 0.320370 0.038542 0.044444
5 0.701562 0.303241 0.028125 0.021296
1 0.689323 0.245833 0.022396 0.045370
8 0.697917 0.262963 0.064583 0.092593
5 0.896354 0.386574 0.028125 0.028704
5 0.861719 0.381944 0.028646 0.036111
1 0.894792 0.311574 0.017708 0.039815
8 0.877083 0.326852 0.053125 0.085185
5 0.927344 0.678704 0.025521 0.046296
3 0.978906 0.745370 0.010937 0.029630
