3 0.979167 0.743981 0.011458 0.030556
5 0.927865 0.676852 0.026562 0.050000
4 0.899740 0.382407 0.018229 0.022222
5 0.861458 0.381019 0.028125 0.036111
1 0.898698 0.329167 0.018229 0.043519
8 0.884375 0.345833 0.050000 0.091667
5 0.659896 0.300000 0.034375 0.031481
5 0.716667 0.328704 0.038542 0.031481
6 0.698438 0.299074 0.033333 0.029630
1 0.705990 0.246296 0.020313 0.042593
8 0.700260 0.259722 0.070312 0.086111
5 0.801042 0.213889 0.021875 0.022222
1 0.798177 0.167130 0.016146 0.030556
8 0.794010 0.179630 0.034896 0.070370
4 0.718490 0.061574 0.017188 0.013889
1 0.716406 0.020833 0.013021 0.028704
8 0.717448 0.037500 0.035937 0.062037
5 0.536719 0.032407 0.014063 0.012963
5 0.567969 0.026389 0.011979 0.013889
5 0.577604 0.032870 0.023958 0.015741
6 0.389323 0.086111 0.029687 0.024074
3 0.402083 0.081481 0.010417 0.009259
5 0.428646 0.078704 0.022917 0.012963
1 0.388802 0.058796 0.015104 0.028704
9 0.385937 0.066204 0.052083 0.045370
6 0.238281 0.137500 0.025521 0.023148
1 0.241667 0.096759 0.013542 0.030556
8 0.244792 0.110185 0.039583 0.057407
6 0.122135 0.390741 0.028646 0.037037
1 0.120052 0.348148 0.020313 0.040741
9 0.134115 0.350463 0.056771 0.076852
