5 0.927083 0.676852 0.026042 0.048148
7 0.895312 0.356019 0.017708 0.036111
9 0.882292 0.349074 0.048958 0.081481
5 0.861719 0.381019 0.029687 0.036111
5 0.659115 0.300463 0.033854 0.030556
5 0.715365 0.328241 0.039062 0.030556
6 0.702344 0.296296 0.035937 0.029630
1 0.705990 0.230093 0.020313 0.047222
8 0.701042 0.255556 0.063542 0.100000
6 0.799219 0.212037 0.019271 0.020370
1 0.802344 0.168519 0.015104 0.035185
8 0.792708 0.179167 0.044792 0.071296
4 0.711719 0.056944 0.018229 0.013889
5 0.727865 0.068519 0.026562 0.016667
1 0.712240 0.021759 0.013021 0.026852
8 0.709896 0.035648 0.033333 0.054630
5 0.536719 0.031481 0.014063 0.012963
4 0.567187 0.026389 0.011458 0.012037
5 0.576562 0.032870 0.025000 0.013889
4 0.398958 0.076852 0.015625 0.014815
6 0.387500 0.085185 0.028125 0.020370
5 0.427865 0.078704 0.023438 0.014815
1 0.390365 0.043519 0.014063 0.029630
8 0.389844 0.056019 0.039062 0.054630
6 0.238281 0.139352 0.025521 0.025000
1 0.240365 0.093519 0.014063 0.029630
8 0.243490 0.107870 0.040104 0.062037
6 0.122396 0.391204 0.028125 0.039815
1 0.122917 0.343981 0.017708 0.039815
9 0.132292 0.349074 0.060417 0.079630
3 0.978385 0.743981 0.015104 0.036111
