3 0.978646 0.745370 0.012500 0.029630
5 0.927344 0.677778 0.025521 0.046296
1 0.898698 0.316667 0.018229 0.044444
4 0.897917 0.386574 0.015625 0.021296
8 0.885677 0.344444 0.052604 0.101852
5 0.861719 0.381019 0.029687 0.036111
5 0.659635 0.300926 0.033854 0.029630
5 0.716667 0.328704 0.038542 0.031481
5 0.701042 0.302778 0.028125 0.020370
1 0.692708 0.242593 0.021875 0.048148
8 0.714323 0.262500 0.098437 0.097222
5 0.801042 0.214352 0.021875 0.023148
5 0.800000 0.167593 0.016667 0.035185
8 0.793750 0.177778 0.035417 0.066667
6 0.722917 0.061111 0.031250 0.024074
3 0.711458 0.066204 0.011458 0.008333
1 0.722917 0.021296 0.012500 0.025926
8 0.716667 0.037500 0.042708 0.058333
5 0.536979 0.033333 0.014583 0.012963
4 0.568229 0.026389 0.011458 0.013889
5 0.577083 0.032870 0.025000 0.013889
5 0.387240 0.084259 0.028646 0.027778
3 0.402344 0.081019 0.009896 0.010185
1 0.386719 0.023148 0.015104 0.031481
8 0.389323 0.046296 0.041146 0.077778
5 0.428646 0.078704 0.023958 0.014815
6 0.239063 0.138889 0.023958 0.024074
1 0.237760 0.102778 0.015104 0.027778
8 0.244010 0.114815 0.039062 0.051852
6 0.122396 0.389815 0.030208 0.038889
1 0.118229 0.344444 0.019792 0.037037
9 0.133854 0.349074 0.056250 0.079630
