3 0.977865 0.744444 0.011979 0.029630
5 0.927083 0.677778 0.026042 0.048148
7 0.895312 0.356019 0.019792 0.039815
9 0.881771 0.349537 0.052083 0.080556
5 0.861719 0.380556 0.029687 0.037037
5 0.659896 0.300463 0.033333 0.030556
5 0.715365 0.328241 0.039062 0.028704
5 0.704688 0.304167 0.029167 0.019444
1 0.703385 0.251852 0.021354 0.048148
9 0.699219 0.257870 0.057813 0.080556
6 0.799479 0.211574 0.019792 0.023148
1 0.801042 0.162500 0.015625 0.036111
8 0.792969 0.179167 0.041146 0.071296
5 0.727865 0.068981 0.027604 0.015741
4 0.712240 0.057870 0.019271 0.013889
1 0.711198 0.019907 0.013021 0.026852
8 0.708594 0.033796 0.033854 0.056481
5 0.536719 0.032870 0.014063 0.012037
4 0.568229 0.026852 0.011458 0.012963
5 0.577083 0.034259 0.025000 0.014815
6 0.390104 0.086111 0.022917 0.022222
5 0.428385 0.079167 0.022396 0.013889
1 0.398698 0.050000 0.015104 0.029630
8 0.393229 0.060185 0.039583 0.051852
6 0.238021 0.139815 0.025000 0.022222
1 0.238021 0.099074 0.014583 0.029630
8 0.242188 0.112500 0.043750 0.058333
6 0.122656 0.390278 0.028646 0.039815
1 0.122917 0.342593 0.018750 0.037037
9 0.134896 0.348611 0.056250 0.078704
