6 0.123438 0.389352 0.028125 0.039815
1 0.123438 0.343981 0.018750 0.037963
9 0.135417 0.348148 0.055208 0.079630
6 0.238802 0.139352 0.024479 0.023148
1 0.237240 0.094444 0.013021 0.031481
8 0.242969 0.110185 0.042188 0.062963
6 0.389583 0.087037 0.028125 0.024074
1 0.392969 0.059259 0.014063 0.029630
9 0.384896 0.066204 0.048958 0.045370
5 0.428646 0.078241 0.022917 0.013889
5 0.536719 0.032407 0.014063 0.012963
4 0.567969 0.026852 0.011979 0.012963
5 0.576823 0.032870 0.024479 0.015741
4 0.711979 0.057870 0.018750 0.013889
5 0.727344 0.068519 0.026562 0.014815
1 0.711458 0.020833 0.012500 0.026852
8 0.708333 0.036111 0.033333 0.057407
5 0.800781 0.212500 0.021354 0.023148
1 0.801562 0.164815 0.016667 0.031481
8 0.792708 0.175926 0.041667 0.064815
5 0.659635 0.300463 0.033854 0.030556
5 0.715885 0.328704 0.038021 0.029630
5 0.704948 0.304167 0.029687 0.019444
1 0.704427 0.254167 0.021354 0.045370
9 0.699479 0.259722 0.061458 0.080556
1 0.878125 0.312500 0.018750 0.045370
8 0.874479 0.331019 0.044792 0.082407
5 0.861979 0.381481 0.029167 0.035185
5 0.927865 0.677778 0.025521 0.046296
3 0.979167 0.745833 0.011458 0.030556
