6 0.122396 0.392130 0.029167 0.030556
1 0.120313 0.349074 0.017708 0.038889
9 0.132292 0.351852 0.059375 0.083333
6 0.235937 0.131944 0.025000 0.026852
1 0.238542 0.083796 0.012500 0.026852
8 0.244531 0.102778 0.036979 0.066667
6 0.387760 0.087037 0.029687 0.027778
5 0.429167 0.078704 0.021875 0.014815
1 0.399219 0.057407 0.016146 0.029630
9 0.393750 0.064352 0.046875 0.043519
5 0.536719 0.032407 0.014063 0.012963
5 0.573698 0.031019 0.010937 0.012037
9 0.573438 0.020370 0.043750 0.037037
5 0.726042 0.066667 0.027083 0.016667
1 0.720833 0.031481 0.013542 0.024074
8 0.714063 0.038426 0.038542 0.049074
2 0.792708 0.129630 0.015625 0.033333
8 0.785417 0.157407 0.033333 0.092593
5 0.796615 0.213426 0.027604 0.023148
4 0.902865 0.383333 0.017188 0.016667
1 0.902344 0.329630 0.019271 0.044444
8 0.884896 0.346296 0.052083 0.087037
5 0.861719 0.381019 0.029687 0.036111
5 0.927865 0.677778 0.025521 0.048148
3 0.975000 0.742130 0.012500 0.032407
5 0.659635 0.301389 0.033854 0.028704
5 0.716146 0.327778 0.038542 0.033333
6 0.703385 0.298611 0.026562 0.025000
1 0.712240 0.256481 0.020313 0.048148
9 0.703906 0.266204 0.074479 0.082407
