6 0.113021 0.387963 0.028125 0.037037
5 0.132552 0.389815 0.021354 0.029630
1 0.123177 0.341667 0.017188 0.038889
9 0.131771 0.349537 0.057292 0.082407
6 0.234896 0.136111 0.025000 0.020370
1 0.242969 0.082407 0.013021 0.029630
8 0.246354 0.101852 0.036458 0.068519
6 0.387500 0.085185 0.030208 0.022222
1 0.385937 0.040741 0.014583 0.031481
5 0.428385 0.079167 0.023438 0.013889
8 0.389583 0.055093 0.041667 0.060185
5 0.537240 0.032407 0.014063 0.012963
4 0.573958 0.029630 0.011458 0.012963
4 0.720052 0.060185 0.016146 0.012963
5 0.727083 0.069907 0.025000 0.012037
1 0.717448 0.016204 0.013021 0.028704
8 0.715104 0.033333 0.036458 0.064815
5 0.800260 0.210185 0.020313 0.022222
1 0.797396 0.173148 0.016667 0.035185
8 0.784635 0.172222 0.041146 0.061111
4 0.903385 0.384259 0.017188 0.018519
1 0.902344 0.330093 0.019271 0.041667
8 0.885156 0.346296 0.051562 0.087037
5 0.861198 0.381019 0.028646 0.036111
5 0.927344 0.677778 0.025521 0.048148
3 0.975260 0.743056 0.013021 0.032407
5 0.659896 0.300926 0.034375 0.031481
5 0.716927 0.329167 0.039062 0.034259
5 0.697917 0.300926 0.029167 0.022222
1 0.690104 0.202315 0.020833 0.049074
8 0.680208 0.236574 0.073958 0.115741
