6 0.113542 0.386574 0.029167 0.039815
5 0.131510 0.389815 0.021354 0.031481
1 0.124219 0.340741 0.019271 0.038889
9 0.131250 0.346759 0.058333 0.076852
6 0.234896 0.135185 0.025000 0.024074
1 0.245312 0.089815 0.013542 0.029630
8 0.248177 0.105093 0.033854 0.060185
6 0.388021 0.085185 0.031250 0.024074
1 0.383594 0.054167 0.015104 0.030556
9 0.388542 0.061574 0.042708 0.045370
5 0.428385 0.078704 0.022396 0.014815
5 0.536979 0.032407 0.014583 0.012963
4 0.573958 0.030093 0.011458 0.012037
4 0.722396 0.061574 0.012500 0.013889
1 0.717187 0.021296 0.012500 0.027778
8 0.714063 0.037500 0.039583 0.058333
5 0.799479 0.210648 0.020833 0.017593
1 0.792969 0.170370 0.016146 0.033333
8 0.782813 0.171759 0.037500 0.062037
4 0.902604 0.383333 0.017708 0.018519
1 0.902344 0.330093 0.019271 0.043519
8 0.885938 0.345833 0.051042 0.086111
5 0.861719 0.381019 0.029687 0.037963
5 0.927344 0.677778 0.024479 0.048148
3 0.974740 0.742130 0.013021 0.032407
6 0.700000 0.299074 0.027083 0.027778
5 0.659896 0.300926 0.033333 0.031481
5 0.716667 0.329167 0.038542 0.032407
1 0.704688 0.261111 0.020833 0.042593
9 0.699479 0.262963 0.071875 0.085185
