6 0.112760 0.386111 0.027604 0.040741
5 0.132031 0.390278 0.021354 0.032407
1 0.123698 0.340741 0.018229 0.037037
9 0.132031 0.345833 0.057813 0.075000
6 0.235937 0.137037 0.025000 0.022222
1 0.238021 0.093981 0.012500 0.028704
8 0.242448 0.108333 0.042188 0.059259
1 0.385937 0.052778 0.014583 0.029630
6 0.386458 0.085185 0.028125 0.024074
9 0.387240 0.061574 0.048438 0.045370
5 0.428385 0.079630 0.023438 0.014815
5 0.536979 0.032407 0.014583 0.012963
4 0.573958 0.029630 0.010417 0.012963
4 0.720052 0.059722 0.017188 0.012037
1 0.715365 0.021759 0.013021 0.026852
8 0.712500 0.036111 0.032292 0.057407
5 0.726823 0.069907 0.024479 0.013889
5 0.800260 0.218056 0.021354 0.019444
1 0.805729 0.189352 0.015625 0.034259
9 0.791406 0.186111 0.045312 0.048148
1 0.896875 0.327315 0.018750 0.041667
8 0.882812 0.349537 0.053125 0.091667
5 0.861458 0.380556 0.029167 0.037037
5 0.927865 0.677778 0.025521 0.044444
3 0.975000 0.742130 0.012500 0.032407
5 0.660677 0.303241 0.032813 0.025000
6 0.700260 0.303704 0.030729 0.024074
5 0.716667 0.329630 0.037500 0.033333
1 0.700260 0.237037 0.020313 0.046296
8 0.691146 0.262037 0.063542 0.101852
