6 0.114062 0.386574 0.029167 0.039815
5 0.133073 0.388426 0.022396 0.036111
1 0.126042 0.339352 0.019792 0.045370
1 0.131771 0.345833 0.058333 0.078704
6 0.236458 0.137037 0.023958 0.020370
1 0.236458 0.093981 0.012500 0.025000
8 0.243750 0.110185 0.041667 0.057407
6 0.386719 0.085185 0.027604 0.020370
3 0.402865 0.081944 0.009896 0.010185
5 0.428906 0.078241 0.022396 0.013889
1 0.386979 0.055556 0.014583 0.029630
9 0.385417 0.063889 0.050000 0.048148
5 0.536719 0.032407 0.014063 0.012963
4 0.573698 0.028704 0.010937 0.012963
5 0.725781 0.067593 0.026562 0.018519
1 0.711719 0.019444 0.013021 0.024074
8 0.706510 0.032407 0.033854 0.051852
5 0.800000 0.216204 0.021875 0.023148
1 0.803646 0.181944 0.017708 0.030556
9 0.792188 0.181481 0.039583 0.055556
5 0.661198 0.303704 0.031771 0.027778
5 0.712760 0.326389 0.039062 0.028704
2 0.712500 0.243056 0.022917 0.052778
8 0.701562 0.262037 0.066667 0.090741
6 0.895573 0.385648 0.027604 0.030556
1 0.900000 0.334722 0.020833 0.041667
8 0.882812 0.347685 0.056250 0.089815
5 0.861458 0.381481 0.029167 0.037037
5 0.927344 0.678704 0.025521 0.046296
3 0.975260 0.742593 0.013021 0.031481
