6 0.113802 0.384722 0.028646 0.041667
5 0.133073 0.388426 0.023438 0.036111
1 0.126042 0.334722 0.018750 0.045370
9 0.132552 0.344907 0.057813 0.078704
6 0.235677 0.136111 0.026562 0.022222
1 0.245052 0.088426 0.013021 0.028704
8 0.247917 0.105093 0.033333 0.062037
6 0.386198 0.085648 0.027604 0.023148
3 0.402865 0.081944 0.009896 0.012037
5 0.428385 0.078704 0.023438 0.014815
1 0.385417 0.055093 0.015625 0.030556
9 0.385417 0.064815 0.048958 0.050000
5 0.536979 0.032407 0.014583 0.012963
4 0.573698 0.028704 0.010937 0.012963
5 0.725781 0.067130 0.026562 0.017593
1 0.717708 0.021759 0.014583 0.026852
8 0.709635 0.034722 0.030729 0.054630
5 0.791927 0.207870 0.035937 0.026852
1 0.801823 0.142593 0.017188 0.035185
8 0.794271 0.163889 0.038542 0.075926
5 0.663021 0.299537 0.036458 0.032407
5 0.700781 0.302778 0.028646 0.024074
1 0.682031 0.218519 0.021354 0.044444
8 0.692969 0.245833 0.052604 0.100926
6 0.895833 0.382870 0.028125 0.028704
1 0.898958 0.332870 0.018750 0.041667
8 0.883594 0.350000 0.052604 0.096296
5 0.861198 0.381481 0.029687 0.037037
5 0.927604 0.677315 0.025000 0.049074
3 0.975260 0.743519 0.013021 0.033333
