6 0.113802 0.386574 0.028646 0.039815
5 0.132552 0.388889 0.021354 0.033333
1 0.124479 0.337963 0.020833 0.038889
9 0.132292 0.346759 0.057292 0.078704
6 0.235156 0.134722 0.024479 0.025000
1 0.242708 0.088889 0.012500 0.029630
8 0.246094 0.105093 0.034896 0.062037
6 0.386458 0.084722 0.027083 0.023148
1 0.384635 0.056481 0.015104 0.029630
3 0.402865 0.081944 0.008854 0.010185
5 0.428125 0.078704 0.022917 0.014815
9 0.386198 0.062037 0.048438 0.044444
5 0.536719 0.032870 0.014063 0.013889
4 0.573958 0.029167 0.010417 0.013889
5 0.726042 0.067593 0.026042 0.018519
1 0.711719 0.019907 0.013021 0.025000
8 0.706771 0.033333 0.035417 0.053704
6 0.794531 0.206481 0.027604 0.027778
1 0.790365 0.136574 0.015104 0.036111
8 0.784115 0.162037 0.038021 0.087037
6 0.895833 0.382870 0.029167 0.030556
1 0.900521 0.336111 0.019792 0.040741
8 0.885156 0.346759 0.053646 0.086111
5 0.861458 0.381019 0.029167 0.037963
5 0.927865 0.677315 0.025521 0.047222
3 0.975260 0.742593 0.014063 0.033333
5 0.661198 0.302315 0.032813 0.026852
5 0.701042 0.303241 0.030208 0.025000
1 0.696094 0.220833 0.019271 0.043519
8 0.696094 0.247222 0.061979 0.096296
