6 0.113281 0.386574 0.027604 0.041667
5 0.132292 0.390741 0.021875 0.029630
1 0.123177 0.340741 0.019271 0.038889
9 0.132031 0.346296 0.058854 0.075926
6 0.234375 0.136111 0.027083 0.022222
1 0.247135 0.089352 0.011979 0.028704
8 0.248177 0.103704 0.035937 0.059259
6 0.386458 0.084259 0.027083 0.024074
3 0.403125 0.081481 0.009375 0.009259
1 0.380208 0.037037 0.014583 0.033333
8 0.386458 0.053704 0.047917 0.064815
5 0.428646 0.078241 0.022917 0.013889
5 0.536979 0.032870 0.014583 0.013889
4 0.574219 0.029167 0.010937 0.013889
4 0.719010 0.058333 0.017188 0.014815
5 0.726302 0.068981 0.024479 0.013889
1 0.715104 0.023611 0.011458 0.026852
8 0.711979 0.037037 0.033333 0.053704
5 0.794271 0.211574 0.027083 0.017593
1 0.802604 0.174074 0.016667 0.033333
8 0.791406 0.175463 0.038021 0.062037
1 0.898698 0.325926 0.020313 0.044444
8 0.883333 0.346759 0.051042 0.087963
5 0.861458 0.381481 0.029167 0.037037
5 0.927865 0.678704 0.026562 0.044444
3 0.975521 0.743519 0.013542 0.031481
5 0.661198 0.302315 0.032813 0.025000
6 0.701562 0.300463 0.028125 0.026852
5 0.716667 0.329630 0.038542 0.033333
1 0.710417 0.250926 0.019792 0.042593
8 0.702604 0.262963 0.067708 0.088889
