6 0.113281 0.384259 0.026562 0.046296
5 0.132031 0.389352 0.022396 0.032407
1 0.123177 0.343056 0.019271 0.037963
9 0.134115 0.346296 0.054688 0.075926
6 0.234635 0.136111 0.025521 0.022222
1 0.244792 0.091204 0.013542 0.028704
8 0.247656 0.106481 0.033854 0.057407
6 0.386719 0.083333 0.026562 0.022222
1 0.385417 0.051389 0.014583 0.028704
9 0.389323 0.060648 0.042188 0.047222
5 0.428385 0.078704 0.023438 0.014815
5 0.536979 0.032407 0.014583 0.012963
4 0.574219 0.029630 0.010937 0.011111
4 0.722135 0.063889 0.018229 0.012963
1 0.716146 0.030093 0.012500 0.028704
8 0.715885 0.041667 0.036979 0.055556
5 0.800521 0.212037 0.021875 0.018519
1 0.795052 0.175463 0.017188 0.034259
8 0.783333 0.174537 0.039583 0.054630
6 0.700521 0.299537 0.027083 0.028704
5 0.661198 0.302778 0.032813 0.025926
5 0.716667 0.329167 0.037500 0.032407
1 0.705729 0.266667 0.021875 0.040741
9 0.698177 0.265741 0.073438 0.083333
4 0.902865 0.384259 0.018229 0.020370
1 0.901823 0.330093 0.019271 0.043519
8 0.886458 0.346759 0.048958 0.087963
5 0.861719 0.381019 0.028646 0.036111
5 0.927604 0.678704 0.026042 0.046296
5 0.975260 0.742130 0.013021 0.032407
