6 0.113281 0.386574 0.027604 0.039815
1 0.123958 0.341204 0.019792 0.036111
9 0.132812 0.346759 0.056250 0.075000
1 0.232292 0.105556 0.015625 0.027778
9 0.240104 0.115278 0.043750 0.047222
5 0.233854 0.140741 0.026042 0.012963
6 0.385937 0.084722 0.027083 0.021296
3 0.402865 0.082407 0.009896 0.011111
5 0.428125 0.078704 0.022917 0.016667
1 0.386458 0.054167 0.014583 0.028704
9 0.385937 0.065741 0.048958 0.051852
5 0.537240 0.032407 0.015104 0.012963
4 0.574219 0.029167 0.010937 0.013889
4 0.722135 0.064815 0.019271 0.012963
1 0.716667 0.030556 0.013542 0.027778
8 0.715885 0.042130 0.038021 0.056481
5 0.796875 0.210185 0.027083 0.020370
1 0.792708 0.172685 0.016667 0.032407
8 0.783594 0.175000 0.038021 0.062963
5 0.661458 0.303241 0.031250 0.026852
6 0.699740 0.299074 0.029687 0.027778
5 0.716667 0.329167 0.038542 0.032407
1 0.705990 0.232870 0.020313 0.045370
8 0.701823 0.261574 0.069271 0.102778
4 0.902865 0.383333 0.017188 0.018519
1 0.902344 0.330093 0.018229 0.043519
8 0.884115 0.345833 0.052604 0.087963
5 0.861979 0.381481 0.029167 0.037037
5 0.927865 0.678241 0.025521 0.045370
3 0.975260 0.742593 0.013021 0.031481
