9 0.136719 0.342130 0.051562 0.076852
6 0.115365 0.382870 0.031771 0.045370
5 0.132292 0.389352 0.022917 0.034259
6 0.238542 0.132870 0.029167 0.025000
1 0.235417 0.093519 0.014583 0.025926
8 0.242708 0.107870 0.046875 0.058333
6 0.383333 0.085648 0.025000 0.019444
3 0.401042 0.081019 0.011458 0.010185
5 0.427865 0.078704 0.023438 0.014815
1 0.401562 0.045370 0.014583 0.029630
8 0.393490 0.060185 0.045312 0.055556
5 0.536719 0.031481 0.014063 0.012963
4 0.569010 0.025000 0.011979 0.014815
5 0.576562 0.032407 0.025000 0.012963
4 0.730469 0.062963 0.014063 0.012963
1 0.722135 0.027315 0.011979 0.028704
8 0.718490 0.040741 0.039062 0.055556
6 0.799740 0.211574 0.021354 0.023148
1 0.802344 0.164815 0.017188 0.033333
8 0.794271 0.178241 0.044792 0.067593
5 0.660417 0.299074 0.033333 0.033333
6 0.702344 0.307407 0.039062 0.044444
5 0.728385 0.322222 0.024479 0.024074
1 0.708594 0.243056 0.021354 0.045370
8 0.699219 0.261574 0.070312 0.095370
1 0.893490 0.331019 0.018229 0.045370
9 0.884115 0.345370 0.056771 0.081481
5 0.860938 0.381019 0.029167 0.034259
5 0.927865 0.677778 0.026562 0.046296
3 0.975000 0.743519 0.013542 0.033333
