5 0.926562 0.677315 0.026042 0.049074
6 0.895573 0.382407 0.030729 0.033333
1 0.898438 0.323611 0.018750 0.043519
5 0.861719 0.380556 0.028646 0.037037
8 0.883594 0.343519 0.054688 0.090741
6 0.799740 0.211111 0.022396 0.022222
1 0.804167 0.165278 0.016667 0.034259
8 0.795573 0.177778 0.046354 0.070370
5 0.660417 0.299074 0.033333 0.031481
6 0.701823 0.312037 0.033854 0.031481
5 0.727865 0.320370 0.028646 0.025926
1 0.710417 0.255093 0.022917 0.041667
8 0.704167 0.266204 0.063542 0.100926
4 0.730990 0.061574 0.016146 0.015741
1 0.722396 0.028241 0.012500 0.028704
8 0.718490 0.041667 0.041146 0.055556
5 0.536719 0.031019 0.014063 0.013889
4 0.569792 0.026852 0.011458 0.012963
5 0.576042 0.031944 0.023958 0.013889
6 0.384375 0.084722 0.025000 0.019444
3 0.401042 0.081019 0.012500 0.010185
5 0.427865 0.079630 0.022396 0.014815
1 0.404167 0.052778 0.015625 0.029630
9 0.393490 0.061574 0.045312 0.052778
6 0.239063 0.131019 0.029167 0.025000
1 0.235417 0.093056 0.014583 0.025000
8 0.243490 0.107407 0.046354 0.057407
6 0.115365 0.382407 0.029687 0.046296
5 0.132292 0.389815 0.023958 0.035185
1 0.126042 0.343519 0.022917 0.042593
9 0.136719 0.341667 0.051562 0.075926
3 0.975000 0.743056 0.013542 0.034259
