5 0.927083 0.676852 0.026042 0.048148
6 0.896615 0.384259 0.026562 0.031481
1 0.902083 0.338889 0.018750 0.042593
9 0.884896 0.349074 0.055208 0.085185
5 0.861719 0.381019 0.028646 0.036111
5 0.660417 0.299537 0.033333 0.032407
6 0.700521 0.303241 0.044792 0.041667
6 0.737240 0.318056 0.026562 0.030556
1 0.709115 0.232407 0.020313 0.044444
8 0.696615 0.261574 0.077604 0.104630
4 0.730990 0.063426 0.015104 0.012037
1 0.721615 0.027778 0.010937 0.027778
8 0.717448 0.040741 0.041146 0.055556
5 0.536719 0.031481 0.014063 0.014815
4 0.569792 0.026852 0.011458 0.012963
5 0.577083 0.032870 0.023958 0.013889
5 0.383333 0.087037 0.025000 0.018519
1 0.391146 0.037037 0.014583 0.031481
8 0.395573 0.051852 0.038021 0.061111
5 0.427865 0.078704 0.023438 0.014815
6 0.238021 0.131019 0.027083 0.032407
1 0.240365 0.089352 0.014063 0.028704
8 0.248438 0.104167 0.038542 0.060185
6 0.115365 0.383333 0.029687 0.046296
5 0.132292 0.389815 0.022917 0.035185
1 0.128385 0.340741 0.021354 0.038889
9 0.135417 0.342130 0.053125 0.078704
3 0.975260 0.743056 0.013021 0.032407
