5 0.927865 0.678241 0.026562 0.045370
6 0.895573 0.385648 0.030729 0.030556
1 0.899219 0.331019 0.019271 0.041667
8 0.882812 0.344907 0.058333 0.087963
5 0.860938 0.381019 0.029167 0.036111
5 0.660417 0.298611 0.033333 0.030556
5 0.727344 0.319907 0.027604 0.023148
6 0.702344 0.304630 0.035937 0.035185
1 0.705990 0.256481 0.021354 0.044444
9 0.699740 0.262500 0.070312 0.089815
4 0.730469 0.063889 0.014063 0.012963
1 0.721094 0.027315 0.013021 0.028704
8 0.717969 0.041204 0.038021 0.056481
5 0.536719 0.031481 0.014063 0.012963
4 0.569792 0.026389 0.013542 0.012037
5 0.577344 0.032407 0.024479 0.012963
6 0.385417 0.086111 0.022917 0.018519
5 0.427865 0.078241 0.023438 0.015741
1 0.386458 0.031481 0.014583 0.031481
8 0.389062 0.055093 0.042708 0.076852
6 0.236719 0.133796 0.026562 0.023148
1 0.242448 0.083796 0.013021 0.028704
8 0.247396 0.103241 0.036458 0.063889
6 0.114844 0.382870 0.029687 0.043519
5 0.132292 0.389815 0.021875 0.033333
1 0.126042 0.343519 0.017708 0.038889
9 0.135417 0.343056 0.051042 0.071296
3 0.974740 0.743519 0.013021 0.033333
