3 0.135417 0.388426 0.012500 0.019444
6 0.126042 0.376852 0.023958 0.035185
8 0.130990 0.335648 0.054688 0.078704
3 0.155990 0.268056 0.007812 0.013889
1 0.147917 0.226852 0.018750 0.031481
8 0.154688 0.236574 0.042708 0.069444
5 0.180990 0.199537 0.015104 0.019444
5 0.217969 0.190741 0.017188 0.018519
1 0.188542 0.149537 0.013542 0.030556
1 0.216667 0.151389 0.016667 0.037963
8 0.192188 0.162037 0.032292 0.055556
8 0.226042 0.160648 0.039583 0.056481
1 0.240365 0.093056 0.013021 0.026852
4 0.239063 0.129630 0.015625 0.012963
8 0.246615 0.106019 0.030729 0.054630
0 0.212240 0.100463 0.009896 0.017593
8 0.213021 0.112963 0.033333 0.044444
5 0.266667 0.093056 0.016667 0.013889
1 0.927865 0.476852 0.023438 0.050000
8 0.909115 0.497685 0.066146 0.106481
5 0.861719 0.385648 0.024479 0.030556
4 0.901563 0.386574 0.017708 0.019444
1 0.901042 0.329630 0.018750 0.044444
8 0.890365 0.350000 0.042188 0.092593
1 0.828646 0.174074 0.016667 0.035185
8 0.821094 0.189815 0.032813 0.066667
1 0.805990 0.118519 0.013021 0.033333
8 0.796615 0.132870 0.042188 0.062037
4 0.755990 0.078241 0.011979 0.015741
1 0.765365 0.056481 0.015104 0.029630
8 0.765365 0.072685 0.032813 0.056481
0 0.747917 0.036574 0.010417 0.030556
9 0.745313 0.050463 0.029167 0.050926
1 0.717969 0.030556 0.014063 0.024074
8 0.714844 0.042593 0.032813 0.048148
5 0.982292 0.768981 0.021875 0.037963
4 0.979688 0.745833 0.015625 0.030556
8 0.963542 0.704167 0.072917 0.115741
1 0.991667 0.705556 0.016667 0.062963
4 0.830469 0.604167 0.023438 0.026852
5 0.830990 0.611111 0.027604 0.055556
4 0.759115 0.602315 0.028646 0.037963
5 0.764844 0.618519 0.029687 0.027778
1 0.772917 0.529630 0.031250 0.057407
9 0.749740 0.543056 0.081771 0.126852
1 0.829688 0.504630 0.031250 0.062963
9 0.816667 0.531019 0.059375 0.167593
4 0.784896 0.423611 0.026042 0.028704
1 0.788542 0.353704 0.022917 0.050000
8 0.779948 0.381019 0.065104 0.110185
5 0.722917 0.420833 0.028125 0.045370
1 0.722917 0.299074 0.025000 0.055556
8 0.713542 0.336111 0.062500 0.131481
4 0.657813 0.414352 0.019792 0.026852
1 0.657292 0.306019 0.027083 0.062037
8 0.653646 0.351389 0.059375 0.149074
4 0.591146 0.407407 0.026042 0.025926
1 0.594792 0.325000 0.026042 0.057407
9 0.588542 0.354630 0.071875 0.135185
5 0.532292 0.420370 0.027083 0.044444
5 0.460938 0.406944 0.035417 0.030556
5 0.369792 0.423611 0.035417 0.030556
4 0.309375 0.407870 0.034375 0.028704
2 0.304688 0.325926 0.029167 0.055556
8 0.322396 0.358796 0.079167 0.126852
4 0.248438 0.434259 0.030208 0.024074
1 0.249740 0.330093 0.023438 0.050926
8 0.255990 0.372685 0.053646 0.143519
4 0.191667 0.429630 0.015625 0.020370
1 0.191667 0.381019 0.022917 0.045370
9 0.199740 0.388889 0.057813 0.094444
5 0.288021 0.297685 0.022917 0.030556
5 0.395313 0.292593 0.032292 0.016667
4 0.396615 0.274074 0.026562 0.018519
1 0.393490 0.218056 0.024479 0.050926
8 0.397917 0.240278 0.069792 0.095370
1 0.464844 0.224537 0.023438 0.041667
8 0.466667 0.239815 0.053125 0.075926
3 0.470313 0.281481 0.009375 0.016667
4 0.523438 0.282407 0.018750 0.027778
5 0.528646 0.297222 0.029167 0.031481
1 0.532292 0.228241 0.022917 0.049074
9 0.527865 0.242593 0.074479 0.090741
1 0.702865 0.243056 0.023438 0.045370
8 0.696094 0.256944 0.052604 0.087963
4 0.760417 0.315741 0.023958 0.025926
1 0.761719 0.243519 0.022396 0.050000
8 0.753646 0.273148 0.051042 0.107407
5 0.713542 0.207407 0.023958 0.016667
5 0.666667 0.203241 0.026042 0.017593
5 0.627865 0.207870 0.021354 0.019444
5 0.509115 0.196759 0.020313 0.023148
5 0.452344 0.200000 0.023438 0.018519
5 0.416667 0.200000 0.027083 0.020370
5 0.351823 0.208333 0.022396 0.022222
1 0.352865 0.087037 0.016146 0.031481
8 0.354167 0.105093 0.044792 0.069444
4 0.359115 0.132870 0.019271 0.010185
5 0.391667 0.135648 0.019792 0.017593
4 0.396615 0.119444 0.021354 0.016667
1 0.396615 0.074537 0.019271 0.032407
8 0.399740 0.093056 0.043229 0.073148
5 0.491146 0.125000 0.017708 0.018519
5 0.530990 0.128241 0.016146 0.017593
5 0.573438 0.130093 0.018750 0.013889
4 0.574219 0.118056 0.016146 0.013889
1 0.572396 0.077315 0.020833 0.036111
8 0.566667 0.092130 0.045833 0.069444
2 0.624740 0.081019 0.016146 0.036111
4 0.652865 0.131019 0.015104 0.013889
1 0.654167 0.086111 0.018750 0.031481
8 0.612240 0.099537 0.040104 0.080556
8 0.652344 0.103704 0.039062 0.070370
2 0.630990 0.032870 0.016146 0.028704
8 0.637240 0.043519 0.038021 0.048148
0 0.581510 0.016204 0.013021 0.028704
8 0.582292 0.033333 0.041667 0.064815
5 0.539583 0.068056 0.023958 0.019444
1 0.541667 0.018519 0.014583 0.029630
4 0.540365 0.056019 0.010937 0.010185
8 0.540625 0.034259 0.040625 0.061111
4 0.465365 0.061111 0.018229 0.009259
5 0.464062 0.069907 0.014583 0.010185
1 0.463542 0.030556 0.010417 0.027778
8 0.468490 0.041204 0.036979 0.050926
5 0.434115 0.072222 0.025521 0.018519
1 0.423438 0.033796 0.012500 0.026852
8 0.428646 0.043519 0.044792 0.046296
5 0.364844 0.041204 0.011979 0.010185
5 0.398438 0.036111 0.015625 0.007407
