6 0.130469 0.368519 0.033854 0.053704
1 0.123438 0.319907 0.019792 0.039815
8 0.139323 0.341204 0.053646 0.099074
4 0.151042 0.268056 0.015625 0.015741
1 0.152865 0.225926 0.017188 0.037037
8 0.154688 0.243056 0.043750 0.078704
2 0.178646 0.142130 0.014583 0.030556
1 0.215365 0.154630 0.015104 0.037037
5 0.217188 0.188889 0.018750 0.018519
8 0.187240 0.162963 0.038021 0.074074
9 0.226042 0.168519 0.041667 0.064815
1 0.202865 0.114815 0.014063 0.025926
4 0.204687 0.139352 0.011458 0.010185
1 0.244792 0.096759 0.013542 0.026852
8 0.208594 0.119907 0.032813 0.043519
9 0.246615 0.107407 0.031771 0.051852
5 0.267448 0.093519 0.016146 0.012963
5 0.364063 0.040741 0.012500 0.009259
5 0.399219 0.035648 0.015104 0.006481
4 0.424740 0.069444 0.015104 0.011111
5 0.434115 0.071759 0.025521 0.013889
5 0.358594 0.131944 0.019271 0.015741
1 0.354948 0.099074 0.015104 0.031481
9 0.354167 0.110185 0.043750 0.057407
4 0.396094 0.119907 0.023438 0.015741
5 0.390365 0.136574 0.018229 0.019444
1 0.397396 0.075000 0.018750 0.033333
8 0.398438 0.093056 0.043750 0.073148
1 0.428646 0.041667 0.011458 0.027778
9 0.426563 0.051389 0.035417 0.047222
4 0.470313 0.064352 0.012500 0.010185
5 0.464844 0.068981 0.015104 0.013889
1 0.467187 0.031019 0.012500 0.026852
8 0.470313 0.042130 0.038542 0.049074
4 0.505990 0.024537 0.016146 0.015741
4 0.538542 0.068056 0.021875 0.017593
1 0.541667 0.021759 0.013542 0.026852
8 0.540365 0.037963 0.040104 0.055556
4 0.539062 0.056019 0.012500 0.010185
6 0.589323 0.068056 0.019271 0.021296
1 0.588021 0.031019 0.014583 0.032407
8 0.587240 0.043519 0.040104 0.059259
1 0.576042 0.006481 0.008333 0.011111
5 0.491146 0.125000 0.016667 0.018519
5 0.532292 0.128704 0.016667 0.018519
5 0.573438 0.130556 0.017708 0.012963
4 0.572917 0.118519 0.014583 0.014815
1 0.565365 0.081019 0.019271 0.032407
8 0.562240 0.093519 0.041146 0.062963
4 0.610417 0.119907 0.020833 0.019444
1 0.610938 0.080556 0.015625 0.037037
8 0.607812 0.093981 0.043750 0.071296
1 0.654167 0.081481 0.017708 0.035185
4 0.652865 0.130556 0.014063 0.014815
8 0.651563 0.102315 0.041667 0.076852
4 0.639844 0.068981 0.011979 0.012037
1 0.640365 0.039815 0.011979 0.029630
8 0.638542 0.049074 0.038542 0.053704
4 0.759375 0.318519 0.021875 0.025926
1 0.762240 0.244444 0.023438 0.051852
4 0.701042 0.297685 0.023958 0.025000
1 0.701042 0.243056 0.019792 0.041667
8 0.752865 0.274074 0.053646 0.114815
8 0.696615 0.262963 0.056771 0.094444
5 0.713542 0.208333 0.023958 0.014815
5 0.666667 0.203704 0.027083 0.016667
5 0.629167 0.209722 0.020833 0.019444
4 0.529167 0.278704 0.027083 0.020370
5 0.529167 0.299074 0.029167 0.029630
1 0.527344 0.218519 0.023438 0.050000
8 0.529948 0.239815 0.074479 0.096296
3 0.467187 0.281019 0.009375 0.015741
1 0.462240 0.222685 0.022396 0.043519
8 0.467969 0.240278 0.054688 0.078704
4 0.395313 0.273611 0.027083 0.019444
5 0.395313 0.292593 0.030208 0.016667
1 0.392188 0.218056 0.022917 0.052778
8 0.398438 0.240741 0.069792 0.094444
5 0.416667 0.201852 0.027083 0.022222
5 0.351042 0.208333 0.023958 0.024074
5 0.288021 0.298611 0.023958 0.030556
4 0.191667 0.430556 0.015625 0.020370
1 0.191146 0.385185 0.023958 0.044444
9 0.197917 0.389352 0.055208 0.100926
4 0.251563 0.420833 0.028125 0.028704
1 0.246615 0.369907 0.028646 0.047222
9 0.252344 0.371296 0.055729 0.112963
4 0.313021 0.405556 0.034375 0.029630
1 0.310417 0.353241 0.027083 0.056481
5 0.369792 0.424074 0.036458 0.031481
9 0.322396 0.370370 0.084375 0.096296
5 0.460938 0.408796 0.038542 0.034259
5 0.531771 0.419907 0.027083 0.045370
4 0.584115 0.428704 0.023438 0.042593
2 0.616667 0.310648 0.029167 0.056481
8 0.592187 0.350463 0.081250 0.156481
4 0.663542 0.408333 0.023958 0.024074
5 0.661719 0.431019 0.029687 0.028704
1 0.657292 0.308333 0.027083 0.061111
8 0.652865 0.346296 0.044271 0.144444
4 0.726042 0.415278 0.030208 0.032407
5 0.722917 0.431019 0.023958 0.025000
1 0.726042 0.331019 0.029167 0.045370
8 0.716667 0.368056 0.062500 0.121296
4 0.784115 0.418056 0.025521 0.026852
1 0.788542 0.355556 0.022917 0.050000
8 0.780469 0.380093 0.065104 0.102778
5 0.799740 0.424074 0.041146 0.035185
5 0.832292 0.613426 0.028125 0.050926
5 0.763542 0.606019 0.033333 0.056481
4 0.757292 0.594907 0.023958 0.034259
4 0.829688 0.602778 0.021875 0.025926
1 0.763542 0.490741 0.030208 0.062963
8 0.751042 0.543519 0.089583 0.168519
9 0.816667 0.535185 0.071875 0.155556
4 0.979688 0.746759 0.015625 0.030556
5 0.982292 0.770370 0.020833 0.035185
1 0.992188 0.704167 0.015625 0.060185
8 0.962240 0.701852 0.074479 0.111111
1 0.924740 0.477315 0.020313 0.050926
8 0.907813 0.502778 0.063542 0.112963
5 0.861719 0.385648 0.023438 0.030556
4 0.901563 0.386111 0.015625 0.018519
1 0.901042 0.330556 0.017708 0.044444
8 0.889844 0.349537 0.045312 0.091667
1 0.819792 0.168056 0.019792 0.036111
4 0.829688 0.216667 0.012500 0.012963
8 0.816146 0.186111 0.035417 0.070370
1 0.805469 0.112500 0.011979 0.030556
8 0.796615 0.126852 0.034896 0.061111
4 0.754687 0.076852 0.010417 0.012963
1 0.764844 0.057407 0.013021 0.027778
8 0.764062 0.072222 0.031250 0.055556
4 0.747917 0.065741 0.014583 0.012963
1 0.746615 0.032870 0.009896 0.026852
9 0.742969 0.043981 0.031771 0.050926
4 0.716667 0.058333 0.010417 0.012963
2 0.714063 0.018056 0.012500 0.026852
8 0.712240 0.033333 0.029687 0.062963
