6 0.114844 0.382870 0.029687 0.043519
5 0.132292 0.390278 0.023958 0.036111
1 0.126042 0.343056 0.017708 0.037963
9 0.135417 0.344444 0.048958 0.074074
9 0.239063 0.134259 0.028125 0.025926
1 0.236719 0.098611 0.015104 0.028704
8 0.247396 0.108796 0.041667 0.050926
6 0.385417 0.085648 0.022917 0.019444
5 0.427865 0.078241 0.021354 0.015741
1 0.396615 0.049074 0.014063 0.031481
9 0.394792 0.059259 0.048958 0.053704
5 0.536719 0.031944 0.014063 0.012037
4 0.569792 0.026389 0.013542 0.013889
5 0.576042 0.032870 0.023958 0.012037
4 0.730990 0.062963 0.015104 0.009259
1 0.721615 0.027315 0.014063 0.026852
8 0.717969 0.040741 0.040104 0.055556
5 0.796875 0.211111 0.031250 0.022222
1 0.799219 0.156019 0.016146 0.036111
8 0.792969 0.169444 0.034896 0.066667
5 0.660417 0.298148 0.032292 0.031481
6 0.701823 0.304167 0.034896 0.034259
5 0.727083 0.319907 0.028125 0.025000
1 0.705990 0.255556 0.021354 0.044444
9 0.699740 0.263426 0.070312 0.087963
6 0.894792 0.384722 0.032292 0.030556
1 0.899219 0.330556 0.019271 0.042593
8 0.882292 0.343056 0.058333 0.084259
5 0.861719 0.381019 0.028646 0.036111
5 0.927083 0.677778 0.025000 0.046296
3 0.974740 0.743519 0.014063 0.033333
