6 0.114844 0.383333 0.030729 0.042593
5 0.132812 0.388426 0.022917 0.032407
1 0.125260 0.341667 0.021354 0.042593
9 0.136719 0.343056 0.051562 0.080556
6 0.239063 0.134722 0.029167 0.026852
1 0.237240 0.093056 0.013021 0.030556
5 0.382292 0.086574 0.028125 0.019444
5 0.427865 0.079167 0.023438 0.013889
0 0.402083 0.028241 0.014583 0.030556
8 0.395313 0.044907 0.044792 0.065741
3 0.401042 0.081481 0.012500 0.009259
5 0.536719 0.031944 0.014063 0.012037
4 0.570573 0.026852 0.011979 0.012963
5 0.576562 0.032870 0.023958 0.013889
4 0.730990 0.063889 0.014063 0.012963
1 0.722396 0.028704 0.012500 0.027778
8 0.717969 0.041667 0.040104 0.055556
6 0.799740 0.212037 0.021354 0.025926
1 0.804688 0.167130 0.017708 0.034259
8 0.794792 0.181019 0.047917 0.075000
5 0.660937 0.299074 0.033333 0.031481
6 0.702865 0.304630 0.035937 0.035185
5 0.727083 0.319444 0.028125 0.025926
1 0.704688 0.261111 0.021875 0.042593
9 0.699740 0.263889 0.070312 0.092593
5 0.927083 0.678704 0.026042 0.044444
3 0.975000 0.743056 0.014583 0.034259
