8 0.130990 0.356019 0.061979 0.113889
9 0.154167 0.250463 0.046875 0.087963
8 0.211198 0.117593 0.027604 0.048148
8 0.239063 0.108333 0.020833 0.055556
5 0.365365 0.041204 0.014063 0.013889
5 0.399219 0.035185 0.018229 0.018519
8 0.349740 0.103704 0.050521 0.085185
8 0.399219 0.093056 0.051562 0.084259
9 0.441667 0.100463 0.041667 0.056481
5 0.351042 0.209722 0.026042 0.030556
5 0.416146 0.201389 0.030208 0.026852
8 0.426563 0.041667 0.045833 0.062963
5 0.434115 0.072685 0.028646 0.019444
8 0.468490 0.043056 0.040104 0.056481
8 0.512240 0.043056 0.039062 0.054630
8 0.548698 0.040278 0.044271 0.069444
8 0.589063 0.035185 0.051042 0.068519
5 0.491667 0.125926 0.020833 0.025926
5 0.531771 0.129630 0.020833 0.022222
8 0.562240 0.093519 0.044271 0.070370
8 0.607292 0.093056 0.048958 0.082407
8 0.648438 0.099537 0.045833 0.080556
8 0.640365 0.054630 0.048438 0.064815
5 0.713021 0.206019 0.026042 0.023148
5 0.667188 0.204167 0.029167 0.023148
5 0.628125 0.207870 0.025000 0.025000
5 0.510417 0.196759 0.025000 0.030556
5 0.447917 0.198611 0.020833 0.030556
5 0.288021 0.296759 0.026042 0.030556
8 0.397917 0.241667 0.075000 0.105556
8 0.469792 0.230556 0.062500 0.105556
8 0.532813 0.231019 0.071875 0.099074
8 0.694792 0.262037 0.065625 0.094444
8 0.751563 0.276852 0.059375 0.111111
8 0.777865 0.373611 0.071354 0.119444
8 0.716667 0.368519 0.064583 0.148148
8 0.663542 0.355556 0.072917 0.142593
8 0.588542 0.355556 0.080208 0.144444
5 0.395313 0.293056 0.031250 0.023148
5 0.528646 0.293519 0.030208 0.038889
5 0.530990 0.418981 0.030729 0.052778
5 0.460417 0.405556 0.041667 0.044444
5 0.370573 0.425926 0.040104 0.038889
9 0.321094 0.368056 0.090104 0.104630
9 0.251823 0.370833 0.058854 0.119444
9 0.196615 0.393056 0.061979 0.113889
8 0.749740 0.543056 0.094271 0.137963
8 0.821615 0.532870 0.074479 0.175000
5 0.764844 0.618056 0.030729 0.041667
8 0.960938 0.704630 0.077083 0.122222
8 0.907292 0.505556 0.066667 0.118519
9 0.851823 0.347222 0.059896 0.105556
8 0.894792 0.348148 0.039583 0.105556
9 0.824740 0.196759 0.045312 0.069444
8 0.793490 0.130556 0.042188 0.077778
8 0.765365 0.077315 0.034896 0.065741
8 0.744271 0.043519 0.033333 0.059259
8 0.710938 0.035185 0.033333 0.068519
4 0.982292 0.754167 0.021875 0.039815
5 0.986719 0.778704 0.022396 0.042593
1 0.122917 0.327315 0.026042 0.050926
5 0.120313 0.403241 0.025000 0.030556
6 0.127865 0.371759 0.026562 0.043519
3 0.135417 0.388426 0.014583 0.026852
1 0.152344 0.231019 0.022396 0.045370
1 0.184115 0.155093 0.018229 0.037963
1 0.207292 0.111111 0.014583 0.031481
1 0.239323 0.097685 0.016146 0.030556
8 0.263542 0.159722 0.044792 0.206481
1 0.255990 0.085648 0.023438 0.054630
8 0.221615 0.206481 0.041146 0.166667
0 0.211719 0.149537 0.019271 0.043519
8 0.197917 0.254167 0.051042 0.187963
1 0.192188 0.190278 0.026042 0.058333
2 0.337240 0.079167 0.023438 0.036111
4 0.358073 0.134259 0.018229 0.018519
1 0.392188 0.075463 0.021875 0.043519
1 0.440365 0.093519 0.021354 0.038889
4 0.390365 0.126852 0.022396 0.022222
4 0.440365 0.118056 0.026562 0.021296
0 0.427865 0.028241 0.016146 0.034259
5 0.392188 0.140741 0.020833 0.018519
1 0.470573 0.031019 0.016146 0.034259
4 0.468490 0.055556 0.018229 0.020370
5 0.465365 0.068981 0.017188 0.019444
1 0.516667 0.030556 0.016667 0.031481
6 0.513542 0.063426 0.023958 0.025000
2 0.542188 0.029167 0.018750 0.037963
6 0.549740 0.068056 0.017188 0.021296
2 0.586719 0.018519 0.020313 0.035185
5 0.589323 0.072685 0.018229 0.019444
1 0.642188 0.043519 0.017708 0.038889
1 0.644792 0.080556 0.020833 0.044444
4 0.656771 0.131019 0.014583 0.021296
1 0.612240 0.078704 0.020313 0.044444
4 0.612500 0.119907 0.021875 0.023148
1 0.567969 0.081019 0.021354 0.039815
4 0.573698 0.118056 0.018229 0.019444
1 0.392969 0.218056 0.028646 0.060185
2 0.466667 0.205556 0.028125 0.057407
4 0.394792 0.270370 0.027083 0.025926
3 0.467969 0.281019 0.014063 0.023148
3 0.522396 0.289815 0.013542 0.024074
1 0.534896 0.217593 0.027083 0.053704
1 0.702344 0.243056 0.025521 0.052778
4 0.702865 0.298148 0.026562 0.031481
4 0.762240 0.318056 0.018229 0.025000
1 0.763542 0.250000 0.029167 0.055556
1 0.788021 0.345370 0.028125 0.061111
4 0.784115 0.418519 0.026562 0.031481
1 0.716667 0.330556 0.030208 0.066667
6 0.727344 0.405556 0.042188 0.072222
3 0.657292 0.418519 0.020833 0.033333
1 0.662240 0.323148 0.030729 0.068519
5 0.659115 0.428241 0.035937 0.049074
1 0.594792 0.328704 0.030208 0.070370
4 0.593490 0.405556 0.026562 0.037037
1 0.771615 0.518981 0.035937 0.069444
4 0.765365 0.594444 0.027604 0.038889
2 0.837240 0.493519 0.039062 0.077778
4 0.832292 0.603241 0.029167 0.037963
1 0.926042 0.480556 0.025000 0.061111
4 0.930990 0.547222 0.017188 0.031481
1 0.869271 0.331019 0.023958 0.049074
6 0.865365 0.390741 0.021354 0.035185
1 0.901042 0.319907 0.021875 0.050926
4 0.901563 0.390741 0.018750 0.024074
1 0.837240 0.193056 0.019271 0.045370
1 0.804688 0.114352 0.017708 0.039815
1 0.765365 0.061111 0.016146 0.033333
4 0.756771 0.080093 0.013542 0.021296
1 0.746615 0.033333 0.014063 0.031481
4 0.746615 0.060185 0.016146 0.018519
0 0.715365 0.018519 0.017188 0.033333
5 0.834115 0.610648 0.032813 0.058333
