6 0.121615 0.377315 0.033854 0.034259
3 0.135417 0.387037 0.011458 0.018519
1 0.121094 0.329630 0.020313 0.040741
8 0.132292 0.343519 0.056250 0.074074
1 0.151042 0.237963 0.016667 0.037037
9 0.156771 0.249074 0.044792 0.081481
4 0.179688 0.189815 0.015625 0.014815
5 0.179688 0.200463 0.015625 0.017593
1 0.182292 0.156019 0.012500 0.030556
5 0.217969 0.190741 0.018229 0.018519
1 0.217188 0.152778 0.013542 0.037037
8 0.188542 0.168981 0.038542 0.060185
8 0.226042 0.161111 0.038542 0.055556
1 0.206771 0.112500 0.010417 0.025000
4 0.205990 0.137963 0.014063 0.007407
8 0.212240 0.118056 0.027604 0.043519
4 0.239323 0.128241 0.015104 0.012037
1 0.237240 0.098611 0.013021 0.028704
8 0.246094 0.107407 0.032813 0.050000
5 0.266667 0.093519 0.017708 0.012963
5 0.364063 0.040741 0.012500 0.009259
5 0.398438 0.035648 0.016667 0.008333
5 0.359115 0.139352 0.016146 0.015741
5 0.391667 0.139352 0.017708 0.013889
2 0.354167 0.088889 0.016667 0.031481
8 0.351042 0.104630 0.042708 0.062963
4 0.389844 0.124074 0.021354 0.016667
1 0.392188 0.080556 0.018750 0.033333
8 0.399740 0.093981 0.046354 0.069444
2 0.446615 0.072222 0.021354 0.031481
8 0.429167 0.091204 0.072917 0.065741
3 0.426042 0.124074 0.007292 0.007407
0 0.436719 0.026389 0.010937 0.026852
8 0.430990 0.037500 0.041146 0.054630
4 0.464583 0.064815 0.014583 0.011111
1 0.471615 0.029630 0.010937 0.027778
8 0.471094 0.041204 0.036979 0.050926
5 0.491667 0.124537 0.016667 0.019444
5 0.532292 0.128241 0.016667 0.017593
5 0.546615 0.068519 0.014063 0.014815
0 0.509115 0.018519 0.016146 0.029630
8 0.509896 0.034722 0.036458 0.063889
1 0.546615 0.025000 0.013021 0.031481
8 0.546094 0.038426 0.036979 0.056481
5 0.589063 0.072685 0.015625 0.019444
2 0.594271 0.017130 0.015625 0.030556
8 0.590365 0.035185 0.042188 0.068519
1 0.642188 0.043056 0.014583 0.030556
8 0.637240 0.053241 0.039062 0.049074
4 0.659115 0.131019 0.020313 0.015741
1 0.651563 0.080556 0.016667 0.035185
8 0.652865 0.101389 0.043229 0.075000
4 0.610938 0.123148 0.020833 0.018519
1 0.609115 0.079167 0.017188 0.036111
8 0.609115 0.095833 0.044271 0.073148
4 0.573438 0.118519 0.016667 0.012963
5 0.574740 0.131019 0.019271 0.013889
1 0.570573 0.080556 0.018229 0.033333
8 0.565365 0.093056 0.045312 0.065741
5 0.351042 0.208796 0.023958 0.023148
5 0.416667 0.201852 0.027083 0.022222
5 0.455469 0.202315 0.029687 0.021296
5 0.509115 0.199074 0.020313 0.022222
5 0.627865 0.208796 0.021354 0.019444
5 0.666667 0.203241 0.027083 0.017593
5 0.713542 0.207870 0.023958 0.017593
4 0.759115 0.318056 0.021354 0.025000
1 0.760938 0.245833 0.021875 0.049074
1 0.704688 0.242130 0.021875 0.045370
4 0.696094 0.297685 0.021354 0.030556
8 0.696615 0.257407 0.057813 0.088889
8 0.752865 0.274074 0.054688 0.107407
4 0.529167 0.276389 0.027083 0.023148
5 0.527865 0.297685 0.028646 0.030556
1 0.530469 0.218056 0.022396 0.049074
8 0.529948 0.240741 0.074479 0.096296
3 0.467187 0.281019 0.009375 0.017593
1 0.476042 0.229167 0.023958 0.043519
8 0.471094 0.240278 0.049479 0.075000
4 0.396615 0.275463 0.026562 0.019444
5 0.395573 0.292593 0.030729 0.016667
1 0.394792 0.218056 0.021875 0.052778
8 0.398438 0.240278 0.069792 0.097222
5 0.288021 0.298611 0.023958 0.030556
4 0.189844 0.431019 0.015104 0.019444
4 0.253646 0.423148 0.023958 0.031481
1 0.188542 0.381481 0.023958 0.048148
1 0.245573 0.375000 0.024479 0.044444
9 0.199219 0.386574 0.056771 0.097222
9 0.252344 0.373148 0.057813 0.103704
4 0.314063 0.403241 0.033333 0.030556
1 0.314063 0.350000 0.026042 0.055556
9 0.321615 0.368519 0.085938 0.094444
5 0.370573 0.423148 0.036979 0.031481
5 0.461719 0.407407 0.038021 0.037037
5 0.530990 0.418981 0.026562 0.043519
4 0.598698 0.409722 0.028646 0.030556
1 0.597396 0.327315 0.029167 0.063889
8 0.589063 0.355556 0.076042 0.138889
3 0.659375 0.426389 0.012500 0.026852
5 0.660417 0.423148 0.032292 0.046296
0 0.656771 0.305556 0.026042 0.064815
8 0.650521 0.343519 0.058333 0.138889
4 0.724219 0.418056 0.029687 0.032407
4 0.730990 0.331481 0.029687 0.059259
8 0.716667 0.368056 0.060417 0.132407
4 0.782813 0.417593 0.026042 0.022222
1 0.787240 0.352315 0.021354 0.052778
8 0.777865 0.375000 0.061979 0.103704
4 0.829688 0.604167 0.027083 0.037963
4 0.764844 0.593056 0.026562 0.023148
1 0.835417 0.510185 0.030208 0.062963
1 0.772396 0.525926 0.032292 0.055556
8 0.820573 0.538889 0.066146 0.164815
8 0.749740 0.542593 0.088021 0.122222
5 0.764844 0.617593 0.030729 0.035185
5 0.833594 0.612500 0.029687 0.054630
4 0.984115 0.755556 0.013021 0.037037
5 0.986719 0.778241 0.021354 0.036111
1 0.992188 0.703241 0.014583 0.052778
8 0.964063 0.709722 0.071875 0.119444
4 0.931771 0.555093 0.017708 0.028704
1 0.936458 0.498148 0.023958 0.053704
8 0.913542 0.514352 0.069792 0.112037
5 0.860938 0.385648 0.023958 0.030556
4 0.902344 0.387037 0.017188 0.018519
1 0.901563 0.327778 0.018750 0.044444
8 0.888542 0.350000 0.044792 0.094444
0 0.855990 0.267130 0.020313 0.043519
8 0.843490 0.313426 0.053646 0.137963
1 0.838021 0.193056 0.016667 0.039815
9 0.824740 0.198148 0.042188 0.055556
1 0.802865 0.110648 0.011979 0.032407
8 0.793490 0.130093 0.039062 0.069444
4 0.754687 0.075926 0.010417 0.018519
1 0.763542 0.059722 0.013542 0.030556
8 0.764844 0.074074 0.029687 0.055556
0 0.716667 0.019444 0.010417 0.027778
8 0.715365 0.037500 0.031771 0.058333
4 0.746615 0.059722 0.015104 0.012037
1 0.746615 0.033333 0.010937 0.025926
8 0.743490 0.045833 0.030729 0.050926
