6 0.126042 0.372685 0.026042 0.045370
3 0.136719 0.386574 0.010937 0.019444
1 0.122917 0.318519 0.019792 0.042593
8 0.137240 0.335648 0.048438 0.080556
1 0.151042 0.229630 0.016667 0.033333
1 0.154688 0.246296 0.046875 0.075926
4 0.180990 0.191204 0.016146 0.013889
5 0.180469 0.203704 0.015104 0.012963
1 0.184115 0.155556 0.013021 0.031481
8 0.188542 0.168981 0.038542 0.060185
5 0.217969 0.191204 0.019271 0.019444
1 0.217448 0.152778 0.015104 0.038889
8 0.226042 0.166667 0.036458 0.068519
1 0.207292 0.110185 0.011458 0.029630
4 0.205990 0.136111 0.014063 0.009259
8 0.213021 0.118056 0.028125 0.045370
4 0.239063 0.128704 0.015625 0.012963
1 0.238021 0.098148 0.014583 0.029630
8 0.246094 0.106019 0.030729 0.049074
5 0.266667 0.093519 0.016667 0.012963
4 0.189844 0.430556 0.014063 0.020370
1 0.188542 0.381944 0.023958 0.045370
9 0.199219 0.387500 0.057813 0.106481
4 0.253646 0.424074 0.023958 0.029630
1 0.246615 0.374537 0.023438 0.043519
9 0.252865 0.380556 0.056771 0.112963
4 0.313021 0.404167 0.034375 0.030556
1 0.311719 0.350926 0.026562 0.055556
9 0.321615 0.369444 0.084896 0.094444
5 0.369792 0.424074 0.035417 0.031481
5 0.460938 0.406944 0.037500 0.032407
5 0.531771 0.418519 0.027083 0.044444
3 0.584115 0.415741 0.011979 0.025926
3 0.659115 0.425926 0.011979 0.025926
5 0.660417 0.423148 0.033333 0.046296
1 0.585938 0.282870 0.026042 0.062037
8 0.582292 0.324074 0.071875 0.144444
1 0.651563 0.290741 0.027083 0.062963
8 0.647396 0.335185 0.062500 0.155556
4 0.726042 0.418056 0.029167 0.034259
5 0.722396 0.431019 0.023958 0.030556
1 0.731771 0.335185 0.029167 0.055556
8 0.716667 0.368519 0.063542 0.127778
4 0.784115 0.417593 0.028646 0.027778
1 0.788542 0.355556 0.022917 0.050000
8 0.780990 0.381019 0.064062 0.097222
4 0.759896 0.318056 0.020833 0.025000
1 0.762240 0.243056 0.023438 0.050926
8 0.753646 0.275926 0.053125 0.112963
8 0.694792 0.243519 0.064583 0.129630
3 0.701042 0.304630 0.010417 0.016667
5 0.699219 0.305556 0.023438 0.025926
2 0.701042 0.200000 0.023958 0.044444
4 0.529167 0.274537 0.027083 0.028704
1 0.530990 0.218519 0.024479 0.050000
8 0.529167 0.238426 0.075000 0.093519
5 0.529167 0.294907 0.028125 0.034259
3 0.467969 0.280556 0.007812 0.018519
1 0.469792 0.218056 0.020833 0.043519
8 0.467448 0.236574 0.059896 0.080556
5 0.509896 0.197685 0.020833 0.025000
5 0.628646 0.208796 0.021875 0.019444
5 0.664844 0.203241 0.023438 0.017593
1 0.652344 0.080556 0.017188 0.035185
4 0.659115 0.131019 0.020313 0.017593
8 0.651563 0.100926 0.043750 0.075926
4 0.611719 0.122222 0.020313 0.018519
1 0.609896 0.078704 0.016667 0.038889
8 0.609115 0.094444 0.044271 0.074074
1 0.569792 0.079630 0.017708 0.033333
4 0.573438 0.118056 0.015625 0.013889
5 0.574740 0.130556 0.020313 0.012963
8 0.565625 0.093056 0.043750 0.062037
5 0.491146 0.124537 0.017708 0.019444
1 0.444792 0.065278 0.017708 0.034259
3 0.425521 0.122685 0.007292 0.012037
8 0.444792 0.083796 0.039583 0.075000
3 0.393490 0.130556 0.014063 0.005556
5 0.391667 0.136574 0.018750 0.015741
0 0.400000 0.043519 0.018750 0.035185
8 0.401042 0.076852 0.042708 0.101852
5 0.359115 0.139815 0.016146 0.014815
2 0.355990 0.090278 0.018229 0.028704
9 0.351042 0.105556 0.042708 0.062963
2 0.432292 0.031019 0.012500 0.026852
8 0.429688 0.043056 0.029167 0.052778
9 0.468490 0.043519 0.036979 0.044444
2 0.463542 0.036574 0.011458 0.028704
5 0.466146 0.068981 0.013542 0.012037
2 0.512240 0.028241 0.014063 0.026852
8 0.509115 0.041204 0.039062 0.052778
4 0.542448 0.057870 0.011979 0.013889
1 0.546615 0.025926 0.013021 0.031481
8 0.546615 0.037963 0.039062 0.055556
5 0.546615 0.068981 0.015104 0.013889
2 0.588542 0.030556 0.016667 0.031481
8 0.590885 0.043519 0.042188 0.059259
1 0.642188 0.043056 0.014583 0.028704
8 0.635938 0.053241 0.038542 0.049074
4 0.609115 0.035185 0.016146 0.012963
1 0.613542 0.006019 0.011458 0.010185
1 0.576042 0.006944 0.010417 0.012037
1 0.718490 0.021296 0.011979 0.025926
8 0.712240 0.033333 0.026562 0.051852
1 0.746615 0.033333 0.010937 0.025926
4 0.747396 0.059722 0.015625 0.012037
8 0.742969 0.045370 0.031771 0.051852
4 0.754167 0.078241 0.011458 0.015741
1 0.765625 0.061574 0.012500 0.028704
8 0.764062 0.073611 0.031250 0.056481
1 0.804167 0.111574 0.011458 0.030556
8 0.794792 0.129167 0.039583 0.067593
1 0.838021 0.193519 0.017708 0.038889
9 0.824740 0.198148 0.042188 0.053704
5 0.860938 0.385185 0.023958 0.031481
4 0.902344 0.387037 0.017188 0.018519
1 0.902344 0.328241 0.017188 0.043519
8 0.888542 0.350463 0.044792 0.093519
4 0.931771 0.554630 0.016667 0.027778
1 0.935937 0.493519 0.021875 0.050000
8 0.913542 0.513426 0.069792 0.112037
4 0.982292 0.751852 0.017708 0.037037
1 0.993490 0.706481 0.013021 0.055556
9 0.963542 0.703704 0.072917 0.109259
4 0.829688 0.604167 0.026042 0.032407
4 0.765365 0.592130 0.026562 0.021296
1 0.772917 0.522685 0.030208 0.056481
1 0.834896 0.512500 0.029167 0.058333
8 0.819792 0.534722 0.066667 0.156481
8 0.749740 0.541667 0.085938 0.120370
5 0.763542 0.617130 0.030208 0.036111
5 0.834115 0.624074 0.028646 0.031481
