6 0.126042 0.373611 0.022917 0.045370
3 0.135937 0.387963 0.011458 0.018519
1 0.117188 0.318056 0.015625 0.036111
8 0.136198 0.341667 0.052604 0.090741
1 0.151042 0.230093 0.016667 0.039815
9 0.154688 0.246296 0.046875 0.077778
1 0.184375 0.156944 0.012500 0.030556
8 0.188021 0.169907 0.037500 0.056481
4 0.182292 0.192130 0.017708 0.015741
5 0.180469 0.203704 0.015104 0.012963
1 0.217188 0.153704 0.013542 0.037037
5 0.218490 0.191204 0.019271 0.019444
8 0.225521 0.166204 0.037500 0.063889
1 0.207813 0.112037 0.012500 0.031481
4 0.204167 0.137500 0.014583 0.008333
8 0.213021 0.118519 0.029167 0.044444
4 0.239063 0.129167 0.014583 0.012037
1 0.237240 0.100000 0.011979 0.031481
8 0.246094 0.108333 0.031771 0.051852
5 0.266667 0.093056 0.017708 0.013889
5 0.364844 0.041204 0.011979 0.012037
5 0.399219 0.036111 0.015104 0.009259
2 0.352865 0.090278 0.018229 0.028704
4 0.357292 0.132870 0.016667 0.012037
8 0.349740 0.105556 0.039062 0.064815
5 0.391667 0.136574 0.017708 0.019444
2 0.401042 0.065741 0.019792 0.035185
8 0.402865 0.086111 0.040104 0.081481
2 0.434115 0.068056 0.020313 0.032407
8 0.444271 0.085648 0.039583 0.069444
5 0.491667 0.125000 0.016667 0.018519
5 0.466146 0.068519 0.014583 0.012963
1 0.468490 0.030556 0.011979 0.025926
8 0.469792 0.040278 0.037500 0.052778
1 0.427865 0.041667 0.010937 0.025926
1 0.523438 0.019907 0.014583 0.026852
8 0.513542 0.036111 0.036458 0.055556
4 0.540365 0.056019 0.010937 0.013889
1 0.546615 0.026389 0.014063 0.030556
8 0.546615 0.037963 0.036979 0.055556
5 0.532292 0.129167 0.017708 0.017593
4 0.572917 0.118519 0.016667 0.012963
1 0.569792 0.081019 0.017708 0.030556
8 0.566146 0.093056 0.043750 0.063889
5 0.573438 0.131019 0.018750 0.013889
1 0.609896 0.078704 0.016667 0.035185
4 0.610938 0.122685 0.018750 0.019444
4 0.609115 0.094444 0.043229 0.072222
6 0.589323 0.070370 0.015104 0.022222
2 0.589063 0.043056 0.016667 0.026852
9 0.590365 0.048611 0.040104 0.045370
4 0.573438 0.030093 0.012500 0.012037
4 0.659115 0.131019 0.020313 0.015741
1 0.651563 0.080556 0.016667 0.035185
8 0.652865 0.101852 0.043229 0.075926
1 0.640365 0.043056 0.013021 0.028704
8 0.637240 0.054167 0.038021 0.049074
4 0.607812 0.034722 0.015625 0.013889
1 0.614583 0.006019 0.010417 0.010185
5 0.714063 0.207870 0.023958 0.017593
5 0.667188 0.204167 0.027083 0.017593
5 0.627865 0.207870 0.020313 0.019444
5 0.509115 0.199074 0.020313 0.022222
5 0.449740 0.200463 0.020313 0.019444
5 0.415365 0.201389 0.028646 0.023148
5 0.351042 0.208796 0.023958 0.023148
5 0.288021 0.297685 0.023958 0.030556
4 0.396615 0.276389 0.026562 0.019444
5 0.395313 0.292593 0.030208 0.014815
1 0.393490 0.218519 0.023438 0.053704
8 0.398698 0.239352 0.069271 0.097222
4 0.468490 0.275000 0.021354 0.029630
1 0.468490 0.216204 0.022396 0.041667
8 0.468490 0.235648 0.057813 0.082407
4 0.529167 0.279167 0.026042 0.019444
5 0.529167 0.299074 0.029167 0.029630
1 0.528385 0.220370 0.023438 0.048148
8 0.529948 0.241204 0.074479 0.089815
4 0.705990 0.301852 0.019271 0.024074
1 0.706250 0.237500 0.021875 0.041667
8 0.692187 0.257407 0.065625 0.096296
4 0.759115 0.318056 0.021354 0.026852
1 0.762240 0.243056 0.023438 0.050926
8 0.752865 0.274074 0.053646 0.114815
4 0.784896 0.418519 0.027083 0.024074
1 0.788542 0.354630 0.022917 0.051852
8 0.779167 0.380556 0.065625 0.103704
5 0.798438 0.422685 0.042708 0.037963
4 0.722917 0.412500 0.028125 0.030556
5 0.722396 0.430556 0.022917 0.031481
1 0.729688 0.343981 0.028125 0.056481
8 0.717969 0.370370 0.056771 0.112963
4 0.659896 0.417130 0.023958 0.030556
1 0.655469 0.318519 0.026562 0.064815
8 0.652865 0.357870 0.064062 0.139815
5 0.661719 0.433796 0.029687 0.025000
4 0.582292 0.394444 0.017708 0.022222
2 0.584896 0.298611 0.029167 0.056481
8 0.590365 0.336111 0.084896 0.144444
5 0.531771 0.419444 0.026042 0.044444
5 0.460938 0.406944 0.035417 0.032407
5 0.369792 0.423148 0.037500 0.031481
4 0.312240 0.401852 0.033854 0.031481
1 0.312240 0.351852 0.026562 0.055556
9 0.319792 0.369907 0.087500 0.093519
4 0.254688 0.423611 0.023958 0.028704
1 0.248438 0.372685 0.022917 0.043519
9 0.252865 0.379167 0.054688 0.115741
4 0.189844 0.431019 0.015104 0.019444
1 0.188542 0.380556 0.023958 0.044444
9 0.199219 0.387963 0.056771 0.100000
4 0.765625 0.594907 0.025000 0.025000
5 0.763542 0.616204 0.029167 0.036111
1 0.772396 0.523611 0.029167 0.056481
8 0.750000 0.543056 0.087500 0.126852
4 0.827865 0.603704 0.024479 0.031481
5 0.834115 0.622222 0.026562 0.031481
1 0.834896 0.513889 0.031250 0.055556
8 0.819271 0.535185 0.066667 0.162963
4 0.982292 0.747685 0.017708 0.037963
5 0.985938 0.770833 0.022917 0.047222
1 0.992448 0.706019 0.015104 0.054630
8 0.963542 0.702315 0.072917 0.104630
4 0.926042 0.543519 0.018750 0.025926
1 0.924740 0.480556 0.021354 0.048148
8 0.907292 0.503241 0.061458 0.104630
5 0.860938 0.385648 0.023958 0.030556
4 0.902344 0.386574 0.016146 0.019444
1 0.902344 0.328704 0.017188 0.042593
8 0.890365 0.349537 0.044271 0.093519
1 0.838542 0.194907 0.017708 0.041667
9 0.826042 0.198148 0.043750 0.055556
1 0.803385 0.114352 0.015104 0.036111
8 0.793490 0.131019 0.039062 0.073148
4 0.755208 0.077778 0.010417 0.014815
1 0.765365 0.060648 0.013021 0.028704
8 0.765365 0.073611 0.029687 0.056481
1 0.717448 0.030556 0.011979 0.025926
8 0.714063 0.042593 0.034375 0.051852
4 0.747396 0.060185 0.013542 0.012963
1 0.746615 0.033333 0.010937 0.025926
8 0.744271 0.045833 0.029167 0.049074
4 0.702344 0.027315 0.013021 0.010185
