9 0.138021 0.340741 0.066667 0.074074
8 0.150521 0.237037 0.047917 0.094444
8 0.194792 0.158333 0.035417 0.068519
8 0.226042 0.164352 0.042708 0.060185
5 0.179948 0.201852 0.016146 0.024074
5 0.217969 0.192593 0.021354 0.025926
8 0.212240 0.118056 0.029687 0.052778
8 0.244792 0.109259 0.032292 0.055556
5 0.364844 0.041204 0.015104 0.015741
5 0.398438 0.036111 0.017708 0.018519
8 0.352865 0.108333 0.042188 0.074074
8 0.399219 0.093981 0.050521 0.082407
9 0.442188 0.101389 0.042708 0.056481
8 0.426042 0.044907 0.042708 0.069444
8 0.468750 0.042130 0.040625 0.058333
8 0.512240 0.043056 0.034896 0.052778
8 0.544792 0.043056 0.041667 0.063889
8 0.590365 0.042593 0.043229 0.062963
8 0.637240 0.050463 0.042188 0.049074
8 0.649219 0.100926 0.046354 0.087037
8 0.610938 0.090741 0.043750 0.077778
5 0.611719 0.129630 0.024479 0.022222
5 0.574740 0.131019 0.020313 0.015741
8 0.564063 0.093056 0.046875 0.076852
5 0.532292 0.128704 0.019792 0.024074
5 0.492188 0.126852 0.020833 0.025926
5 0.351042 0.209722 0.026042 0.030556
5 0.416667 0.202315 0.029167 0.028704
5 0.455990 0.203241 0.033854 0.030556
5 0.510417 0.197685 0.023958 0.030556
5 0.287240 0.298148 0.026562 0.031481
8 0.397917 0.239815 0.073958 0.103704
8 0.468490 0.243056 0.057813 0.084259
8 0.527865 0.243519 0.079687 0.103704
5 0.628646 0.209259 0.022917 0.025926
8 0.696094 0.266667 0.069271 0.103704
8 0.752865 0.271759 0.058854 0.126852
8 0.779167 0.375000 0.069792 0.118519
8 0.716667 0.373148 0.063542 0.144444
8 0.651823 0.343981 0.061979 0.162037
8 0.587240 0.356019 0.080729 0.145370
5 0.532813 0.420833 0.031250 0.050926
5 0.460938 0.406481 0.041667 0.040741
5 0.370573 0.426389 0.041146 0.037963
9 0.319792 0.368519 0.090625 0.101852
8 0.260417 0.356944 0.053125 0.112037
9 0.205469 0.380556 0.066146 0.109259
3 0.256771 0.429630 0.020833 0.024074
8 0.742969 0.538426 0.089063 0.123148
8 0.816667 0.535648 0.075000 0.169444
8 0.962240 0.703704 0.074479 0.120370
4 0.982292 0.754630 0.020833 0.040741
5 0.985938 0.777778 0.023958 0.038889
8 0.907813 0.505556 0.067708 0.114815
9 0.855469 0.347222 0.051562 0.105556
8 0.893490 0.348148 0.039062 0.105556
9 0.825260 0.199537 0.044271 0.060185
8 0.794792 0.132870 0.042708 0.076852
8 0.766146 0.076389 0.033333 0.060185
8 0.743490 0.045833 0.032813 0.056481
8 0.712240 0.039815 0.033854 0.055556
8 0.084896 0.580556 0.076042 0.270370
2 0.060417 0.481944 0.029167 0.071296
8 0.121615 0.456019 0.068229 0.228704
0 0.102344 0.371296 0.025521 0.061111
0 0.075521 0.430556 0.025000 0.053704
1 0.121615 0.337037 0.026562 0.044444
1 0.145573 0.217593 0.021354 0.050000
1 0.188542 0.143981 0.015625 0.034259
1 0.218490 0.156481 0.017188 0.042593
4 0.188542 0.178704 0.017708 0.016667
1 0.206771 0.111111 0.014583 0.031481
1 0.239844 0.097222 0.017188 0.031481
4 0.239844 0.128704 0.017188 0.014815
5 0.266146 0.093056 0.018750 0.021296
1 0.353125 0.093056 0.018750 0.039815
4 0.357292 0.135185 0.018750 0.018519
1 0.394792 0.080093 0.021875 0.043519
4 0.390625 0.124537 0.021875 0.019444
5 0.392188 0.140278 0.019792 0.017593
1 0.424740 0.029630 0.016146 0.033333
4 0.424740 0.073148 0.015104 0.016667
5 0.435417 0.072685 0.026042 0.019444
1 0.441146 0.093056 0.020833 0.036111
4 0.440365 0.118519 0.024479 0.018519
1 0.467969 0.031019 0.016146 0.034259
5 0.466146 0.069444 0.016667 0.016667
1 0.512240 0.034722 0.017188 0.030556
5 0.516667 0.067130 0.025000 0.019444
2 0.533594 0.030556 0.020313 0.035185
1 0.592969 0.030093 0.019271 0.037963
1 0.569792 0.077778 0.020833 0.040741
4 0.571615 0.119907 0.018229 0.019444
2 0.622917 0.080556 0.020833 0.038889
3 0.611198 0.131019 0.015104 0.015741
4 0.593490 0.062037 0.014063 0.018519
1 0.640365 0.043056 0.017188 0.036111
1 0.648438 0.080093 0.019792 0.041667
4 0.655208 0.130556 0.023958 0.020370
1 0.766667 0.241204 0.027083 0.060185
1 0.699740 0.245833 0.024479 0.050926
4 0.702344 0.300000 0.028646 0.031481
4 0.760938 0.318056 0.025000 0.028704
1 0.534115 0.229167 0.026562 0.052778
4 0.526042 0.280556 0.018750 0.031481
5 0.528646 0.298148 0.028125 0.033333
1 0.468490 0.230093 0.024479 0.052778
4 0.470573 0.276389 0.021354 0.030556
1 0.392188 0.218056 0.028125 0.058333
5 0.395313 0.293519 0.031250 0.020370
4 0.395313 0.274074 0.028125 0.022222
1 0.197396 0.374074 0.028125 0.055556
4 0.197917 0.423148 0.018750 0.020370
1 0.248438 0.342130 0.026042 0.058333
1 0.312240 0.352315 0.030729 0.062037
4 0.312240 0.400000 0.033854 0.031481
1 0.595313 0.339352 0.033333 0.065741
1 0.647917 0.305556 0.033333 0.074074
4 0.596094 0.410648 0.027604 0.032407
4 0.657813 0.411111 0.020833 0.027778
5 0.662240 0.426389 0.029687 0.052778
1 0.716146 0.338426 0.030208 0.067593
6 0.729167 0.407870 0.041667 0.071296
1 0.789062 0.348148 0.026042 0.061111
4 0.785417 0.419907 0.027083 0.030556
1 0.834635 0.508333 0.034896 0.072222
1 0.767188 0.530093 0.033333 0.065741
4 0.754948 0.591204 0.031771 0.047222
4 0.837240 0.600463 0.034896 0.034259
5 0.764844 0.611111 0.033854 0.057407
5 0.834115 0.620833 0.030729 0.036111
1 0.926562 0.481019 0.023958 0.056481
4 0.930990 0.548148 0.017188 0.031481
1 0.868490 0.331019 0.023438 0.052778
1 0.901563 0.321759 0.019792 0.050926
6 0.865885 0.391667 0.021354 0.031481
4 0.902344 0.390741 0.018229 0.022222
1 0.837760 0.193519 0.019271 0.040741
1 0.804167 0.116667 0.016667 0.038889
1 0.764583 0.064815 0.015625 0.035185
4 0.756771 0.080556 0.010417 0.020370
1 0.746615 0.036111 0.013021 0.031481
4 0.746875 0.062500 0.015625 0.015741
0 0.720313 0.028241 0.014583 0.032407
