8 0.134115 0.341667 0.049479 0.124074
8 0.155469 0.238426 0.048438 0.086111
8 0.211198 0.118519 0.027604 0.048148
8 0.246094 0.106019 0.033854 0.058333
5 0.365365 0.041204 0.014063 0.013889
5 0.399219 0.031481 0.018229 0.014815
9 0.354167 0.105556 0.044792 0.066667
8 0.400521 0.093056 0.048958 0.080556
9 0.442188 0.099074 0.041667 0.055556
5 0.351042 0.207870 0.026042 0.030556
5 0.416146 0.201389 0.030208 0.026852
8 0.427344 0.040278 0.041146 0.063889
5 0.434115 0.069907 0.028646 0.019444
8 0.469792 0.039352 0.041667 0.062037
8 0.512240 0.041667 0.038021 0.055556
8 0.548438 0.040741 0.040625 0.072222
8 0.591667 0.041667 0.046875 0.061111
5 0.491667 0.125926 0.020833 0.025926
5 0.531771 0.129630 0.020833 0.022222
8 0.564844 0.088426 0.045312 0.087963
8 0.607292 0.096759 0.046875 0.080556
8 0.649740 0.094907 0.044271 0.080556
8 0.638542 0.052315 0.044792 0.058333
5 0.714063 0.206019 0.026042 0.023148
5 0.667188 0.204167 0.029167 0.023148
5 0.628646 0.206019 0.025000 0.025000
5 0.510417 0.194907 0.025000 0.030556
2 0.464844 0.205093 0.029687 0.050926
5 0.288021 0.294907 0.026042 0.030556
8 0.397396 0.237500 0.075000 0.106481
8 0.466667 0.230556 0.055208 0.105556
8 0.529167 0.240741 0.077083 0.098148
8 0.694792 0.262037 0.066667 0.105556
8 0.751563 0.268519 0.059375 0.122222
8 0.777865 0.372685 0.070312 0.119444
8 0.717969 0.366667 0.064062 0.151852
8 0.655469 0.355556 0.064062 0.148148
8 0.589323 0.355556 0.080729 0.144444
5 0.395313 0.293056 0.031250 0.023148
5 0.528646 0.293519 0.030208 0.038889
5 0.530990 0.418056 0.030729 0.052778
5 0.460417 0.405556 0.041667 0.044444
5 0.370573 0.425926 0.040104 0.038889
9 0.321094 0.368056 0.090104 0.104630
8 0.255990 0.374074 0.059896 0.118519
9 0.199740 0.385185 0.060937 0.105556
8 0.763542 0.517130 0.097917 0.137963
8 0.819792 0.530556 0.072917 0.166667
5 0.763542 0.605556 0.037500 0.061111
8 0.960938 0.704630 0.077083 0.122222
8 0.906771 0.505556 0.066667 0.118519
9 0.852344 0.343981 0.057813 0.099074
8 0.894792 0.347222 0.039583 0.105556
9 0.825521 0.194444 0.044792 0.062963
8 0.793490 0.131019 0.041146 0.076852
8 0.767188 0.072222 0.032292 0.055556
8 0.742188 0.043056 0.034375 0.052778
8 0.708594 0.030556 0.032813 0.059259
4 0.982292 0.754167 0.021875 0.039815
5 0.986719 0.778704 0.022396 0.042593
8 0.061719 0.622222 0.082812 0.268519
8 0.089063 0.505556 0.062500 0.205556
8 0.120313 0.455556 0.079167 0.231481
2 0.036719 0.527778 0.028646 0.064815
2 0.073438 0.435185 0.027083 0.055556
0 0.093490 0.372685 0.027604 0.069444
1 0.126042 0.306019 0.022917 0.050926
1 0.148438 0.218519 0.020833 0.044444
8 0.193490 0.158333 0.032813 0.068519
8 0.227344 0.159722 0.041146 0.056481
4 0.187240 0.180093 0.016146 0.019444
5 0.179688 0.201852 0.016667 0.024074
5 0.217188 0.192130 0.021875 0.026852
1 0.188021 0.143519 0.016667 0.035185
1 0.217969 0.153704 0.017188 0.040741
1 0.205990 0.109259 0.016146 0.031481
1 0.239063 0.095833 0.015625 0.030556
1 0.357292 0.097222 0.019792 0.044444
4 0.357292 0.131019 0.018750 0.017593
1 0.392188 0.080093 0.021875 0.039815
4 0.390365 0.122685 0.024479 0.019444
5 0.392448 0.140741 0.021354 0.016667
0 0.424740 0.021759 0.015104 0.030556
1 0.469271 0.028241 0.016667 0.034259
3 0.466667 0.067130 0.012500 0.010185
5 0.466667 0.068056 0.017708 0.019444
1 0.440365 0.093056 0.020313 0.036111
4 0.440365 0.118056 0.024479 0.019444
1 0.516667 0.030556 0.017708 0.033333
6 0.512240 0.064815 0.028646 0.020370
1 0.550000 0.018981 0.015625 0.036111
6 0.548438 0.068519 0.022917 0.022222
1 0.591667 0.030093 0.018750 0.037963
4 0.593490 0.061111 0.020313 0.018519
5 0.589844 0.070833 0.019271 0.019444
1 0.639844 0.043519 0.017188 0.037037
1 0.651563 0.080093 0.019792 0.041667
4 0.656771 0.130556 0.019792 0.022222
2 0.608073 0.081019 0.021354 0.039815
4 0.605990 0.129630 0.016146 0.016667
0 0.569792 0.066204 0.020833 0.039815
4 0.571615 0.119907 0.017188 0.019444
1 0.393490 0.218519 0.026562 0.062963
4 0.395313 0.273148 0.027083 0.031481
3 0.468490 0.280556 0.014063 0.024074
1 0.528646 0.221759 0.026042 0.056481
4 0.529167 0.268056 0.029167 0.030556
1 0.702865 0.243519 0.026562 0.053704
4 0.701042 0.296759 0.028125 0.030556
1 0.760938 0.243519 0.027083 0.057407
4 0.760417 0.315741 0.026042 0.027778
1 0.788542 0.347222 0.025000 0.055556
4 0.784896 0.416204 0.028125 0.032407
1 0.722917 0.330093 0.031250 0.067593
6 0.726042 0.406019 0.039583 0.071296
1 0.657813 0.318519 0.033333 0.072222
4 0.660417 0.412037 0.027083 0.031481
1 0.595313 0.325000 0.031250 0.068519
4 0.596615 0.406019 0.028646 0.034259
1 0.311719 0.353241 0.029687 0.060185
4 0.313542 0.399537 0.033333 0.030556
4 0.254688 0.422685 0.025000 0.030556
1 0.254948 0.359722 0.025521 0.056481
1 0.190365 0.378241 0.026562 0.052778
4 0.190365 0.429167 0.017188 0.028704
2 0.788542 0.481481 0.032292 0.072222
3 0.760417 0.593981 0.020833 0.039815
1 0.832292 0.516667 0.034375 0.070370
4 0.832292 0.598611 0.026042 0.030556
1 0.926042 0.480556 0.023958 0.057407
4 0.931771 0.547685 0.016667 0.030556
6 0.865365 0.390741 0.020313 0.033333
1 0.869271 0.330556 0.023958 0.050000
1 0.901042 0.319444 0.020833 0.051852
4 0.901563 0.391204 0.019792 0.023148
1 0.837240 0.193056 0.019271 0.041667
1 0.804688 0.115278 0.016667 0.037963
1 0.766667 0.061574 0.014583 0.030556
4 0.757292 0.080556 0.013542 0.018519
1 0.746615 0.034722 0.011979 0.030556
4 0.746615 0.066204 0.014063 0.017593
0 0.710938 0.015278 0.014583 0.028704
