8 0.131771 0.342130 0.058333 0.089815
8 0.153125 0.235648 0.050000 0.091667
8 0.212240 0.118056 0.028646 0.050926
8 0.244792 0.105556 0.034375 0.059259
5 0.365365 0.041204 0.014063 0.013889
5 0.399219 0.035185 0.018229 0.018519
9 0.354167 0.108333 0.044792 0.068519
8 0.400521 0.093519 0.048958 0.083333
9 0.441667 0.099537 0.041667 0.056481
5 0.351042 0.207870 0.026042 0.030556
5 0.416146 0.201389 0.030208 0.026852
8 0.427865 0.042130 0.041146 0.060185
5 0.434115 0.072685 0.028646 0.019444
8 0.470313 0.035648 0.042708 0.069444
8 0.511719 0.043519 0.038021 0.051852
8 0.548438 0.037037 0.042708 0.068519
8 0.591667 0.041204 0.047917 0.065741
5 0.491667 0.125926 0.020833 0.025926
5 0.531771 0.129630 0.020833 0.022222
8 0.564063 0.093519 0.044792 0.075926
8 0.617448 0.093056 0.063021 0.087963
8 0.649219 0.094907 0.043229 0.086111
8 0.640625 0.053704 0.040625 0.057407
5 0.714063 0.206019 0.026042 0.023148
5 0.667188 0.204167 0.029167 0.023148
5 0.628125 0.206944 0.025000 0.025000
5 0.509115 0.195833 0.023438 0.030556
5 0.455990 0.200463 0.032813 0.030556
5 0.288021 0.297685 0.026042 0.030556
8 0.397396 0.241667 0.075000 0.105556
9 0.469792 0.243056 0.059375 0.076852
8 0.529167 0.236574 0.079167 0.106481
8 0.696615 0.267130 0.069271 0.100926
8 0.754167 0.271759 0.060417 0.119444
8 0.779167 0.373148 0.068750 0.116667
8 0.719271 0.372685 0.065625 0.143519
8 0.654167 0.356019 0.065625 0.149074
8 0.587240 0.355556 0.080729 0.144444
5 0.395313 0.293056 0.031250 0.023148
5 0.529167 0.294444 0.030208 0.038889
5 0.532292 0.418981 0.030208 0.052778
5 0.460417 0.405556 0.041667 0.044444
5 0.370573 0.425926 0.040104 0.038889
9 0.321615 0.368056 0.090104 0.104630
8 0.254948 0.360648 0.059896 0.119444
9 0.197917 0.382407 0.059375 0.101852
8 0.747917 0.529630 0.082292 0.120370
8 0.818490 0.531944 0.073438 0.163889
5 0.762240 0.606019 0.035937 0.060185
8 0.960938 0.704630 0.077083 0.122222
8 0.906771 0.505556 0.066667 0.118519
9 0.854688 0.344907 0.051042 0.100926
8 0.893490 0.348611 0.039062 0.106481
9 0.825521 0.195833 0.045833 0.062037
8 0.793490 0.130556 0.040104 0.077778
8 0.744271 0.043981 0.029167 0.052778
8 0.712240 0.093519 0.049479 0.135185
4 0.982292 0.754167 0.021875 0.039815
5 0.986719 0.778704 0.022396 0.042593
8 0.087240 0.630093 0.096354 0.247222
2 0.055990 0.541204 0.034896 0.065741
8 0.081771 0.511574 0.072917 0.180556
2 0.060417 0.450926 0.026042 0.051852
8 0.110417 0.466204 0.073958 0.223148
2 0.089063 0.389352 0.031250 0.065741
1 0.121615 0.322222 0.024479 0.044444
5 0.129167 0.376389 0.026042 0.039815
3 0.135417 0.387963 0.014583 0.024074
1 0.145313 0.217593 0.020833 0.046296
8 0.194792 0.156481 0.035417 0.068519
8 0.226042 0.164815 0.042708 0.059259
5 0.179688 0.198611 0.017708 0.019444
5 0.217188 0.191667 0.020833 0.024074
1 0.190365 0.143056 0.017188 0.034259
1 0.219271 0.156019 0.017708 0.041667
4 0.189844 0.179167 0.017188 0.019444
1 0.206771 0.111111 0.015625 0.031481
1 0.239063 0.093981 0.015625 0.030556
4 0.239063 0.129630 0.016667 0.018519
5 0.265365 0.093519 0.019271 0.020370
1 0.358594 0.101852 0.019271 0.040741
4 0.357292 0.131481 0.017708 0.016667
1 0.393490 0.079167 0.022396 0.041667
4 0.390365 0.124074 0.022396 0.018519
1 0.426042 0.028241 0.014583 0.032407
4 0.441146 0.118519 0.023958 0.020370
1 0.440365 0.093519 0.020313 0.038889
0 0.468490 0.021759 0.016146 0.030556
3 0.466667 0.067130 0.012500 0.010185
5 0.466146 0.068056 0.017708 0.019444
1 0.513542 0.033333 0.015625 0.031481
6 0.513542 0.067593 0.027083 0.016667
2 0.551042 0.018519 0.017708 0.035185
1 0.569271 0.079630 0.020833 0.038889
1 0.592448 0.029167 0.018229 0.037963
4 0.594271 0.061111 0.019792 0.018519
1 0.640365 0.043056 0.017188 0.036111
0 0.621094 0.074074 0.022396 0.044444
4 0.604167 0.129167 0.014583 0.017593
5 0.613021 0.130093 0.019792 0.021296
4 0.571094 0.120833 0.015104 0.019444
0 0.717448 0.048148 0.018229 0.044444
1 0.649740 0.079167 0.019271 0.039815
4 0.654167 0.131019 0.021875 0.019444
8 0.746615 0.140741 0.057813 0.150000
0 0.755990 0.090278 0.023438 0.047222
1 0.760938 0.243519 0.028125 0.059259
4 0.759896 0.316667 0.026042 0.027778
1 0.702344 0.243519 0.026562 0.051852
4 0.702344 0.299074 0.029687 0.031481
4 0.529167 0.273148 0.028125 0.029630
1 0.526563 0.216204 0.028125 0.060185
1 0.466667 0.235185 0.028125 0.055556
4 0.471094 0.278241 0.020313 0.032407
1 0.392969 0.218519 0.028646 0.059259
4 0.394792 0.273148 0.027083 0.031481
1 0.190365 0.378241 0.029687 0.052778
4 0.191667 0.427315 0.017708 0.025000
1 0.243490 0.342130 0.029687 0.060185
3 0.256771 0.430093 0.020833 0.021296
1 0.312240 0.353241 0.031771 0.065741
4 0.313542 0.400000 0.035417 0.031481
1 0.596615 0.330556 0.031771 0.074074
1 0.655990 0.318519 0.031771 0.070370
4 0.596615 0.406481 0.026562 0.037037
4 0.661719 0.412500 0.027604 0.030556
1 0.717969 0.336574 0.029687 0.069444
6 0.729167 0.406019 0.042708 0.069444
1 0.788542 0.347222 0.027083 0.055556
4 0.784115 0.416667 0.027604 0.029630
1 0.834115 0.515278 0.034896 0.073148
4 0.832292 0.598611 0.026042 0.030556
3 0.760417 0.593981 0.019792 0.041667
2 0.772917 0.505556 0.035417 0.064815
1 0.924740 0.479167 0.025521 0.058333
4 0.930990 0.543056 0.017188 0.030556
1 0.867969 0.330556 0.023438 0.051852
1 0.901042 0.320833 0.020833 0.056481
4 0.902865 0.391667 0.019271 0.024074
6 0.865365 0.390741 0.021354 0.033333
1 0.837240 0.193056 0.019271 0.043519
1 0.804688 0.116667 0.016667 0.038889
1 0.766667 0.064815 0.014583 0.037037
8 0.769792 0.068981 0.023958 0.052778
1 0.746615 0.035185 0.015104 0.031481
