9 0.135417 0.343519 0.060417 0.074074
8 0.150260 0.238426 0.046354 0.087963
8 0.194792 0.161111 0.035417 0.068519
8 0.226042 0.164352 0.042708 0.060185
5 0.179948 0.201852 0.016146 0.024074
5 0.217969 0.192593 0.021354 0.025926
8 0.212240 0.118056 0.029687 0.052778
8 0.246094 0.107870 0.033854 0.058333
5 0.364844 0.041204 0.015104 0.015741
5 0.398698 0.035648 0.018229 0.017593
8 0.352865 0.109259 0.044271 0.068519
8 0.399740 0.094907 0.050521 0.082407
9 0.442188 0.100926 0.042708 0.055556
8 0.429167 0.049537 0.044792 0.065741
8 0.469792 0.043056 0.039583 0.054630
8 0.511198 0.043056 0.033854 0.052778
8 0.544792 0.042130 0.041667 0.069444
8 0.590365 0.038426 0.044271 0.069444
8 0.637240 0.050463 0.042188 0.049074
8 0.649219 0.097222 0.046354 0.087037
8 0.608594 0.093519 0.045312 0.081481
5 0.574740 0.131019 0.020313 0.015741
8 0.564063 0.093056 0.046875 0.076852
5 0.532292 0.128704 0.019792 0.024074
5 0.490365 0.124537 0.019271 0.021296
5 0.351042 0.209722 0.026042 0.030556
5 0.416667 0.202315 0.029167 0.028704
5 0.455990 0.203241 0.033854 0.030556
5 0.510417 0.198148 0.023958 0.031481
5 0.288021 0.294907 0.027083 0.037963
8 0.396094 0.246296 0.067187 0.098148
8 0.468490 0.239352 0.058854 0.086111
8 0.529167 0.243056 0.079167 0.100926
5 0.627865 0.209259 0.023438 0.025926
8 0.694792 0.264815 0.067708 0.100000
8 0.752865 0.268056 0.058854 0.126852
8 0.780990 0.371759 0.068229 0.136111
8 0.716667 0.366667 0.063542 0.150000
8 0.652344 0.349537 0.064062 0.156481
8 0.587240 0.356019 0.080729 0.145370
5 0.532292 0.420833 0.031250 0.050926
5 0.460938 0.405556 0.041667 0.040741
5 0.370573 0.426389 0.041146 0.037963
9 0.319792 0.368519 0.090625 0.101852
8 0.259896 0.356019 0.053125 0.112037
9 0.205469 0.380556 0.066146 0.109259
3 0.256771 0.429630 0.020833 0.024074
8 0.744792 0.536111 0.085417 0.118519
8 0.816667 0.536111 0.075000 0.168519
8 0.962240 0.703704 0.074479 0.120370
4 0.982292 0.754630 0.020833 0.040741
5 0.985938 0.777778 0.023958 0.038889
8 0.907813 0.505556 0.067708 0.114815
9 0.855469 0.347685 0.051562 0.104630
8 0.894010 0.338426 0.041146 0.095370
9 0.826042 0.199537 0.044792 0.060185
8 0.793490 0.132870 0.042188 0.076852
8 0.766146 0.076389 0.033333 0.060185
8 0.743490 0.048148 0.032813 0.053704
8 0.712240 0.038426 0.032813 0.056481
8 0.067187 0.611574 0.090625 0.241667
1 0.035417 0.529630 0.023958 0.061111
8 0.126042 0.456944 0.076042 0.230556
0 0.101042 0.370833 0.023958 0.054630
1 0.121094 0.343519 0.027604 0.050000
1 0.144792 0.218056 0.020833 0.045370
1 0.188542 0.143981 0.016667 0.034259
1 0.218490 0.155556 0.018229 0.042593
4 0.188542 0.179167 0.017708 0.015741
1 0.205990 0.112500 0.015104 0.030556
1 0.239323 0.097685 0.015104 0.030556
5 0.265365 0.093519 0.019271 0.018519
1 0.354167 0.093519 0.019792 0.040741
4 0.358073 0.132870 0.018229 0.017593
1 0.392188 0.081019 0.021875 0.041667
4 0.390365 0.125463 0.025521 0.019444
5 0.392448 0.140741 0.019271 0.016667
1 0.441146 0.093519 0.020833 0.037037
4 0.440365 0.118519 0.025521 0.018519
2 0.432292 0.035648 0.017708 0.030556
4 0.426563 0.074074 0.016667 0.009259
1 0.469271 0.031019 0.015625 0.032407
4 0.467969 0.061111 0.017188 0.016667
5 0.465365 0.069907 0.016146 0.017593
1 0.510417 0.031481 0.016667 0.031481
6 0.516667 0.067130 0.023958 0.017593
2 0.534115 0.025000 0.017188 0.033333
1 0.569792 0.077778 0.021875 0.042593
1 0.613542 0.076389 0.019792 0.043519
2 0.590365 0.021759 0.020313 0.036111
4 0.592969 0.062963 0.019271 0.018519
1 0.638542 0.043056 0.016667 0.034259
1 0.650521 0.078704 0.019792 0.040741
4 0.654687 0.131019 0.021875 0.021296
4 0.612240 0.118981 0.019271 0.023148
4 0.573438 0.119444 0.016667 0.018519
1 0.395313 0.230556 0.029167 0.057407
4 0.388542 0.281944 0.019792 0.025000
5 0.396615 0.289815 0.032813 0.025926
1 0.468490 0.223148 0.026562 0.053704
3 0.465885 0.280556 0.013021 0.024074
1 0.535417 0.222685 0.027083 0.056481
4 0.532292 0.281944 0.031250 0.032407
5 0.528646 0.300926 0.028125 0.031481
1 0.699740 0.243519 0.025521 0.051852
1 0.763542 0.243519 0.026042 0.059259
4 0.699219 0.299074 0.021354 0.029630
4 0.760938 0.318519 0.023958 0.025926
1 0.787500 0.338426 0.028125 0.062037
4 0.784115 0.419444 0.023438 0.035185
1 0.716667 0.329167 0.028125 0.063889
6 0.724219 0.418056 0.032813 0.047222
1 0.654687 0.306019 0.028125 0.069444
4 0.656250 0.415278 0.018750 0.026852
5 0.662240 0.426389 0.029687 0.050926
5 0.793490 0.423148 0.026562 0.044444
1 0.595313 0.339815 0.032292 0.062963
4 0.595313 0.410648 0.027083 0.032407
1 0.767188 0.535185 0.033333 0.068519
4 0.757292 0.587500 0.037500 0.045370
5 0.763542 0.614352 0.034375 0.049074
1 0.834896 0.517593 0.034375 0.070370
4 0.833333 0.603241 0.026042 0.034259
1 0.926562 0.488889 0.026042 0.055556
4 0.933594 0.547685 0.014063 0.026852
1 0.868490 0.331944 0.023438 0.050926
6 0.866667 0.391667 0.022917 0.033333
1 0.898958 0.338426 0.025000 0.050926
1 0.838021 0.193519 0.019792 0.042593
1 0.803646 0.116667 0.015625 0.038889
1 0.766146 0.063889 0.014583 0.031481
4 0.756510 0.080556 0.013021 0.020370
1 0.746615 0.036111 0.014063 0.029630
0 0.719792 0.027315 0.013542 0.030556
8 0.664844 0.052778 0.045312 0.103704
2 0.650260 0.011574 0.019271 0.021296
