9 0.137240 0.348148 0.056771 0.081481
8 0.157292 0.222222 0.041667 0.094444
5 0.217188 0.191204 0.020833 0.023148
8 0.211719 0.118981 0.029687 0.052778
5 0.364844 0.040741 0.014063 0.014815
8 0.353646 0.105556 0.042708 0.074074
8 0.399740 0.094907 0.048438 0.078704
9 0.442188 0.102778 0.042708 0.055556
8 0.429948 0.047685 0.043229 0.067593
8 0.468750 0.042130 0.040625 0.058333
8 0.510938 0.043056 0.037500 0.052778
8 0.552083 0.040741 0.048958 0.079630
8 0.591667 0.036574 0.045833 0.071296
8 0.637240 0.049537 0.035937 0.056481
8 0.649740 0.098611 0.042188 0.084259
8 0.609375 0.092593 0.043750 0.077778
5 0.574740 0.131019 0.020313 0.015741
8 0.564063 0.093056 0.046875 0.076852
5 0.532292 0.128704 0.019792 0.024074
5 0.490365 0.124537 0.019271 0.021296
5 0.351042 0.206944 0.025000 0.030556
5 0.416667 0.202315 0.029167 0.028704
5 0.455990 0.203241 0.033854 0.030556
5 0.510417 0.198148 0.023958 0.031481
5 0.288021 0.294907 0.027083 0.037963
8 0.396615 0.237037 0.075521 0.105556
8 0.467969 0.243519 0.057813 0.074074
8 0.529167 0.243519 0.077083 0.100000
5 0.628646 0.209259 0.022917 0.025926
8 0.700521 0.243519 0.059375 0.127778
8 0.753385 0.270370 0.056771 0.120370
9 0.776563 0.387037 0.061458 0.096296
8 0.716667 0.368519 0.063542 0.148148
8 0.655469 0.358796 0.060937 0.147222
8 0.587240 0.356019 0.080729 0.145370
5 0.530990 0.418519 0.030729 0.048148
5 0.460938 0.405556 0.041667 0.040741
5 0.370573 0.426389 0.041146 0.037963
9 0.319792 0.368519 0.090625 0.101852
8 0.259896 0.356019 0.053125 0.112037
9 0.205469 0.380556 0.066146 0.109259
3 0.256771 0.429630 0.020833 0.024074
8 0.744792 0.536574 0.085417 0.119444
8 0.817969 0.537963 0.074479 0.162963
8 0.962240 0.703704 0.074479 0.120370
4 0.982292 0.754630 0.020833 0.040741
5 0.985938 0.777778 0.023958 0.038889
8 0.907813 0.505556 0.067708 0.114815
9 0.855990 0.346759 0.050521 0.100926
8 0.894271 0.338426 0.040625 0.093519
9 0.825521 0.196759 0.045833 0.062037
8 0.794792 0.129630 0.035417 0.064815
8 0.765885 0.075926 0.031771 0.057407
8 0.743490 0.045833 0.030729 0.052778
8 0.714063 0.037963 0.029167 0.055556
5 0.119271 0.403704 0.025000 0.029630
6 0.129167 0.372685 0.025000 0.030556
3 0.136198 0.387963 0.011979 0.024074
1 0.123438 0.343056 0.022917 0.047222
1 0.157292 0.197685 0.017708 0.043519
4 0.161719 0.229167 0.017188 0.023148
1 0.187240 0.143981 0.018229 0.032407
8 0.196875 0.243056 0.046875 0.173148
2 0.188542 0.176389 0.026042 0.043519
1 0.219792 0.155556 0.016667 0.042593
1 0.206771 0.111111 0.015625 0.031481
8 0.246094 0.182870 0.043229 0.171296
2 0.241146 0.121759 0.023958 0.043519
5 0.265365 0.093519 0.019271 0.018519
8 0.392188 0.046759 0.036458 0.060185
2 0.393490 0.035185 0.018229 0.031481
1 0.351042 0.089352 0.017708 0.039815
4 0.357292 0.132407 0.017708 0.016667
1 0.394271 0.080556 0.022917 0.042593
4 0.390365 0.125000 0.023438 0.020370
5 0.392188 0.140741 0.019792 0.016667
0 0.429167 0.030556 0.014583 0.033333
1 0.441667 0.093056 0.019792 0.039815
4 0.440365 0.119444 0.026562 0.018519
1 0.469271 0.030556 0.016667 0.035185
5 0.465365 0.069907 0.016146 0.017593
4 0.427865 0.071296 0.020313 0.014815
1 0.512240 0.033333 0.016146 0.033333
5 0.516667 0.067130 0.023958 0.017593
2 0.555469 0.017593 0.017188 0.033333
2 0.593490 0.018519 0.020313 0.035185
4 0.593490 0.063426 0.018229 0.019444
1 0.640365 0.043519 0.017188 0.035185
1 0.650521 0.078241 0.019792 0.039815
4 0.655990 0.130556 0.019271 0.018519
1 0.613542 0.078241 0.020833 0.045370
4 0.612240 0.118056 0.019271 0.021296
1 0.569271 0.077778 0.020833 0.040741
4 0.571615 0.120833 0.017188 0.019444
1 0.393490 0.215741 0.027604 0.061111
4 0.392188 0.276852 0.028125 0.025926
5 0.395573 0.293519 0.031771 0.018519
1 0.466667 0.234259 0.028125 0.051852
4 0.470573 0.275926 0.019271 0.031481
4 0.531771 0.281019 0.031250 0.026852
1 0.534115 0.225000 0.027604 0.055556
5 0.527865 0.300000 0.028646 0.031481
1 0.593490 0.331481 0.032813 0.068519
4 0.593490 0.411111 0.026562 0.031481
4 0.660417 0.418056 0.026042 0.030556
1 0.657813 0.323148 0.032292 0.068519
1 0.717969 0.330093 0.028646 0.067593
6 0.724740 0.418519 0.030729 0.048148
2 0.705990 0.206019 0.028646 0.050926
3 0.702344 0.302315 0.014063 0.023148
1 0.762240 0.243056 0.027604 0.060185
4 0.760417 0.318519 0.023958 0.025926
4 0.784896 0.421296 0.021875 0.027778
1 0.793490 0.380093 0.024479 0.050926
1 0.768490 0.531019 0.034896 0.065741
4 0.755469 0.590278 0.028646 0.049074
5 0.763542 0.606019 0.033333 0.060185
1 0.833594 0.517130 0.032813 0.069444
4 0.832812 0.602778 0.028125 0.033333
1 0.927344 0.481019 0.024479 0.058333
4 0.930990 0.548148 0.016146 0.029630
6 0.865365 0.391667 0.022396 0.031481
1 0.867969 0.330556 0.023438 0.048148
1 0.896094 0.332407 0.022396 0.042593
1 0.837240 0.194444 0.019271 0.044444
1 0.801562 0.116204 0.017708 0.036111
1 0.765625 0.064352 0.015625 0.034259
4 0.757292 0.081019 0.012500 0.019444
1 0.746615 0.035185 0.013021 0.031481
4 0.746615 0.062037 0.015104 0.014815
0 0.719792 0.026389 0.014583 0.030556
