9 0.137240 0.344907 0.055729 0.082407
8 0.152865 0.232870 0.047396 0.091667
8 0.210938 0.118981 0.028125 0.049074
8 0.246615 0.108796 0.033854 0.058333
5 0.365365 0.041204 0.014063 0.013889
5 0.399219 0.035185 0.018229 0.014815
8 0.352344 0.105093 0.042188 0.078704
8 0.399219 0.094907 0.049479 0.080556
9 0.442969 0.106019 0.043229 0.065741
5 0.351042 0.210648 0.026042 0.030556
5 0.416146 0.201389 0.030208 0.026852
8 0.429688 0.041667 0.040625 0.066667
5 0.434115 0.073611 0.028646 0.019444
8 0.469010 0.040741 0.041146 0.059259
8 0.512760 0.044907 0.039062 0.052778
8 0.547917 0.036574 0.037500 0.069444
8 0.591146 0.041204 0.043750 0.065741
5 0.491667 0.125926 0.020833 0.025926
5 0.531771 0.129630 0.020833 0.022222
8 0.564844 0.092593 0.047396 0.083333
8 0.610417 0.095370 0.051042 0.083333
8 0.649740 0.096296 0.042188 0.088889
8 0.636719 0.048611 0.034896 0.043519
5 0.629167 0.209722 0.025000 0.025000
5 0.509115 0.198611 0.021354 0.030556
5 0.447917 0.199537 0.020833 0.030556
5 0.290365 0.299074 0.021354 0.031481
8 0.397917 0.240741 0.073958 0.105556
8 0.469792 0.242593 0.058333 0.083333
8 0.530990 0.239352 0.077604 0.106481
8 0.694792 0.255556 0.065625 0.094444
8 0.751563 0.268056 0.059375 0.106481
8 0.778906 0.375463 0.068229 0.112037
8 0.717969 0.372685 0.064062 0.137963
8 0.654687 0.356019 0.063542 0.145370
8 0.588542 0.356481 0.080208 0.144444
5 0.395313 0.293056 0.031250 0.023148
5 0.529167 0.296296 0.030208 0.037037
5 0.531510 0.421759 0.030729 0.052778
5 0.460417 0.407407 0.041667 0.044444
5 0.370573 0.425926 0.040104 0.038889
9 0.321094 0.368981 0.090104 0.104630
8 0.265365 0.345833 0.060937 0.136111
8 0.217188 0.362037 0.051042 0.111111
8 0.746094 0.528241 0.082812 0.125000
8 0.817969 0.534259 0.073438 0.164815
5 0.763542 0.607407 0.035417 0.061111
8 0.960938 0.704630 0.077083 0.122222
8 0.906771 0.505556 0.066667 0.118519
9 0.855990 0.348611 0.051562 0.095370
8 0.894271 0.349537 0.039583 0.106481
9 0.825260 0.198611 0.046354 0.062037
8 0.794271 0.133796 0.041667 0.076852
8 0.767969 0.075926 0.029687 0.061111
8 0.742969 0.046759 0.032813 0.052778
8 0.713021 0.038426 0.033333 0.056481
4 0.982292 0.754167 0.021875 0.039815
5 0.986719 0.778704 0.022396 0.042593
8 0.092448 0.629167 0.096354 0.245370
2 0.060417 0.545833 0.032292 0.071296
8 0.118490 0.454167 0.073438 0.217593
1 0.098437 0.379630 0.027083 0.059259
6 0.129688 0.372685 0.019792 0.037963
3 0.135937 0.386574 0.014583 0.026852
1 0.123438 0.341204 0.023958 0.045370
1 0.146875 0.211574 0.021875 0.045370
5 0.180469 0.202315 0.017188 0.023148
5 0.217969 0.192593 0.021354 0.025926
8 0.194792 0.160185 0.034375 0.068519
1 0.188542 0.144907 0.016667 0.034259
8 0.226562 0.162500 0.041667 0.056481
1 0.218490 0.156481 0.018229 0.040741
1 0.207031 0.111574 0.016146 0.030556
1 0.239063 0.099074 0.015625 0.031481
4 0.239323 0.129630 0.016146 0.014815
5 0.265885 0.093981 0.018229 0.019444
2 0.432292 0.025000 0.014583 0.031481
1 0.468490 0.028704 0.017188 0.033333
4 0.467969 0.064352 0.011979 0.013889
5 0.466146 0.070370 0.016667 0.018519
5 0.391667 0.140278 0.020833 0.019444
1 0.350260 0.087037 0.018229 0.042593
4 0.358594 0.133796 0.017188 0.017593
1 0.394010 0.079167 0.021354 0.043519
4 0.389844 0.124074 0.023438 0.020370
1 0.441667 0.093519 0.020833 0.037037
4 0.440365 0.119444 0.025521 0.020370
1 0.513542 0.035648 0.016667 0.032407
6 0.515885 0.067130 0.025521 0.019444
0 0.549219 0.022222 0.018229 0.031481
1 0.593490 0.029630 0.019271 0.038889
4 0.594792 0.062037 0.020833 0.018519
1 0.567708 0.070833 0.020833 0.039815
4 0.571875 0.122685 0.015625 0.019444
2 0.615365 0.075000 0.021354 0.042593
2 0.650521 0.075000 0.020833 0.040741
4 0.607031 0.126389 0.021354 0.019444
4 0.655990 0.130556 0.020313 0.020370
1 0.640625 0.044444 0.015625 0.035185
1 0.526563 0.215741 0.026042 0.053704
4 0.524740 0.282407 0.022396 0.027778
1 0.468490 0.229630 0.025521 0.053704
4 0.471094 0.278241 0.023438 0.032407
1 0.394792 0.218981 0.026042 0.058333
4 0.396094 0.276389 0.027604 0.026852
1 0.207292 0.334259 0.028125 0.053704
4 0.211198 0.395833 0.021354 0.025000
1 0.271094 0.312037 0.026562 0.066667
3 0.256510 0.430093 0.021354 0.023148
1 0.313021 0.354167 0.031250 0.063889
1 0.596094 0.334722 0.032813 0.069444
1 0.656771 0.321296 0.031250 0.072222
4 0.596615 0.409722 0.026562 0.034259
4 0.661719 0.412963 0.028646 0.029630
1 0.717448 0.339352 0.031771 0.065741
6 0.729167 0.406944 0.042708 0.071296
1 0.788542 0.349074 0.026042 0.059259
4 0.784635 0.418056 0.028646 0.030556
1 0.834115 0.515741 0.033854 0.070370
4 0.833594 0.600000 0.026562 0.033333
3 0.760417 0.597685 0.019792 0.039815
1 0.767969 0.503241 0.032813 0.067593
1 0.926042 0.481019 0.023958 0.058333
4 0.931771 0.548148 0.016667 0.029630
1 0.901563 0.322222 0.018750 0.050000
1 0.868490 0.330556 0.022396 0.050000
6 0.865885 0.392130 0.021354 0.030556
4 0.901563 0.391204 0.017708 0.021296
1 0.838021 0.193981 0.018750 0.045370
1 0.802865 0.117593 0.017188 0.040741
1 0.766146 0.062963 0.015625 0.033333
2 0.746094 0.085185 0.021354 0.048148
8 0.732292 0.137963 0.068750 0.153704
1 0.747396 0.035648 0.013542 0.030556
0 0.720313 0.026852 0.014583 0.031481
