9 0.137240 0.345370 0.051562 0.087037
8 0.153906 0.229630 0.041146 0.087037
8 0.195052 0.161111 0.033854 0.064815
8 0.228125 0.164815 0.039583 0.059259
5 0.180469 0.200926 0.015104 0.022222
5 0.218229 0.191204 0.018750 0.021296
8 0.210417 0.116204 0.033333 0.058333
8 0.246354 0.109259 0.034375 0.055556
5 0.365104 0.040741 0.014583 0.014815
8 0.355990 0.109259 0.042188 0.066667
8 0.400260 0.097222 0.048438 0.077778
9 0.442708 0.103241 0.042708 0.056481
8 0.430208 0.047222 0.041667 0.066667
8 0.469010 0.038889 0.042188 0.061111
8 0.510156 0.041667 0.035937 0.057407
8 0.545573 0.045370 0.047396 0.062963
8 0.591927 0.041667 0.043229 0.062963
8 0.639062 0.050926 0.039583 0.046296
8 0.650000 0.099074 0.041667 0.087037
8 0.609375 0.095370 0.043750 0.077778
5 0.574740 0.131019 0.020313 0.015741
8 0.565104 0.094907 0.046875 0.076852
5 0.532552 0.127778 0.019271 0.022222
5 0.491667 0.125463 0.019792 0.023148
5 0.351042 0.207870 0.026042 0.030556
5 0.416667 0.202315 0.029167 0.028704
5 0.455990 0.203241 0.033854 0.030556
5 0.510417 0.198611 0.023958 0.030556
5 0.287760 0.298611 0.026562 0.032407
8 0.398438 0.237963 0.071875 0.107407
8 0.469531 0.230093 0.060937 0.100926
8 0.529167 0.245833 0.077083 0.099074
5 0.628906 0.211111 0.022396 0.020370
8 0.696094 0.266667 0.069271 0.103704
8 0.752865 0.268981 0.058854 0.126852
9 0.776563 0.387037 0.062500 0.092593
8 0.717187 0.369444 0.063542 0.144444
8 0.655208 0.359722 0.063542 0.150926
8 0.588802 0.356944 0.080729 0.145370
5 0.532031 0.420370 0.030729 0.046296
5 0.461198 0.408333 0.041146 0.037037
5 0.370833 0.425463 0.040625 0.036111
9 0.322656 0.370370 0.083854 0.100000
9 0.256510 0.379167 0.054688 0.128704
9 0.204167 0.381019 0.061458 0.110185
4 0.253646 0.430556 0.022917 0.027778
8 0.742969 0.538426 0.089063 0.123148
8 0.818229 0.537963 0.076042 0.159259
8 0.962240 0.703704 0.074479 0.120370
4 0.982292 0.754630 0.020833 0.040741
5 0.985938 0.777778 0.023958 0.038889
8 0.907813 0.505556 0.067708 0.114815
9 0.855469 0.348148 0.051562 0.103704
8 0.894531 0.339352 0.040104 0.093519
8 0.822135 0.194444 0.045312 0.070370
8 0.795312 0.129167 0.033333 0.065741
8 0.766406 0.075463 0.031771 0.058333
8 0.743490 0.046759 0.030729 0.050926
8 0.712240 0.036574 0.031771 0.060185
1 0.125000 0.337037 0.026042 0.046296
5 0.117448 0.405093 0.021354 0.026852
6 0.128906 0.374537 0.023438 0.037963
1 0.146615 0.206019 0.019271 0.039815
1 0.189323 0.147222 0.017188 0.033333
1 0.221094 0.156019 0.017188 0.039815
0 0.206250 0.105093 0.016667 0.032407
1 0.240104 0.098148 0.015625 0.031481
5 0.266406 0.093981 0.019271 0.019444
2 0.392708 0.027315 0.017708 0.032407
8 0.392188 0.046296 0.038542 0.070370
0 0.429948 0.031019 0.015104 0.034259
4 0.427083 0.074074 0.016667 0.014815
1 0.469271 0.026389 0.015625 0.034259
5 0.465625 0.069907 0.016667 0.017593
2 0.511979 0.030556 0.017708 0.033333
1 0.355729 0.095370 0.018750 0.037037
3 0.359375 0.135648 0.014583 0.012037
5 0.358854 0.140741 0.017708 0.020370
1 0.394010 0.081019 0.021354 0.041667
4 0.390365 0.126389 0.023438 0.021296
4 0.440365 0.119907 0.027604 0.019444
1 0.441146 0.093981 0.019792 0.036111
1 0.550260 0.034259 0.018229 0.033333
6 0.541406 0.071296 0.025521 0.018519
1 0.592708 0.029167 0.017708 0.036111
4 0.594792 0.063889 0.017708 0.020370
1 0.641146 0.044907 0.016667 0.032407
1 0.570312 0.079167 0.021875 0.039815
4 0.573438 0.120833 0.020833 0.017593
4 0.613281 0.120833 0.018229 0.021296
1 0.612760 0.078241 0.020313 0.041667
1 0.650260 0.078704 0.021354 0.038889
1 0.741667 0.117130 0.025000 0.041667
8 0.747135 0.161111 0.051562 0.131481
1 0.534375 0.229630 0.026042 0.051852
4 0.532031 0.281019 0.030729 0.030556
5 0.528385 0.300463 0.028646 0.030556
1 0.473958 0.208333 0.025000 0.053704
3 0.466927 0.281944 0.013021 0.023148
1 0.393490 0.216204 0.026562 0.058333
4 0.393750 0.275926 0.027083 0.024074
1 0.196094 0.376852 0.028646 0.057407
4 0.197396 0.423611 0.018750 0.023148
1 0.246094 0.370370 0.028646 0.055556
1 0.313542 0.354167 0.031250 0.062037
1 0.595052 0.332870 0.031771 0.063889
4 0.595833 0.411111 0.027083 0.033333
1 0.657813 0.324074 0.029167 0.072222
4 0.661198 0.418056 0.027604 0.028704
1 0.716927 0.330093 0.027604 0.063889
1 0.793229 0.381019 0.026042 0.052778
6 0.724479 0.417130 0.031250 0.047222
4 0.784896 0.420370 0.022917 0.031481
1 0.834635 0.523148 0.034896 0.066667
1 0.767708 0.530556 0.031250 0.066667
4 0.833073 0.601852 0.027604 0.033333
4 0.755990 0.591667 0.026562 0.040741
5 0.764583 0.609722 0.033333 0.058333
8 0.308333 0.505093 0.103125 0.213889
2 0.277083 0.439815 0.042708 0.081481
6 0.341406 0.604167 0.034896 0.065741
8 0.225521 0.509259 0.067708 0.150000
2 0.215104 0.470833 0.029167 0.069444
8 0.159896 0.485648 0.077083 0.189815
1 0.136719 0.422222 0.029687 0.062963
1 0.926562 0.483333 0.023958 0.057407
4 0.931771 0.549074 0.015625 0.027778
6 0.866667 0.392130 0.020833 0.032407
1 0.868229 0.330556 0.021875 0.051852
1 0.898698 0.336111 0.023438 0.046296
1 0.833594 0.182407 0.019271 0.042593
1 0.801562 0.116204 0.016667 0.037963
1 0.765625 0.063889 0.015625 0.033333
4 0.757292 0.080556 0.011458 0.018519
1 0.747396 0.035648 0.013542 0.028704
0 0.718229 0.025463 0.014583 0.034259
