8 0.152865 0.224537 0.035937 0.093519
8 0.196094 0.159259 0.032813 0.061111
8 0.228125 0.163426 0.039583 0.058333
5 0.219792 0.190741 0.015625 0.020370
8 0.212240 0.118981 0.029687 0.052778
8 0.247135 0.111111 0.035937 0.055556
5 0.364844 0.040741 0.014063 0.014815
8 0.355729 0.109722 0.042708 0.065741
8 0.400260 0.097222 0.050521 0.077778
9 0.442188 0.102315 0.042708 0.056481
8 0.431250 0.047222 0.040625 0.061111
8 0.470313 0.042130 0.039583 0.054630
8 0.509375 0.043519 0.035417 0.061111
8 0.547135 0.045370 0.047396 0.061111
8 0.590625 0.040741 0.041667 0.062963
8 0.637240 0.050926 0.036979 0.051852
8 0.649219 0.099074 0.042188 0.087037
8 0.609896 0.094444 0.043750 0.077778
5 0.574740 0.130556 0.020313 0.016667
8 0.565104 0.095833 0.046875 0.076852
5 0.532813 0.127778 0.018750 0.022222
5 0.491406 0.125000 0.018229 0.022222
5 0.351823 0.209259 0.024479 0.027778
5 0.416667 0.202315 0.029167 0.028704
5 0.455990 0.203241 0.033854 0.030556
5 0.510417 0.198611 0.023958 0.030556
5 0.289062 0.299074 0.025000 0.031481
8 0.470052 0.237037 0.059896 0.096296
8 0.530469 0.243981 0.076563 0.104630
5 0.628646 0.210185 0.022917 0.020370
8 0.686198 0.256944 0.059896 0.097222
8 0.750260 0.274537 0.061979 0.117593
8 0.778125 0.390278 0.060417 0.097222
8 0.719010 0.364815 0.063021 0.146296
8 0.655469 0.358796 0.061979 0.147222
8 0.587240 0.356019 0.080729 0.145370
5 0.531510 0.419907 0.030729 0.047222
5 0.461719 0.408333 0.040104 0.038889
5 0.370312 0.425000 0.038542 0.035185
9 0.321875 0.370370 0.087500 0.101852
9 0.255990 0.377778 0.055729 0.125926
9 0.203906 0.379167 0.061979 0.110185
4 0.250781 0.427778 0.023438 0.025926
8 0.745573 0.536111 0.085938 0.109259
8 0.819010 0.541204 0.075521 0.158333
8 0.962240 0.703704 0.074479 0.120370
4 0.982292 0.754630 0.020833 0.040741
5 0.985938 0.777778 0.023958 0.038889
8 0.907813 0.505556 0.067708 0.114815
9 0.855469 0.348148 0.051562 0.103704
8 0.894792 0.349074 0.039583 0.098148
8 0.820312 0.190741 0.048958 0.075926
8 0.795573 0.129630 0.034896 0.066667
8 0.766667 0.073611 0.032292 0.062037
8 0.743490 0.046296 0.031771 0.053704
8 0.711979 0.038426 0.030208 0.060185
5 0.265365 0.093981 0.020313 0.019444
1 0.152604 0.199074 0.019792 0.042593
3 0.146094 0.281019 0.011979 0.019444
8 0.188542 0.212963 0.055208 0.098148
1 0.177865 0.187037 0.020313 0.042593
1 0.189844 0.146759 0.015104 0.032407
1 0.222135 0.156481 0.018229 0.040741
1 0.207292 0.112500 0.015625 0.030556
1 0.240365 0.100926 0.016146 0.031481
4 0.237500 0.131944 0.013542 0.015741
1 0.392448 0.047222 0.016146 0.033333
9 0.390625 0.055093 0.039583 0.054630
0 0.429688 0.033796 0.015625 0.034259
1 0.471875 0.034259 0.015625 0.033333
4 0.428385 0.070833 0.017188 0.015741
1 0.359115 0.099074 0.019271 0.040741
4 0.357812 0.133333 0.017708 0.016667
1 0.393750 0.087037 0.021875 0.040741
1 0.439323 0.092593 0.020313 0.035185
4 0.390365 0.126389 0.022396 0.021296
4 0.434375 0.121296 0.018750 0.018519
1 0.570052 0.078704 0.021354 0.038889
4 0.573698 0.120833 0.020313 0.017593
4 0.613542 0.118981 0.017708 0.021296
1 0.613802 0.081481 0.019271 0.042593
1 0.649219 0.077778 0.019271 0.040741
1 0.638281 0.043981 0.018229 0.034259
1 0.591927 0.029167 0.018229 0.036111
1 0.548438 0.035648 0.017708 0.034259
6 0.542448 0.070833 0.027604 0.021296
0 0.511719 0.030556 0.016146 0.033333
5 0.466146 0.070833 0.016667 0.019444
5 0.396615 0.287963 0.032813 0.031481
1 0.471094 0.219907 0.026562 0.056481
4 0.472396 0.276389 0.022917 0.032407
1 0.535156 0.220833 0.027604 0.054630
4 0.532031 0.281481 0.029687 0.029630
1 0.697135 0.240278 0.024479 0.049074
4 0.701042 0.293056 0.021875 0.021296
1 0.761979 0.245833 0.026042 0.058333
4 0.760938 0.319444 0.023958 0.027778
4 0.784635 0.423611 0.022396 0.028704
1 0.793229 0.381019 0.026042 0.050926
1 0.730729 0.324537 0.032292 0.065741
4 0.730469 0.421296 0.032813 0.029630
1 0.658073 0.323611 0.029687 0.071296
4 0.661458 0.416667 0.023958 0.025926
1 0.593490 0.331944 0.030729 0.069444
4 0.593229 0.409259 0.023958 0.031481
1 0.196354 0.377315 0.028125 0.056481
4 0.197917 0.425000 0.017708 0.022222
1 0.245573 0.373611 0.027604 0.052778
4 0.315365 0.399074 0.033854 0.033333
1 0.313542 0.350463 0.030208 0.060185
1 0.201042 0.493981 0.030208 0.065741
4 0.196354 0.592593 0.025000 0.033333
8 0.212500 0.532870 0.069792 0.150926
2 0.279948 0.457407 0.040104 0.070370
8 0.282031 0.502315 0.123438 0.160185
3 0.202083 0.613426 0.019792 0.026852
1 0.423438 0.448148 0.033333 0.079630
8 0.431771 0.491667 0.076042 0.168519
4 0.425000 0.545370 0.025000 0.035185
5 0.430208 0.605093 0.035417 0.067593
1 0.770573 0.535185 0.032813 0.066667
4 0.754687 0.587037 0.028125 0.050000
5 0.763281 0.612037 0.033854 0.055556
1 0.835938 0.530556 0.035417 0.072222
4 0.833594 0.603704 0.028646 0.033333
1 0.926302 0.480093 0.024479 0.056481
4 0.930469 0.549537 0.016146 0.028704
1 0.868229 0.330093 0.022917 0.047222
1 0.903385 0.328704 0.020313 0.048148
6 0.866406 0.392593 0.021354 0.031481
4 0.902604 0.385648 0.015625 0.021296
1 0.832031 0.171759 0.020313 0.039815
1 0.802344 0.115741 0.015104 0.037037
2 0.769010 0.057870 0.016146 0.028704
1 0.747396 0.036111 0.013542 0.031481
1 0.718490 0.026389 0.014063 0.034259
4 0.747396 0.062500 0.014583 0.013889
4 0.656771 0.132870 0.013542 0.019444
