9 0.138542 0.343056 0.047917 0.078704
6 0.129688 0.375463 0.029167 0.037963
5 0.120313 0.404630 0.027083 0.027778
8 0.152865 0.241204 0.041146 0.075000
8 0.193490 0.168519 0.032813 0.064815
5 0.180469 0.200926 0.016146 0.024074
8 0.227344 0.164352 0.040104 0.062037
5 0.217188 0.192130 0.021875 0.025000
8 0.210417 0.118056 0.032292 0.050926
8 0.244792 0.109259 0.033333 0.055556
8 0.280990 0.052315 0.040104 0.065741
5 0.263542 0.093519 0.017708 0.014815
5 0.364844 0.041204 0.014063 0.015741
9 0.395313 0.053704 0.036458 0.051852
9 0.437240 0.101852 0.047396 0.053704
9 0.354167 0.106019 0.042708 0.065741
9 0.393490 0.093056 0.045312 0.069444
8 0.431771 0.043056 0.039583 0.060185
9 0.512240 0.037037 0.033854 0.059259
5 0.532813 0.128241 0.018750 0.023148
8 0.546615 0.036574 0.041146 0.056481
8 0.590365 0.043519 0.040104 0.059259
8 0.637240 0.048611 0.035937 0.056481
8 0.653646 0.097685 0.044792 0.080556
9 0.571615 0.093519 0.046354 0.068519
5 0.613542 0.128704 0.020833 0.024074
8 0.702865 0.168981 0.055729 0.082407
8 0.649740 0.145833 0.047396 0.097222
5 0.621615 0.204167 0.023438 0.030556
3 0.664062 0.196759 0.015625 0.019444
5 0.510938 0.200463 0.023958 0.030556
5 0.455990 0.204630 0.033854 0.029630
5 0.418490 0.200926 0.026562 0.031481
5 0.351042 0.209722 0.025000 0.030556
5 0.288542 0.295833 0.026042 0.030556
5 0.398438 0.275926 0.026042 0.024074
9 0.468490 0.243056 0.056771 0.069444
8 0.529687 0.243519 0.073958 0.100000
5 0.527865 0.299074 0.027604 0.031481
8 0.694271 0.264815 0.064583 0.114815
8 0.752865 0.268056 0.063021 0.123148
9 0.774740 0.387500 0.055729 0.106481
9 0.718490 0.380556 0.064062 0.094444
8 0.654167 0.346759 0.066667 0.119444
8 0.588542 0.356944 0.079167 0.147222
0 0.666146 0.432407 0.038542 0.087037
5 0.532292 0.419907 0.030208 0.052778
5 0.461719 0.410185 0.040104 0.044444
5 0.371094 0.424074 0.039062 0.044444
8 0.321615 0.369444 0.086979 0.116667
9 0.254688 0.368519 0.060417 0.122222
9 0.200521 0.381944 0.059375 0.102778
5 0.184115 0.605556 0.033854 0.061111
8 0.207292 0.522222 0.055208 0.131481
8 0.272917 0.533796 0.085417 0.137963
8 0.426042 0.524074 0.091667 0.153704
6 0.435417 0.602778 0.036458 0.079630
8 0.747917 0.537963 0.082292 0.112963
8 0.815365 0.542593 0.075521 0.164815
5 0.764323 0.607870 0.034896 0.054630
8 0.714063 0.030556 0.028125 0.057407
8 0.745573 0.043056 0.027604 0.049074
9 0.732292 0.080556 0.040625 0.066667
8 0.763542 0.081019 0.031250 0.056481
8 0.779167 0.157870 0.041667 0.097222
8 0.824219 0.193056 0.034896 0.060185
9 0.855469 0.353241 0.058854 0.080556
9 0.901563 0.360648 0.040625 0.091667
8 0.966667 0.706019 0.065625 0.108333
8 0.092188 0.724537 0.061458 0.169444
1 0.079167 0.687500 0.031250 0.075000
4 0.082292 0.784722 0.027083 0.043519
8 0.151823 0.718519 0.102604 0.179630
1 0.117188 0.668056 0.035417 0.078704
9 0.148438 0.554630 0.079167 0.112963
4 0.138542 0.595370 0.023958 0.038889
1 0.132292 0.532870 0.026042 0.060185
1 0.193750 0.501389 0.028125 0.062037
4 0.194792 0.570833 0.018750 0.026852
1 0.264844 0.503704 0.035937 0.068519
4 0.263542 0.591667 0.036458 0.029630
1 0.123438 0.336111 0.021875 0.044444
1 0.144271 0.222685 0.017708 0.043519
1 0.188542 0.153704 0.014583 0.029630
1 0.218490 0.154167 0.016146 0.041667
1 0.204948 0.107407 0.013021 0.027778
4 0.204167 0.136111 0.016667 0.016667
1 0.239323 0.096759 0.015104 0.030556
4 0.239063 0.129630 0.015625 0.016667
0 0.279167 0.030556 0.014583 0.027778
3 0.268490 0.092130 0.007812 0.013889
1 0.392969 0.044444 0.014063 0.029630
1 0.429688 0.031019 0.014583 0.032407
4 0.435417 0.068056 0.017708 0.015741
1 0.381771 0.080556 0.020833 0.040741
1 0.355469 0.093519 0.016146 0.038889
4 0.355990 0.130556 0.015104 0.018519
5 0.390365 0.138426 0.019271 0.023148
3 0.392448 0.130556 0.015104 0.012963
1 0.443490 0.095833 0.021354 0.039815
4 0.432812 0.118981 0.018750 0.023148
8 0.482292 0.081019 0.047917 0.099074
2 0.476042 0.052315 0.020833 0.039815
6 0.489063 0.125926 0.023958 0.031481
1 0.511198 0.022222 0.016146 0.031481
1 0.544792 0.030093 0.015625 0.036111
5 0.542448 0.068981 0.027604 0.019444
1 0.571615 0.080556 0.021354 0.037037
1 0.595313 0.033796 0.018750 0.039815
4 0.596094 0.066204 0.017188 0.017593
5 0.610938 0.075926 0.025000 0.018519
1 0.642969 0.040278 0.017188 0.034259
1 0.654167 0.076852 0.019792 0.040741
1 0.702865 0.153241 0.020313 0.043519
4 0.707292 0.199537 0.021875 0.021296
0 0.650000 0.120833 0.021875 0.043519
9 0.568490 0.170370 0.047396 0.083333
2 0.563542 0.155556 0.026042 0.048148
4 0.398438 0.275926 0.026042 0.024074
8 0.402865 0.241204 0.072396 0.106481
1 0.397917 0.218519 0.026042 0.061111
1 0.464062 0.239815 0.028125 0.053704
4 0.470313 0.281019 0.021875 0.026852
1 0.536458 0.222222 0.026042 0.055556
4 0.532292 0.279630 0.032292 0.033333
2 0.682813 0.231019 0.026042 0.050926
4 0.699740 0.304167 0.020313 0.026852
1 0.763542 0.236111 0.027083 0.055556
4 0.761719 0.318056 0.018229 0.023148
4 0.782292 0.423611 0.023958 0.034259
1 0.788542 0.373611 0.025000 0.056481
1 0.731250 0.377315 0.031250 0.065741
3 0.727344 0.431944 0.014063 0.030556
5 0.729167 0.438889 0.028125 0.044444
1 0.659115 0.322222 0.029687 0.068519
1 0.593490 0.330093 0.029687 0.062037
4 0.593490 0.406019 0.022396 0.032407
1 0.315365 0.345833 0.029687 0.063889
4 0.317188 0.409259 0.037500 0.035185
1 0.254688 0.365741 0.022917 0.051852
4 0.257292 0.418056 0.028125 0.028704
1 0.194792 0.379167 0.026042 0.054630
4 0.194271 0.423611 0.019792 0.021296
1 0.419792 0.492593 0.033333 0.085185
4 0.408594 0.593519 0.026562 0.051852
8 0.667188 0.510185 0.086458 0.244444
4 0.667188 0.606019 0.030208 0.054630
5 0.694271 0.612500 0.040625 0.069444
1 0.773438 0.524074 0.030208 0.064815
4 0.764062 0.586574 0.035417 0.045370
1 0.832292 0.525463 0.033333 0.067593
4 0.828646 0.603704 0.026042 0.040741
4 0.984115 0.752778 0.019271 0.042593
3 0.926042 0.565741 0.012500 0.033333
1 0.921615 0.435185 0.022396 0.055556
8 0.901563 0.477315 0.063542 0.139815
1 0.872917 0.343056 0.022917 0.050926
4 0.866146 0.387963 0.016667 0.031481
1 0.906771 0.343519 0.020833 0.046296
4 0.903125 0.393981 0.015625 0.025000
1 0.829688 0.183796 0.018750 0.039815
0 0.785417 0.130556 0.017708 0.040741
1 0.803646 0.116667 0.014583 0.037037
1 0.743490 0.063889 0.016146 0.031481
1 0.769792 0.068519 0.015625 0.031481
4 0.768490 0.096759 0.016146 0.019444
1 0.746615 0.034722 0.011979 0.030556
0 0.714844 0.018519 0.013021 0.031481
