9 0.139063 0.343519 0.046875 0.081481
6 0.129688 0.377315 0.029167 0.037963
5 0.120313 0.404630 0.027083 0.027778
8 0.152865 0.241204 0.042188 0.078704
8 0.193750 0.165741 0.034375 0.061111
5 0.180469 0.200926 0.016146 0.024074
8 0.227344 0.166204 0.040104 0.062037
5 0.217188 0.192593 0.020833 0.024074
8 0.211198 0.118519 0.031771 0.050000
8 0.244792 0.107407 0.034375 0.055556
8 0.282813 0.053241 0.037500 0.071296
5 0.265365 0.093056 0.018229 0.013889
5 0.364844 0.041204 0.014063 0.015741
9 0.395313 0.053704 0.035417 0.051852
8 0.438542 0.093056 0.044792 0.067593
9 0.352865 0.106019 0.043229 0.065741
8 0.392969 0.093981 0.045312 0.073148
8 0.431771 0.047222 0.038542 0.055556
8 0.466667 0.042593 0.030208 0.050000
8 0.511719 0.037963 0.032813 0.062963
5 0.490365 0.129630 0.021354 0.025926
5 0.532813 0.128241 0.018750 0.023148
8 0.546615 0.042130 0.045312 0.060185
8 0.592448 0.043056 0.046354 0.065741
8 0.637240 0.048611 0.036979 0.056481
8 0.654167 0.097685 0.044792 0.082407
9 0.573438 0.093519 0.045833 0.068519
5 0.613542 0.128704 0.020833 0.024074
8 0.702865 0.170833 0.056771 0.080556
8 0.651563 0.151852 0.044792 0.100000
5 0.621615 0.205093 0.023438 0.030556
5 0.509896 0.197685 0.022917 0.030556
5 0.454688 0.205093 0.031250 0.028704
5 0.419792 0.202315 0.025000 0.028704
5 0.351042 0.209722 0.025000 0.030556
5 0.288542 0.298148 0.026042 0.031481
4 0.399740 0.276852 0.026562 0.024074
8 0.468490 0.241667 0.058854 0.079630
8 0.529687 0.244444 0.073958 0.109259
5 0.527344 0.302315 0.026562 0.028704
8 0.694271 0.250926 0.060417 0.111111
8 0.751563 0.272222 0.065625 0.118519
9 0.774219 0.387037 0.054688 0.105556
9 0.721094 0.381019 0.060937 0.095370
8 0.657813 0.358333 0.066667 0.144444
8 0.589063 0.357407 0.080208 0.150000
6 0.663021 0.429630 0.034375 0.053704
5 0.532292 0.418056 0.030208 0.052778
5 0.461719 0.405556 0.040104 0.044444
5 0.369792 0.424074 0.039583 0.044444
8 0.322396 0.368056 0.085417 0.108333
9 0.255469 0.367130 0.058854 0.115741
9 0.199740 0.382407 0.060937 0.101852
5 0.184115 0.605556 0.033854 0.061111
8 0.208073 0.518981 0.058854 0.130556
8 0.273438 0.531019 0.086458 0.150926
8 0.426042 0.530556 0.089583 0.140741
6 0.436719 0.598611 0.036979 0.080556
8 0.752344 0.537037 0.076563 0.107407
8 0.816667 0.542593 0.075000 0.164815
5 0.763542 0.609259 0.033333 0.055556
8 0.710938 0.036111 0.031250 0.055556
8 0.743490 0.043981 0.032813 0.056481
9 0.730990 0.081019 0.039062 0.060185
8 0.769792 0.081019 0.031250 0.056481
8 0.793490 0.130556 0.040104 0.079630
8 0.823438 0.193056 0.044792 0.065741
9 0.854167 0.352315 0.061458 0.086111
8 0.896615 0.347222 0.038021 0.094444
8 0.969271 0.704630 0.061458 0.127778
8 0.094792 0.726852 0.066667 0.174074
1 0.077865 0.686111 0.029687 0.068519
4 0.083594 0.786574 0.029687 0.043519
8 0.151823 0.705556 0.097396 0.194444
0 0.121615 0.650463 0.034896 0.080556
9 0.145313 0.552778 0.075000 0.107407
4 0.138542 0.592593 0.023958 0.031481
1 0.134115 0.537037 0.027604 0.057407
1 0.192188 0.493056 0.028125 0.063889
4 0.199740 0.568519 0.028646 0.027778
2 0.271094 0.493056 0.034896 0.073148
4 0.265625 0.592593 0.034375 0.029630
1 0.416667 0.505093 0.035417 0.087963
4 0.408594 0.592130 0.026562 0.052778
1 0.125521 0.337500 0.020833 0.043519
1 0.192969 0.377315 0.026562 0.052778
4 0.194271 0.420833 0.019792 0.025000
4 0.256771 0.416667 0.026042 0.031481
1 0.252865 0.366667 0.029687 0.050000
1 0.141667 0.224074 0.018750 0.044444
1 0.316667 0.343981 0.031250 0.063889
4 0.315365 0.400000 0.038021 0.031481
1 0.188542 0.153241 0.015625 0.030556
1 0.219271 0.155556 0.016667 0.038889
1 0.204167 0.106944 0.013542 0.028704
1 0.238542 0.098611 0.014583 0.030556
4 0.204948 0.135648 0.016146 0.017593
4 0.239323 0.130093 0.015104 0.015741
0 0.280990 0.031019 0.015104 0.028704
3 0.268490 0.091667 0.007812 0.011111
8 0.338542 0.039352 0.042708 0.076852
1 0.393490 0.045833 0.015104 0.030556
1 0.433073 0.034259 0.015104 0.031481
1 0.355469 0.093981 0.017188 0.039815
1 0.437240 0.080556 0.019271 0.042593
1 0.381771 0.080556 0.021875 0.040741
2 0.484115 0.055093 0.021354 0.039815
8 0.483594 0.081019 0.045312 0.095370
4 0.356771 0.129630 0.014583 0.016667
5 0.390365 0.136111 0.018229 0.020370
3 0.392188 0.131019 0.015625 0.013889
4 0.433594 0.118519 0.017188 0.022222
1 0.470313 0.031019 0.015625 0.030556
1 0.510417 0.020833 0.016667 0.030556
1 0.546615 0.029630 0.017188 0.033333
6 0.541667 0.068519 0.028125 0.024074
1 0.589844 0.030093 0.016146 0.036111
5 0.610417 0.078241 0.022917 0.015741
1 0.642188 0.041204 0.016667 0.034259
1 0.654167 0.078241 0.017708 0.037963
1 0.574740 0.090741 0.021354 0.037037
3 0.467448 0.281481 0.015104 0.025926
1 0.470313 0.231019 0.027083 0.054630
1 0.399740 0.216667 0.027604 0.057407
8 0.402865 0.240278 0.070312 0.104630
1 0.535417 0.218056 0.026042 0.052778
4 0.533594 0.282407 0.032813 0.033333
8 0.569271 0.154630 0.052083 0.105556
2 0.571094 0.124537 0.023438 0.043519
6 0.569792 0.202315 0.025000 0.036111
3 0.554688 0.200000 0.010417 0.018519
1 0.651042 0.125000 0.019792 0.044444
4 0.660417 0.190741 0.025000 0.024074
1 0.702865 0.152315 0.020313 0.041667
4 0.707292 0.199537 0.021875 0.019444
1 0.762240 0.242130 0.024479 0.056481
4 0.759115 0.317593 0.026562 0.029630
2 0.684115 0.218519 0.024479 0.050000
3 0.702344 0.304167 0.016146 0.025000
6 0.709115 0.305556 0.045312 0.040741
1 0.593490 0.330093 0.029687 0.062037
4 0.594271 0.406481 0.021875 0.029630
1 0.659115 0.322685 0.030729 0.069444
1 0.730990 0.380093 0.031771 0.063889
3 0.727344 0.434722 0.017188 0.030556
5 0.729688 0.440278 0.027083 0.041667
1 0.788542 0.373611 0.025000 0.054630
4 0.783073 0.423611 0.024479 0.032407
1 0.832292 0.527315 0.034375 0.065741
4 0.829167 0.604630 0.026042 0.038889
1 0.773438 0.521759 0.031250 0.063889
4 0.763542 0.589352 0.031250 0.049074
8 0.673438 0.533333 0.086458 0.177778
4 0.675521 0.604630 0.033333 0.038889
5 0.694271 0.625463 0.036458 0.056481
1 0.682292 0.502778 0.037500 0.074074
