9 0.137240 0.343519 0.049479 0.081481
6 0.129688 0.377315 0.029167 0.037963
5 0.120313 0.404630 0.027083 0.027778
8 0.161719 0.225926 0.042188 0.094444
8 0.193490 0.165741 0.032813 0.061111
5 0.181771 0.198611 0.013542 0.019444
8 0.227344 0.168056 0.040104 0.062037
5 0.217188 0.192130 0.021875 0.025000
8 0.211198 0.118056 0.031771 0.052778
8 0.244792 0.106019 0.033333 0.058333
5 0.265365 0.093519 0.017188 0.014815
5 0.364844 0.041204 0.014063 0.015741
9 0.392188 0.055556 0.042708 0.053704
9 0.439063 0.097222 0.043750 0.055556
9 0.352865 0.106019 0.044271 0.065741
9 0.397917 0.097685 0.043750 0.069444
8 0.432292 0.045833 0.039583 0.060185
8 0.469792 0.043519 0.037500 0.051852
9 0.510417 0.036111 0.035417 0.068519
5 0.492188 0.124537 0.019792 0.019444
5 0.532813 0.126389 0.018750 0.023148
8 0.543490 0.038889 0.044271 0.061111
8 0.629167 0.106944 0.042708 0.165741
8 0.566667 0.081481 0.057292 0.081481
8 0.704688 0.160185 0.057292 0.105556
8 0.652865 0.156019 0.050521 0.084259
5 0.621094 0.205093 0.023438 0.030556
5 0.510938 0.199074 0.023958 0.031481
5 0.455990 0.204630 0.033854 0.029630
5 0.416146 0.203241 0.032292 0.026852
5 0.351042 0.209722 0.025000 0.030556
5 0.288542 0.298611 0.026042 0.030556
5 0.397917 0.286574 0.035417 0.030556
9 0.469271 0.246759 0.057292 0.069444
8 0.530990 0.243981 0.073438 0.106481
5 0.527344 0.299074 0.026562 0.031481
8 0.694792 0.267130 0.058333 0.112037
8 0.751823 0.269444 0.059896 0.114815
8 0.779167 0.368056 0.068750 0.119444
8 0.715365 0.367130 0.061979 0.147222
8 0.651563 0.343056 0.068750 0.121296
8 0.576042 0.330556 0.090625 0.150000
5 0.666667 0.415741 0.041667 0.074074
5 0.532292 0.418056 0.030208 0.052778
5 0.461719 0.405556 0.040104 0.044444
5 0.369792 0.424074 0.039583 0.044444
8 0.319792 0.368056 0.085417 0.108333
9 0.254167 0.368519 0.060417 0.116667
9 0.199219 0.380556 0.060937 0.101852
5 0.184115 0.604630 0.033854 0.061111
8 0.224740 0.495833 0.057813 0.156481
8 0.271094 0.542130 0.082812 0.150926
4 0.263542 0.596296 0.033333 0.037037
8 0.427344 0.515741 0.082812 0.142593
5 0.435417 0.606019 0.036458 0.073148
8 0.753125 0.528704 0.068750 0.220370
8 0.816667 0.539352 0.076042 0.160185
6 0.762240 0.606481 0.038021 0.062963
8 0.711719 0.037963 0.029687 0.055556
8 0.743750 0.045370 0.031250 0.051852
9 0.724219 0.077778 0.035937 0.074074
8 0.769792 0.081019 0.035417 0.065741
8 0.793490 0.131019 0.040104 0.069444
9 0.799219 0.181944 0.051562 0.067593
9 0.854688 0.350463 0.059375 0.080556
8 0.898438 0.353704 0.039583 0.098148
8 0.966667 0.704630 0.065625 0.111111
1 0.124740 0.337963 0.022396 0.044444
1 0.154688 0.200926 0.019792 0.038889
4 0.154688 0.243056 0.014583 0.019444
1 0.188542 0.153241 0.014583 0.030556
1 0.218750 0.155556 0.015625 0.040741
1 0.204167 0.106944 0.013542 0.026852
4 0.204948 0.135648 0.016146 0.019444
4 0.239063 0.129630 0.016667 0.016667
1 0.239844 0.093519 0.013021 0.029630
3 0.268490 0.091667 0.007812 0.012963
1 0.393490 0.046759 0.015104 0.030556
1 0.355990 0.093056 0.017188 0.036111
4 0.357292 0.128241 0.016667 0.017593
5 0.358594 0.141667 0.018229 0.022222
1 0.432292 0.030556 0.014583 0.031481
4 0.434896 0.068519 0.018750 0.016667
1 0.438542 0.090278 0.020833 0.036111
4 0.434115 0.118519 0.017188 0.022222
4 0.388542 0.127315 0.021875 0.021296
1 0.468490 0.030556 0.015104 0.031481
4 0.466667 0.061111 0.018750 0.018519
1 0.510938 0.021759 0.014583 0.030556
1 0.547917 0.028704 0.016667 0.033333
4 0.542188 0.062037 0.023958 0.031481
1 0.567187 0.065741 0.020833 0.038889
3 0.573438 0.122685 0.013542 0.017593
5 0.573438 0.126852 0.023958 0.024074
2 0.622917 0.047685 0.020833 0.043519
8 0.662240 0.076852 0.040104 0.112963
1 0.652344 0.040278 0.020313 0.037963
1 0.662240 0.134722 0.020313 0.043519
3 0.664844 0.198148 0.013021 0.018519
5 0.663021 0.203241 0.029167 0.032407
2 0.702865 0.130556 0.025521 0.046296
4 0.707292 0.199074 0.023958 0.020370
1 0.762240 0.242130 0.026562 0.054630
1 0.703646 0.239352 0.026042 0.047222
3 0.701823 0.303704 0.016146 0.027778
5 0.718490 0.310185 0.026562 0.044444
4 0.759115 0.317593 0.026562 0.027778
1 0.535417 0.219444 0.027083 0.053704
4 0.530990 0.280556 0.030729 0.033333
1 0.465365 0.241667 0.026562 0.051852
3 0.466667 0.283333 0.014583 0.025926
1 0.192969 0.379167 0.026562 0.052778
4 0.194271 0.419907 0.018750 0.021296
1 0.252865 0.364815 0.025521 0.053704
4 0.255990 0.418056 0.029687 0.030556
1 0.312240 0.343981 0.029687 0.062037
4 0.312240 0.405556 0.036979 0.035185
5 0.132292 0.586111 0.027083 0.046296
2 0.163021 0.493056 0.026042 0.067593
8 0.179688 0.530556 0.096875 0.142593
5 0.235417 0.620833 0.041667 0.073148
1 0.216667 0.449537 0.026042 0.056481
4 0.215365 0.521759 0.025521 0.030556
1 0.262240 0.505556 0.030729 0.066667
5 0.261198 0.628704 0.034896 0.055556
1 0.416667 0.485648 0.033333 0.080556
4 0.415365 0.585648 0.039062 0.056481
8 0.672917 0.481019 0.083333 0.202778
3 0.668490 0.612037 0.027604 0.044444
0 0.763021 0.455556 0.031250 0.072222
3 0.766146 0.593519 0.018750 0.042593
1 0.836719 0.523148 0.034896 0.068519
4 0.827865 0.600926 0.027604 0.031481
8 0.093490 0.724074 0.065104 0.168519
1 0.077865 0.689815 0.030729 0.070370
4 0.082292 0.785648 0.027083 0.043519
8 0.154688 0.698611 0.089583 0.206481
2 0.126042 0.640278 0.033333 0.084259
4 0.984115 0.754167 0.018229 0.041667
8 0.909115 0.468519 0.070312 0.142593
0 0.926042 0.427778 0.023958 0.059259
1 0.872917 0.343056 0.022917 0.050926
4 0.865365 0.386111 0.019271 0.031481
1 0.904167 0.331019 0.019792 0.047222
2 0.812240 0.173148 0.020313 0.042593
1 0.833594 0.190278 0.018229 0.041667
1 0.801042 0.116667 0.015625 0.033333
1 0.721094 0.058333 0.017188 0.031481
3 0.748698 0.106481 0.013021 0.016667
0 0.777865 0.066667 0.015104 0.033333
1 0.718490 0.028241 0.013021 0.030556
1 0.745313 0.035185 0.012500 0.031481
