9 0.139063 0.343056 0.047917 0.080556
6 0.129688 0.377315 0.029167 0.037963
5 0.120313 0.404630 0.027083 0.027778
8 0.152865 0.240278 0.042188 0.078704
8 0.193490 0.167593 0.032813 0.064815
5 0.180469 0.200926 0.016146 0.024074
8 0.226823 0.163426 0.040104 0.062037
5 0.217188 0.192130 0.021875 0.025000
8 0.210417 0.118056 0.032292 0.052778
8 0.244792 0.108333 0.033333 0.055556
8 0.302865 0.053704 0.043229 0.105556
5 0.263542 0.093056 0.017708 0.013889
5 0.364844 0.041204 0.014063 0.015741
9 0.396615 0.053704 0.032813 0.051852
9 0.437240 0.099537 0.046354 0.056481
9 0.353125 0.105556 0.043750 0.064815
8 0.393490 0.093056 0.045312 0.071296
8 0.432292 0.043981 0.039583 0.060185
8 0.465365 0.043056 0.030729 0.052778
8 0.510938 0.038889 0.033333 0.062963
5 0.534115 0.127315 0.020313 0.025000
8 0.546615 0.042130 0.042188 0.060185
8 0.589844 0.043981 0.041146 0.058333
8 0.637240 0.048611 0.035937 0.056481
8 0.654167 0.097222 0.044792 0.081481
9 0.573438 0.093981 0.048958 0.069444
5 0.614062 0.128704 0.020833 0.024074
8 0.703646 0.168981 0.056250 0.082407
8 0.652865 0.147222 0.042188 0.094444
5 0.621615 0.204167 0.023438 0.030556
5 0.510938 0.199537 0.023958 0.030556
5 0.455990 0.204630 0.033854 0.029630
5 0.419792 0.200000 0.025000 0.029630
5 0.351042 0.209722 0.025000 0.030556
5 0.288542 0.297222 0.026042 0.031481
9 0.468490 0.246296 0.058854 0.075926
8 0.530990 0.241667 0.073438 0.100000
5 0.527865 0.300463 0.026562 0.030556
8 0.696094 0.263426 0.059896 0.106481
8 0.752865 0.269444 0.060937 0.120370
9 0.774740 0.386111 0.055729 0.105556
9 0.718490 0.381019 0.066146 0.099074
8 0.655990 0.344907 0.065104 0.121296
8 0.589063 0.356019 0.079167 0.150926
5 0.532292 0.418056 0.030208 0.052778
5 0.461719 0.408333 0.040104 0.044444
5 0.369792 0.424074 0.039583 0.044444
9 0.322917 0.373611 0.087500 0.115741
9 0.254948 0.368519 0.059896 0.116667
9 0.199740 0.384722 0.059896 0.106481
5 0.184115 0.604630 0.033854 0.061111
8 0.234896 0.490741 0.059375 0.144444
8 0.272917 0.534259 0.084375 0.144444
8 0.424740 0.493981 0.090104 0.158333
5 0.435417 0.606019 0.036458 0.073148
8 0.747917 0.539815 0.065625 0.127778
8 0.815365 0.540278 0.076563 0.163889
5 0.763542 0.605556 0.035417 0.062963
8 0.713021 0.037037 0.029167 0.059259
8 0.744792 0.045833 0.027083 0.052778
9 0.732292 0.077778 0.039583 0.066667
8 0.763542 0.081019 0.033333 0.056481
8 0.780990 0.164815 0.043229 0.096296
8 0.823438 0.193519 0.034375 0.062963
9 0.854948 0.351389 0.059896 0.075000
9 0.901563 0.357407 0.042708 0.088889
8 0.967969 0.705556 0.064062 0.107407
8 0.094792 0.722685 0.063542 0.169444
1 0.079167 0.693056 0.031250 0.073148
4 0.082292 0.784722 0.026042 0.043519
8 0.152865 0.722222 0.097396 0.168519
1 0.122396 0.679630 0.034375 0.077778
9 0.152865 0.560648 0.063021 0.093519
2 0.141146 0.569907 0.033333 0.056481
5 0.132292 0.613889 0.026042 0.048148
8 0.205990 0.538889 0.067187 0.114815
2 0.188542 0.514352 0.033333 0.060185
1 0.264844 0.500000 0.031771 0.068519
4 0.264844 0.592130 0.039062 0.032407
1 0.429688 0.456019 0.034375 0.078704
3 0.412240 0.593519 0.019271 0.048148
1 0.681250 0.430556 0.034375 0.077778
8 0.672917 0.485185 0.096875 0.194444
3 0.667188 0.610648 0.025000 0.043519
5 0.692448 0.612500 0.041146 0.069444
1 0.758594 0.509722 0.032813 0.069444
3 0.766667 0.593056 0.020833 0.039815
1 0.832292 0.523611 0.033333 0.069444
4 0.828125 0.603704 0.025000 0.042593
1 0.789323 0.373611 0.024479 0.056481
4 0.780990 0.423611 0.024479 0.032407
1 0.731771 0.373611 0.031250 0.067593
3 0.727344 0.431944 0.016146 0.034259
5 0.728646 0.435185 0.028125 0.044444
1 0.658594 0.319907 0.029687 0.065741
1 0.594792 0.329167 0.032292 0.063889
4 0.594271 0.405556 0.021875 0.031481
1 0.315365 0.354167 0.032813 0.062037
4 0.312500 0.417130 0.031250 0.028704
1 0.254688 0.364815 0.026042 0.051852
4 0.255990 0.418056 0.029687 0.030556
4 0.193750 0.420370 0.018750 0.024074
1 0.194271 0.378704 0.026042 0.053704
1 0.125521 0.335648 0.020833 0.043519
1 0.146094 0.218519 0.019271 0.040741
1 0.189323 0.151389 0.015104 0.030556
1 0.218490 0.152778 0.015104 0.040741
1 0.204167 0.106944 0.014583 0.026852
4 0.202865 0.136574 0.016146 0.019444
1 0.239063 0.094444 0.014583 0.029630
4 0.238542 0.129167 0.016667 0.015741
3 0.269271 0.091667 0.008333 0.012963
2 0.307292 0.015741 0.015625 0.029630
1 0.393490 0.044907 0.016146 0.030556
1 0.431771 0.031019 0.014583 0.030556
1 0.380990 0.081019 0.021354 0.043519
1 0.354167 0.093981 0.018750 0.037963
4 0.357292 0.129167 0.015625 0.017593
3 0.392188 0.130556 0.014583 0.011111
5 0.390365 0.136574 0.018229 0.019444
5 0.358594 0.141667 0.019271 0.022222
1 0.443490 0.095370 0.020313 0.038889
4 0.433594 0.118056 0.018229 0.021296
4 0.434115 0.068519 0.018229 0.016667
1 0.469792 0.030556 0.014583 0.031481
8 0.482292 0.085185 0.050000 0.094444
0 0.479167 0.056019 0.020833 0.039815
2 0.511719 0.020833 0.016146 0.030556
1 0.546615 0.029167 0.016146 0.034259
6 0.542969 0.068519 0.026562 0.022222
1 0.572396 0.081019 0.020833 0.039815
1 0.597396 0.034722 0.017708 0.036111
1 0.642188 0.040741 0.016667 0.033333
5 0.610417 0.075926 0.021875 0.018519
1 0.654167 0.078704 0.018750 0.040741
1 0.704167 0.153704 0.019792 0.044444
4 0.707292 0.200463 0.022917 0.019444
1 0.657292 0.123148 0.020833 0.044444
3 0.664062 0.197222 0.012500 0.018519
2 0.566667 0.117130 0.025000 0.052778
8 0.563542 0.142593 0.058333 0.105556
3 0.554688 0.194907 0.012500 0.023148
5 0.571615 0.194907 0.023438 0.032407
1 0.400000 0.218056 0.028125 0.060185
8 0.402865 0.240278 0.071354 0.102778
4 0.399740 0.277315 0.029687 0.025000
4 0.471094 0.281019 0.021354 0.030556
1 0.464323 0.240278 0.024479 0.052778
1 0.535937 0.218519 0.026042 0.057407
4 0.532813 0.280556 0.029167 0.031481
1 0.703646 0.240741 0.023958 0.050000
4 0.699740 0.305556 0.020313 0.027778
5 0.718490 0.310185 0.026562 0.042593
1 0.762240 0.243519 0.024479 0.059259
4 0.759115 0.318519 0.025521 0.025926
1 0.904687 0.343056 0.018750 0.049074
1 0.872917 0.343056 0.022917 0.050926
4 0.865365 0.388426 0.020313 0.030556
2 0.923698 0.419907 0.025521 0.060185
8 0.901563 0.462500 0.070833 0.143519
4 0.984115 0.755093 0.021354 0.039815
1 0.831250 0.182407 0.018750 0.042593
2 0.788542 0.133333 0.019792 0.038889
1 0.801562 0.117593 0.015625 0.040741
1 0.771094 0.068981 0.016146 0.030556
1 0.735938 0.058796 0.014583 0.034259
1 0.747396 0.035648 0.013542 0.030556
4 0.767969 0.093981 0.015104 0.017593
4 0.746615 0.101389 0.014063 0.019444
1 0.717187 0.023148 0.012500 0.031481
4 0.594792 0.065741 0.016667 0.018519
