8 0.139063 0.320370 0.045833 0.090741
5 0.119792 0.404167 0.027083 0.026852
5 0.133073 0.374074 0.033854 0.033333
8 0.151042 0.229630 0.043750 0.090741
5 0.179948 0.202315 0.016146 0.021296
5 0.217188 0.192130 0.019792 0.023148
8 0.193490 0.166204 0.033854 0.060185
8 0.225521 0.159722 0.038542 0.062037
8 0.210938 0.118056 0.031250 0.056481
8 0.244271 0.110185 0.031250 0.055556
8 0.276823 0.059722 0.038021 0.063889
5 0.269792 0.093056 0.015625 0.015741
9 0.354167 0.108333 0.042708 0.064815
9 0.434115 0.104167 0.039062 0.054630
5 0.389844 0.139815 0.017188 0.016667
5 0.357292 0.141667 0.018750 0.020370
8 0.396094 0.100926 0.042188 0.075926
9 0.392448 0.055093 0.040104 0.054630
8 0.430990 0.047685 0.040104 0.056481
8 0.470313 0.043519 0.037500 0.051852
8 0.480990 0.089352 0.053646 0.071296
8 0.510938 0.040278 0.035417 0.060185
8 0.544792 0.043056 0.042708 0.058333
9 0.568750 0.094444 0.043750 0.066667
5 0.492969 0.129630 0.020313 0.022222
5 0.534115 0.127315 0.019271 0.021296
9 0.590365 0.053241 0.039062 0.052778
5 0.613542 0.129630 0.018750 0.022222
8 0.653646 0.098148 0.043750 0.083333
8 0.705990 0.171759 0.060937 0.086111
8 0.647917 0.156019 0.046875 0.108333
3 0.635938 0.209722 0.012500 0.019444
5 0.510938 0.199074 0.022917 0.031481
5 0.418490 0.202315 0.022396 0.026852
8 0.404167 0.243519 0.072917 0.098148
8 0.469792 0.240741 0.055208 0.083333
5 0.396094 0.293519 0.030729 0.024074
8 0.529167 0.243519 0.077083 0.098148
5 0.529167 0.298611 0.029167 0.032407
8 0.689844 0.240278 0.061979 0.121296
5 0.710938 0.308796 0.044792 0.036111
8 0.751563 0.269907 0.063542 0.119444
8 0.774740 0.375926 0.056771 0.105556
9 0.720313 0.382870 0.064583 0.095370
5 0.729167 0.439352 0.027083 0.043519
8 0.657292 0.354630 0.067708 0.162963
8 0.588542 0.356019 0.079167 0.149074
5 0.460938 0.406481 0.038542 0.040741
5 0.530990 0.420370 0.029687 0.050000
5 0.369792 0.425926 0.037500 0.038889
8 0.322917 0.368519 0.086458 0.131481
9 0.252865 0.380556 0.059896 0.129630
9 0.200521 0.384722 0.060417 0.106481
9 0.148438 0.553241 0.076042 0.102778
5 0.133333 0.606481 0.028125 0.053704
5 0.184896 0.606481 0.035417 0.057407
8 0.222656 0.498148 0.058854 0.168519
8 0.271615 0.536111 0.082812 0.150000
8 0.426563 0.524074 0.078125 0.127778
8 0.671615 0.532407 0.088021 0.181481
9 0.818490 0.534722 0.077604 0.150926
8 0.966667 0.706019 0.064583 0.119444
4 0.983594 0.756019 0.017188 0.034259
5 0.988542 0.766667 0.017708 0.050000
8 0.902865 0.492593 0.067187 0.116667
9 0.857292 0.355093 0.055208 0.095370
8 0.899740 0.357870 0.041146 0.099074
8 0.774219 0.163426 0.051562 0.099074
8 0.815365 0.183796 0.040104 0.075000
8 0.732812 0.080556 0.037500 0.068519
8 0.714063 0.031019 0.030208 0.060185
5 0.921094 0.541204 0.024479 0.047222
5 0.454688 0.201852 0.028125 0.025926
8 0.091146 0.726389 0.060417 0.173148
8 0.148438 0.718519 0.105208 0.175926
5 0.125521 0.818056 0.029167 0.065741
5 0.288542 0.302778 0.027083 0.037037
8 0.750000 0.531481 0.075000 0.114815
5 0.764323 0.606019 0.033854 0.058333
8 0.757292 0.115741 0.040625 0.077778
8 0.743490 0.045833 0.030729 0.056481
1 0.132292 0.301389 0.022917 0.047222
2 0.147396 0.206019 0.020833 0.043519
4 0.146615 0.262500 0.015104 0.021296
1 0.188542 0.153241 0.017708 0.032407
1 0.217188 0.151389 0.017708 0.039815
1 0.205469 0.110185 0.014063 0.031481
1 0.237760 0.098148 0.015104 0.031481
4 0.237760 0.130556 0.015104 0.014815
0 0.271094 0.044444 0.017188 0.031481
3 0.266667 0.093981 0.007292 0.012037
1 0.393490 0.048148 0.015104 0.031481
1 0.354167 0.095833 0.018750 0.037963
1 0.430990 0.034722 0.015104 0.030556
1 0.434896 0.095370 0.020833 0.037037
1 0.395313 0.086111 0.022917 0.044444
4 0.387240 0.127778 0.022396 0.016667
4 0.355990 0.130556 0.015104 0.016667
4 0.429167 0.119907 0.017708 0.019444
4 0.435417 0.068056 0.019792 0.013889
1 0.479167 0.074074 0.020833 0.042593
4 0.480990 0.114815 0.020313 0.020370
1 0.468490 0.035648 0.015104 0.030556
1 0.510417 0.025000 0.016667 0.031481
1 0.544792 0.031944 0.016667 0.036111
6 0.542188 0.068056 0.029167 0.023148
8 0.573438 0.156019 0.058333 0.093519
1 0.567187 0.086111 0.020833 0.040741
1 0.594271 0.046759 0.020833 0.036111
4 0.597917 0.068056 0.014583 0.017593
5 0.610938 0.078704 0.019792 0.016667
8 0.635938 0.050000 0.036458 0.055556
1 0.641667 0.040278 0.017708 0.036111
1 0.652865 0.077315 0.020313 0.041667
2 0.642969 0.127778 0.023438 0.046296
5 0.665365 0.204167 0.030729 0.030556
1 0.705990 0.154167 0.023438 0.047222
1 0.573438 0.133333 0.025000 0.050000
3 0.551042 0.205556 0.012500 0.018519
6 0.579167 0.199074 0.026042 0.035185
2 0.359896 0.193519 0.026042 0.055556
8 0.345573 0.230556 0.075521 0.131481
1 0.397917 0.223148 0.027083 0.057407
4 0.398438 0.278241 0.028125 0.026852
1 0.459115 0.226389 0.027604 0.052778
3 0.466667 0.281944 0.014583 0.025000
1 0.537240 0.224074 0.028646 0.055556
4 0.528646 0.281019 0.021875 0.030556
3 0.701823 0.304630 0.015104 0.024074
1 0.760938 0.241667 0.029167 0.055556
4 0.757292 0.318519 0.026042 0.025926
1 0.789844 0.353241 0.026562 0.056481
4 0.782813 0.419907 0.020833 0.032407
3 0.727865 0.435185 0.014063 0.031481
1 0.732292 0.381019 0.031250 0.065741
0 0.654167 0.308333 0.029167 0.070370
6 0.663542 0.430556 0.033333 0.044444
1 0.594271 0.328241 0.032292 0.065741
4 0.593490 0.406019 0.021354 0.028704
1 0.837240 0.530556 0.035937 0.066667
1 0.771615 0.518519 0.030729 0.068519
4 0.758594 0.586111 0.026562 0.053704
4 0.830469 0.600000 0.023438 0.031481
0 0.685417 0.489815 0.038542 0.087037
4 0.675521 0.605093 0.034375 0.034259
1 0.705990 0.673611 0.047396 0.078704
8 0.680990 0.703241 0.110937 0.176852
5 0.710938 0.818056 0.051042 0.086111
5 0.145573 0.840741 0.034896 0.075926
1 0.080469 0.691204 0.031771 0.076852
1 0.113542 0.670370 0.032292 0.079630
4 0.077865 0.779630 0.022396 0.031481
4 0.926042 0.536574 0.019792 0.021296
1 0.921615 0.468519 0.025521 0.057407
4 0.865365 0.390741 0.017188 0.027778
1 0.905469 0.339352 0.020313 0.050926
1 0.874740 0.338889 0.023438 0.048148
4 0.902865 0.393981 0.018229 0.023148
1 0.819792 0.168056 0.017708 0.039815
3 0.791667 0.230093 0.016667 0.017593
1 0.785417 0.132870 0.021875 0.041667
1 0.804167 0.120370 0.016667 0.038889
1 0.767188 0.100000 0.019792 0.044444
1 0.742969 0.068056 0.016146 0.032407
1 0.746615 0.034722 0.014063 0.030556
0 0.715365 0.018519 0.014063 0.033333
1 0.419010 0.508333 0.039062 0.092593
4 0.421094 0.568519 0.035937 0.033333
5 0.413542 0.604167 0.035417 0.063889
1 0.263542 0.501852 0.034375 0.077778
4 0.262240 0.593519 0.034896 0.035185
1 0.215365 0.451389 0.029687 0.060185
1 0.134115 0.542593 0.028646 0.061111
4 0.135937 0.598148 0.023958 0.044444
1 0.194792 0.380093 0.028125 0.052778
1 0.240365 0.368519 0.030729 0.055556
1 0.310417 0.340278 0.031250 0.069444
4 0.193490 0.423611 0.019271 0.025000
3 0.255469 0.431944 0.020313 0.023148
4 0.312760 0.417593 0.034896 0.033333
