8 0.136198 0.343519 0.055729 0.090741
5 0.119792 0.404167 0.027083 0.026852
6 0.130469 0.373611 0.029687 0.030556
8 0.152865 0.242593 0.042188 0.075926
5 0.179948 0.202315 0.016146 0.021296
5 0.217188 0.192130 0.019792 0.023148
8 0.193490 0.166204 0.033854 0.060185
8 0.227865 0.167130 0.039062 0.062037
8 0.210417 0.118056 0.031250 0.056481
8 0.244792 0.109259 0.033333 0.055556
8 0.282813 0.055556 0.038542 0.064815
5 0.269792 0.093056 0.015625 0.015741
9 0.354167 0.106019 0.042708 0.063889
9 0.435417 0.101389 0.045833 0.060185
5 0.390365 0.135648 0.018229 0.019444
5 0.358594 0.140278 0.017188 0.019444
8 0.392188 0.093519 0.044792 0.075926
9 0.396615 0.053704 0.034896 0.053704
8 0.433073 0.046759 0.040104 0.056481
8 0.469792 0.043519 0.036458 0.055556
8 0.480990 0.089352 0.053646 0.071296
8 0.511719 0.038426 0.035937 0.062037
8 0.546615 0.042130 0.044271 0.065741
9 0.573438 0.093056 0.046875 0.071296
5 0.492969 0.129630 0.020313 0.022222
5 0.533594 0.127315 0.019271 0.021296
5 0.575521 0.128241 0.021875 0.021296
9 0.590365 0.053241 0.039062 0.052778
8 0.637240 0.049537 0.038021 0.056481
5 0.613542 0.129630 0.018750 0.022222
8 0.652865 0.098611 0.043229 0.082407
8 0.701042 0.168981 0.058333 0.084259
8 0.649740 0.148148 0.048438 0.094444
9 0.572917 0.179167 0.053125 0.067593
5 0.621615 0.204630 0.023438 0.025926
5 0.662240 0.204167 0.026562 0.028704
5 0.510938 0.199074 0.023958 0.031481
5 0.418490 0.202315 0.022396 0.026852
5 0.351042 0.211574 0.022917 0.028704
8 0.402344 0.240278 0.073438 0.102778
5 0.288542 0.299074 0.023958 0.031481
8 0.472396 0.230556 0.057292 0.103704
5 0.396094 0.293056 0.031771 0.021296
8 0.529167 0.243519 0.076042 0.098148
5 0.529167 0.298611 0.029167 0.030556
8 0.686198 0.242130 0.075521 0.115741
5 0.710417 0.310648 0.044792 0.032407
8 0.752865 0.272685 0.064062 0.119444
9 0.774740 0.380556 0.054688 0.105556
9 0.720313 0.381019 0.064583 0.095370
5 0.727865 0.437037 0.027604 0.044444
8 0.657813 0.356019 0.064583 0.145370
8 0.588542 0.356019 0.079167 0.149074
5 0.460938 0.411111 0.039583 0.040741
5 0.531510 0.419907 0.030729 0.049074
5 0.371094 0.425000 0.040104 0.040741
8 0.322917 0.368056 0.085417 0.106481
9 0.252865 0.368519 0.064062 0.112963
9 0.199740 0.383333 0.060937 0.105556
9 0.146615 0.559722 0.063021 0.093519
5 0.134115 0.614815 0.023438 0.038889
5 0.184375 0.606019 0.034375 0.058333
8 0.204167 0.539352 0.066667 0.112037
8 0.271615 0.525463 0.084896 0.171296
8 0.423438 0.518056 0.089583 0.143519
4 0.409115 0.588426 0.023438 0.056481
6 0.435417 0.601389 0.035417 0.076852
8 0.674219 0.531481 0.088021 0.181481
5 0.693490 0.623148 0.033854 0.055556
8 0.750521 0.536111 0.078125 0.118519
5 0.765365 0.605556 0.032813 0.061111
9 0.815365 0.543519 0.075521 0.166667
8 0.966667 0.707870 0.064583 0.119444
4 0.983594 0.756019 0.017188 0.034259
5 0.988542 0.766667 0.017708 0.050000
8 0.902865 0.492593 0.067187 0.116667
9 0.855990 0.355093 0.057813 0.084259
8 0.899740 0.356019 0.041146 0.099074
8 0.785417 0.166204 0.044792 0.089815
8 0.826042 0.180556 0.051042 0.094444
8 0.763542 0.079630 0.032292 0.064815
8 0.732292 0.080556 0.037500 0.068519
8 0.713021 0.030556 0.028125 0.055556
5 0.921094 0.541204 0.024479 0.047222
1 0.123438 0.330093 0.025000 0.047222
1 0.142969 0.224537 0.020313 0.043519
1 0.188542 0.153241 0.016667 0.030556
1 0.218490 0.156019 0.018229 0.039815
1 0.204167 0.106019 0.015625 0.028704
4 0.204167 0.135648 0.015625 0.019444
4 0.239323 0.131019 0.016146 0.015741
1 0.240625 0.094907 0.015625 0.030556
3 0.267188 0.093519 0.007292 0.011111
2 0.277344 0.042130 0.016146 0.032407
1 0.392188 0.046759 0.016667 0.030556
1 0.354167 0.093519 0.018750 0.038889
4 0.357292 0.130093 0.015625 0.017593
1 0.380990 0.080556 0.021354 0.038889
3 0.392188 0.131019 0.015625 0.012037
1 0.432292 0.031944 0.015625 0.034259
4 0.434115 0.068519 0.017188 0.014815
4 0.433594 0.118056 0.017188 0.021296
1 0.436719 0.091667 0.020313 0.037037
1 0.469792 0.030556 0.016667 0.033333
1 0.479167 0.072685 0.020833 0.043519
4 0.481771 0.106944 0.019792 0.023148
4 0.465365 0.060648 0.017188 0.017593
1 0.509115 0.020833 0.018229 0.030556
1 0.546094 0.029167 0.017188 0.034259
6 0.542188 0.067593 0.025000 0.022222
1 0.594792 0.044444 0.017708 0.037037
1 0.641667 0.041667 0.016667 0.035185
1 0.654167 0.078241 0.019792 0.041667
1 0.649219 0.128241 0.023438 0.049074
3 0.645573 0.205556 0.015104 0.020370
1 0.702865 0.153241 0.022396 0.045370
2 0.566146 0.168056 0.026042 0.043519
1 0.399740 0.218056 0.030729 0.058333
4 0.399740 0.276852 0.026562 0.025926
2 0.466667 0.205556 0.030208 0.051852
3 0.466667 0.280556 0.013542 0.024074
1 0.538021 0.231019 0.028125 0.054630
1 0.529167 0.281019 0.020833 0.028704
2 0.696615 0.205556 0.026562 0.048148
3 0.701042 0.304167 0.015625 0.025000
1 0.761719 0.242593 0.027604 0.057407
4 0.758594 0.318519 0.023438 0.027778
1 0.788021 0.374537 0.026042 0.056481
4 0.782292 0.422685 0.021875 0.030556
3 0.727865 0.435185 0.014063 0.031481
1 0.732292 0.379167 0.031250 0.067593
0 0.659115 0.320833 0.032813 0.069444
6 0.663542 0.431019 0.035417 0.049074
1 0.593490 0.330556 0.030729 0.064815
4 0.593490 0.406019 0.020313 0.030556
4 0.827865 0.604630 0.022396 0.040741
4 0.758594 0.587500 0.026562 0.043519
4 0.675521 0.605093 0.033333 0.036111
1 0.680990 0.504630 0.041146 0.077778
1 0.771615 0.529167 0.036979 0.067593
1 0.830990 0.527778 0.036979 0.072222
8 0.092188 0.723611 0.064583 0.169444
8 0.152344 0.717130 0.096354 0.195370
1 0.077865 0.693056 0.031771 0.073148
4 0.079167 0.778241 0.020833 0.028704
1 0.125521 0.663889 0.037500 0.085185
6 0.126042 0.818519 0.030208 0.075926
1 0.923698 0.468519 0.024479 0.057407
4 0.865365 0.386574 0.018229 0.030556
4 0.903646 0.393056 0.016667 0.021296
1 0.872917 0.343519 0.023958 0.050000
1 0.904167 0.338889 0.021875 0.051852
1 0.822396 0.159722 0.020833 0.043519
2 0.796615 0.143056 0.023438 0.043519
1 0.755990 0.066204 0.014063 0.034259
1 0.740365 0.062500 0.016146 0.030556
4 0.746615 0.103704 0.010937 0.016667
1 0.746615 0.035648 0.014063 0.030556
1 0.713542 0.021759 0.016667 0.030556
2 0.140365 0.574537 0.035937 0.052778
2 0.191146 0.515278 0.035417 0.060185
2 0.264062 0.475463 0.041667 0.075000
4 0.188542 0.584259 0.023958 0.035185
4 0.253385 0.595833 0.022396 0.032407
2 0.409896 0.487500 0.046875 0.075000
1 0.193490 0.379167 0.029687 0.052778
1 0.252344 0.366204 0.030729 0.052778
1 0.317188 0.345833 0.032292 0.065741
4 0.193750 0.424074 0.018750 0.027778
4 0.255990 0.418056 0.027604 0.032407
4 0.315365 0.402778 0.032813 0.035185
