8 0.140365 0.324537 0.046354 0.093519
5 0.119792 0.404167 0.027083 0.026852
5 0.132292 0.374074 0.034375 0.033333
8 0.152865 0.242593 0.042188 0.075926
5 0.179948 0.202315 0.016146 0.021296
5 0.217188 0.192130 0.019792 0.023148
8 0.193490 0.166204 0.033854 0.060185
8 0.226562 0.164352 0.038542 0.062037
8 0.210938 0.118981 0.031250 0.056481
8 0.245312 0.110185 0.035417 0.055556
8 0.276042 0.067130 0.041667 0.052778
9 0.354167 0.107407 0.043750 0.062963
9 0.437240 0.107407 0.045312 0.048148
5 0.389844 0.139815 0.017188 0.016667
5 0.357292 0.141667 0.018750 0.020370
8 0.396615 0.094907 0.042188 0.069444
8 0.392188 0.043056 0.038542 0.065741
8 0.432292 0.045833 0.039583 0.058333
8 0.470313 0.043056 0.037500 0.054630
8 0.481250 0.082407 0.050000 0.079630
8 0.510417 0.042130 0.032292 0.052778
8 0.546615 0.043056 0.042188 0.060185
9 0.567969 0.094444 0.045312 0.066667
5 0.492969 0.129630 0.020313 0.022222
5 0.533594 0.127315 0.019271 0.021296
8 0.591146 0.044444 0.040625 0.061111
8 0.637240 0.048611 0.038021 0.056481
5 0.613542 0.129630 0.018750 0.022222
8 0.653646 0.096296 0.043750 0.085185
8 0.705990 0.170370 0.060937 0.088889
8 0.651042 0.144907 0.050000 0.097222
9 0.572917 0.157407 0.060417 0.096296
3 0.635938 0.207870 0.012500 0.019444
5 0.511198 0.196296 0.024479 0.027778
5 0.418490 0.202315 0.022396 0.026852
8 0.402865 0.243981 0.073438 0.102778
8 0.467187 0.248611 0.054167 0.078704
5 0.396094 0.293519 0.030729 0.024074
9 0.529167 0.243056 0.077083 0.100926
5 0.529167 0.297685 0.030208 0.032407
8 0.696615 0.260648 0.059896 0.106481
5 0.710417 0.311574 0.041667 0.034259
8 0.753646 0.272222 0.060417 0.122222
8 0.775000 0.385185 0.056250 0.105556
9 0.719792 0.393519 0.063542 0.107407
8 0.657813 0.356019 0.064583 0.145370
8 0.589323 0.356019 0.078646 0.149074
5 0.460938 0.407870 0.039583 0.037963
5 0.531771 0.418981 0.030208 0.047222
5 0.369792 0.425926 0.037500 0.038889
8 0.322917 0.368056 0.085417 0.106481
9 0.251563 0.379167 0.059375 0.117593
9 0.200521 0.383333 0.060417 0.105556
9 0.148698 0.545833 0.074479 0.095370
5 0.134115 0.607870 0.027604 0.050926
5 0.183333 0.607407 0.034375 0.055556
8 0.210417 0.530556 0.059375 0.133333
8 0.260937 0.533333 0.082292 0.155556
8 0.430469 0.504167 0.075521 0.145370
8 0.672135 0.533333 0.088021 0.181481
5 0.694792 0.624074 0.035417 0.055556
9 0.820573 0.537963 0.071354 0.153704
8 0.966667 0.706019 0.064583 0.119444
4 0.983594 0.756019 0.017188 0.034259
5 0.988542 0.766667 0.017708 0.050000
8 0.902865 0.492593 0.067187 0.116667
9 0.857812 0.353241 0.055208 0.084259
8 0.899740 0.356019 0.041146 0.099074
8 0.787240 0.179167 0.047396 0.078704
8 0.821615 0.185648 0.029687 0.071296
8 0.732292 0.081481 0.037500 0.068519
8 0.710938 0.037037 0.030208 0.064815
5 0.921094 0.541204 0.024479 0.047222
5 0.455469 0.202315 0.028646 0.028704
8 0.092188 0.726389 0.060417 0.173148
8 0.142969 0.764815 0.104688 0.222222
5 0.124740 0.818056 0.029687 0.063889
5 0.288542 0.302778 0.027083 0.037037
8 0.751563 0.534722 0.077083 0.115741
5 0.764844 0.605556 0.033854 0.062963
8 0.758594 0.120370 0.045312 0.077778
8 0.743490 0.044907 0.030729 0.052778
1 0.129688 0.306481 0.021875 0.048148
1 0.144792 0.229630 0.017708 0.040741
1 0.188542 0.155093 0.017708 0.032407
1 0.218490 0.155556 0.016146 0.040741
1 0.205469 0.110185 0.017188 0.031481
1 0.240365 0.098611 0.017188 0.030556
4 0.238021 0.131019 0.014583 0.017593
1 0.272917 0.056481 0.014583 0.033333
4 0.271615 0.086574 0.014063 0.017593
1 0.276823 0.026389 0.015104 0.030556
2 0.393490 0.029630 0.021354 0.035185
1 0.354167 0.096759 0.018750 0.039815
1 0.396615 0.082870 0.022396 0.041667
1 0.442188 0.105093 0.021875 0.039815
1 0.431771 0.033333 0.016667 0.033333
1 0.468490 0.033333 0.017188 0.035185
2 0.486719 0.065741 0.023438 0.042593
4 0.356250 0.130556 0.015625 0.018519
4 0.390365 0.124074 0.018229 0.020370
4 0.429688 0.125463 0.014583 0.025000
1 0.443490 0.105093 0.021354 0.037963
4 0.434375 0.068519 0.018750 0.014815
4 0.486719 0.113426 0.017188 0.019444
5 0.476823 0.128241 0.019271 0.021296
1 0.513021 0.031944 0.015625 0.034259
5 0.514062 0.069907 0.028125 0.015741
1 0.546615 0.032870 0.017188 0.037963
6 0.544792 0.068056 0.026042 0.021296
1 0.596615 0.035185 0.020313 0.044444
1 0.640365 0.040741 0.018229 0.037037
5 0.610938 0.075926 0.017708 0.018519
1 0.568490 0.085648 0.020313 0.043519
1 0.654167 0.075463 0.020833 0.043519
1 0.705469 0.155093 0.023438 0.052778
4 0.705469 0.199074 0.023438 0.029630
5 0.667188 0.204630 0.040625 0.029630
1 0.652865 0.120833 0.023438 0.043519
1 0.572917 0.136111 0.026042 0.046296
6 0.579688 0.195370 0.034375 0.040741
3 0.551042 0.205556 0.012500 0.020370
1 0.537760 0.232407 0.027604 0.053704
1 0.467969 0.237963 0.026562 0.055556
1 0.398438 0.223148 0.028125 0.061111
4 0.399219 0.280093 0.028646 0.028704
4 0.463542 0.280556 0.021875 0.029630
4 0.529167 0.282407 0.023958 0.035185
2 0.360938 0.181944 0.029167 0.054630
8 0.351562 0.219907 0.060417 0.132407
5 0.351562 0.306019 0.027083 0.047222
1 0.194271 0.379167 0.027083 0.054630
1 0.246094 0.375463 0.029687 0.054630
1 0.314583 0.350926 0.031250 0.066667
4 0.193490 0.422685 0.018229 0.023148
4 0.253646 0.429630 0.025000 0.027778
4 0.312760 0.401852 0.032813 0.031481
1 0.594792 0.329167 0.033333 0.065741
0 0.659896 0.320833 0.033333 0.071296
4 0.594792 0.406481 0.022917 0.031481
4 0.664062 0.417593 0.023958 0.033333
5 0.663542 0.437963 0.032292 0.031481
7 0.728125 0.397222 0.037500 0.059259
1 0.788542 0.374537 0.027083 0.058333
4 0.781771 0.422685 0.020833 0.030556
4 0.698698 0.300000 0.021354 0.031481
1 0.704688 0.243056 0.029167 0.050926
1 0.760938 0.241204 0.029167 0.058333
4 0.759115 0.316667 0.026562 0.029630
1 0.838542 0.530093 0.035417 0.069444
1 0.774219 0.536111 0.030729 0.068519
1 0.684635 0.494444 0.039062 0.085185
4 0.674219 0.603241 0.035937 0.036111
4 0.759115 0.588426 0.026562 0.043519
4 0.830990 0.603704 0.023438 0.033333
5 0.826042 0.607870 0.034375 0.056481
1 0.419792 0.477778 0.036458 0.083333
4 0.421615 0.553241 0.031771 0.036111
5 0.423698 0.600926 0.059896 0.068519
1 0.249219 0.496759 0.032813 0.075000
4 0.243490 0.594907 0.029687 0.034259
1 0.205208 0.498611 0.028125 0.069444
4 0.205990 0.579167 0.024479 0.034259
1 0.134115 0.548611 0.030729 0.062037
4 0.139063 0.590741 0.019792 0.046296
1 0.082292 0.693519 0.032292 0.074074
4 0.077865 0.778704 0.023438 0.029630
1 0.109115 0.696296 0.035937 0.077778
6 0.141667 0.837037 0.032292 0.072222
1 0.640365 0.696296 0.042188 0.077778
8 0.651823 0.720833 0.119271 0.141667
5 0.711719 0.818519 0.051562 0.083333
4 0.926042 0.536574 0.019792 0.019444
1 0.922917 0.466204 0.023958 0.058333
1 0.874219 0.340741 0.024479 0.053704
1 0.904687 0.337037 0.022917 0.053704
4 0.865885 0.389815 0.018229 0.027778
4 0.901563 0.395370 0.017708 0.025926
1 0.821615 0.170833 0.018229 0.041667
1 0.800521 0.162037 0.022917 0.042593
3 0.792188 0.229167 0.015625 0.015741
5 0.719792 0.218519 0.020833 0.022222
8 0.799740 0.127778 0.041146 0.059259
1 0.807292 0.117130 0.017708 0.036111
1 0.769271 0.105093 0.020833 0.043519
4 0.770312 0.147685 0.017708 0.019444
1 0.742188 0.065741 0.016667 0.033333
2 0.764844 0.051852 0.017188 0.031481
1 0.746615 0.034259 0.014063 0.031481
1 0.714063 0.020833 0.016667 0.034259
8 0.766667 0.068519 0.032292 0.062963
