8 0.137240 0.343056 0.052604 0.086111
5 0.119792 0.404167 0.027083 0.026852
6 0.129688 0.376389 0.029167 0.036111
8 0.152865 0.240741 0.042188 0.079630
5 0.179948 0.202315 0.016146 0.021296
5 0.217188 0.192130 0.019792 0.023148
8 0.193490 0.166204 0.033854 0.060185
8 0.227865 0.167130 0.039062 0.062037
8 0.210417 0.118056 0.031250 0.056481
8 0.244792 0.111111 0.033333 0.055556
8 0.285417 0.056019 0.032292 0.063889
5 0.269792 0.093056 0.015625 0.015741
9 0.353125 0.105556 0.043750 0.066667
9 0.435417 0.101389 0.045833 0.060185
5 0.390625 0.135648 0.018750 0.019444
5 0.357292 0.140741 0.018750 0.020370
8 0.393490 0.097222 0.045312 0.081481
9 0.396615 0.053704 0.034896 0.053704
8 0.432292 0.048611 0.040625 0.056481
8 0.469792 0.043519 0.036458 0.055556
8 0.477865 0.080556 0.050521 0.075926
8 0.509115 0.039815 0.040104 0.061111
8 0.546615 0.042130 0.044271 0.065741
9 0.571615 0.093519 0.049479 0.072222
5 0.492969 0.129630 0.020313 0.022222
5 0.533594 0.127315 0.019271 0.021296
5 0.575521 0.128241 0.021875 0.021296
9 0.590365 0.054167 0.039062 0.052778
8 0.637240 0.050463 0.038021 0.056481
5 0.613542 0.129630 0.018750 0.022222
8 0.653646 0.095833 0.044792 0.087963
8 0.701042 0.168981 0.058333 0.084259
8 0.648438 0.148611 0.050000 0.093519
8 0.574740 0.156481 0.053646 0.090741
5 0.621615 0.204630 0.023438 0.025926
5 0.663542 0.204167 0.025000 0.028704
5 0.510938 0.196759 0.023958 0.030556
5 0.418490 0.202315 0.022396 0.026852
5 0.351042 0.207870 0.023958 0.030556
8 0.402344 0.240278 0.073438 0.102778
5 0.287240 0.293056 0.025521 0.030556
8 0.470313 0.243519 0.057292 0.075926
5 0.396094 0.293056 0.031771 0.021296
8 0.529167 0.243056 0.077083 0.097222
5 0.529167 0.298611 0.030208 0.030556
8 0.693490 0.242593 0.066146 0.112963
5 0.710417 0.310648 0.044792 0.032407
8 0.754167 0.271759 0.063542 0.119444
9 0.774219 0.384722 0.053646 0.106481
9 0.719792 0.381019 0.064583 0.095370
5 0.727865 0.440741 0.027604 0.044444
8 0.657813 0.356019 0.064583 0.145370
8 0.589323 0.356019 0.078646 0.149074
5 0.460417 0.406019 0.039583 0.039815
5 0.531771 0.419444 0.030208 0.050000
5 0.369792 0.425463 0.038542 0.037963
8 0.322917 0.367130 0.085417 0.106481
9 0.252865 0.368519 0.064062 0.112963
9 0.199740 0.384259 0.060937 0.105556
8 0.147396 0.555556 0.075000 0.131481
5 0.132292 0.617593 0.023958 0.038889
5 0.184375 0.606019 0.034375 0.058333
8 0.213542 0.518519 0.066667 0.155556
8 0.279167 0.493056 0.087500 0.175000
8 0.424219 0.516667 0.085938 0.175926
4 0.406771 0.591667 0.026042 0.048148
6 0.435417 0.598611 0.035417 0.080556
8 0.674219 0.531481 0.088021 0.181481
5 0.694792 0.624074 0.033333 0.055556
8 0.751563 0.540741 0.078125 0.118519
5 0.765365 0.605556 0.032813 0.061111
9 0.815365 0.543519 0.075521 0.166667
8 0.966667 0.707870 0.064583 0.119444
4 0.983594 0.756019 0.017188 0.034259
5 0.988542 0.766667 0.017708 0.050000
8 0.902865 0.492593 0.067187 0.116667
9 0.855990 0.355093 0.057813 0.084259
8 0.899740 0.356019 0.041146 0.099074
8 0.778646 0.161111 0.048958 0.094444
8 0.818490 0.180556 0.034896 0.072222
8 0.763542 0.080556 0.030208 0.061111
8 0.732292 0.080556 0.037500 0.068519
8 0.713021 0.035648 0.028125 0.067593
5 0.921094 0.541204 0.024479 0.047222
1 0.144271 0.223611 0.020833 0.043519
1 0.187240 0.153704 0.016146 0.033333
1 0.219792 0.155556 0.020833 0.040741
1 0.205469 0.109259 0.017188 0.031481
1 0.237240 0.102315 0.015104 0.036111
4 0.204167 0.136574 0.016667 0.019444
4 0.238542 0.129630 0.017708 0.016667
3 0.267188 0.093056 0.008333 0.012037
2 0.279167 0.043056 0.017708 0.034259
1 0.392969 0.044444 0.017188 0.035185
1 0.354167 0.093056 0.019792 0.039815
4 0.355990 0.131019 0.015104 0.017593
1 0.380990 0.081019 0.022396 0.041667
1 0.432292 0.031481 0.016667 0.033333
4 0.434375 0.068056 0.018750 0.015741
3 0.391667 0.131019 0.016667 0.012037
1 0.439063 0.093519 0.021875 0.040741
4 0.434115 0.118519 0.018229 0.022222
2 0.480990 0.068056 0.022396 0.043519
4 0.477344 0.111111 0.017188 0.018519
1 0.470313 0.031019 0.016667 0.034259
1 0.513542 0.025000 0.015625 0.031481
1 0.544792 0.031019 0.018750 0.036111
5 0.543490 0.070833 0.028646 0.019444
1 0.569271 0.081019 0.020833 0.041667
1 0.594792 0.044444 0.019792 0.038889
5 0.610417 0.078704 0.020833 0.016667
1 0.641667 0.041204 0.017708 0.037963
1 0.654167 0.078241 0.020833 0.041667
1 0.702865 0.153704 0.023438 0.046296
1 0.652865 0.129167 0.023438 0.049074
3 0.644792 0.205556 0.017708 0.022222
0 0.568490 0.141204 0.025521 0.050926
3 0.553646 0.205093 0.012500 0.021296
5 0.456771 0.204630 0.031250 0.031481
1 0.401042 0.218056 0.028125 0.060185
4 0.399740 0.275463 0.027604 0.025000
1 0.466667 0.240278 0.030208 0.054630
1 0.535417 0.230093 0.029167 0.058333
4 0.527865 0.280556 0.023438 0.031481
4 0.463021 0.281019 0.020833 0.030556
2 0.701042 0.216667 0.027083 0.051852
3 0.702344 0.304167 0.015104 0.023148
1 0.760938 0.243056 0.028125 0.058333
1 0.785417 0.372222 0.026042 0.055556
1 0.732292 0.379167 0.032292 0.067593
3 0.727865 0.435185 0.014063 0.031481
4 0.782813 0.420833 0.022917 0.030556
0 0.660417 0.318519 0.031250 0.070370
6 0.663542 0.429167 0.033333 0.050926
1 0.594271 0.331019 0.031250 0.063889
4 0.593750 0.405556 0.021875 0.031481
1 0.317188 0.344444 0.031250 0.062963
1 0.252865 0.368519 0.028646 0.053704
4 0.317448 0.397685 0.030729 0.030556
4 0.193490 0.425463 0.019271 0.025000
1 0.193490 0.378241 0.028646 0.052778
2 0.201042 0.474537 0.035417 0.069444
4 0.138021 0.598611 0.025000 0.043519
1 0.135417 0.530093 0.028125 0.063889
1 0.276042 0.452778 0.034375 0.070370
3 0.259896 0.604630 0.017708 0.037037
2 0.410938 0.468981 0.045833 0.078704
4 0.675521 0.605556 0.033333 0.037037
4 0.759115 0.591204 0.029687 0.043519
4 0.826042 0.602315 0.019792 0.034259
1 0.682813 0.506019 0.036458 0.076852
1 0.771615 0.531019 0.034896 0.067593
1 0.833594 0.523611 0.034896 0.069444
1 0.079167 0.691204 0.034375 0.075000
1 0.118490 0.665278 0.040104 0.084259
8 0.094792 0.724074 0.069792 0.168519
8 0.148438 0.712500 0.101042 0.180556
4 0.079167 0.779630 0.021875 0.031481
5 0.126042 0.818519 0.030208 0.068519
4 0.924219 0.535648 0.019271 0.021296
1 0.924219 0.469444 0.026562 0.059259
1 0.873698 0.343519 0.021354 0.050000
1 0.905469 0.338426 0.021354 0.050926
4 0.865365 0.386111 0.017188 0.031481
4 0.903646 0.393056 0.017708 0.023148
1 0.826042 0.168519 0.017708 0.040741
3 0.791667 0.229167 0.014583 0.017593
1 0.792969 0.134722 0.021354 0.043519
1 0.803646 0.117593 0.015625 0.038889
1 0.755990 0.068056 0.015104 0.032407
1 0.740365 0.061574 0.017188 0.030556
1 0.746615 0.033333 0.014063 0.031481
1 0.717448 0.020833 0.016146 0.030556
