8 0.140365 0.337963 0.055729 0.081481
5 0.119792 0.404167 0.027083 0.026852
5 0.133594 0.373611 0.034896 0.032407
8 0.151042 0.243056 0.045833 0.076852
5 0.179948 0.202315 0.016146 0.021296
5 0.217188 0.192130 0.019792 0.023148
8 0.193490 0.166204 0.033854 0.060185
8 0.226042 0.162963 0.039583 0.055556
8 0.210417 0.118056 0.031250 0.056481
8 0.247396 0.111111 0.034375 0.055556
9 0.274740 0.069444 0.040104 0.048148
5 0.269792 0.093056 0.015625 0.015741
9 0.354167 0.108333 0.044792 0.064815
9 0.437240 0.107870 0.045312 0.049074
5 0.389844 0.137963 0.017188 0.018519
5 0.357292 0.140741 0.017708 0.018519
9 0.394271 0.100463 0.046875 0.075000
8 0.392188 0.048611 0.040625 0.058333
8 0.432292 0.044444 0.040625 0.064815
8 0.470313 0.043056 0.037500 0.054630
8 0.480990 0.090278 0.048438 0.067593
9 0.510938 0.044907 0.031250 0.047222
8 0.546615 0.043981 0.042188 0.056481
5 0.492969 0.129630 0.020313 0.022222
5 0.533594 0.127315 0.019271 0.021296
9 0.591667 0.044444 0.044792 0.057407
5 0.613542 0.129630 0.018750 0.022222
8 0.653646 0.097685 0.045833 0.082407
8 0.704688 0.170370 0.059375 0.085185
8 0.654167 0.155093 0.044792 0.095370
9 0.573698 0.156019 0.058854 0.095370
5 0.510938 0.196759 0.023958 0.026852
5 0.418490 0.202315 0.022396 0.026852
8 0.402865 0.243056 0.073438 0.099074
8 0.468490 0.243519 0.054688 0.087037
5 0.394792 0.294444 0.030208 0.024074
8 0.529167 0.237500 0.077083 0.106481
5 0.529167 0.298148 0.030208 0.031481
8 0.697396 0.261574 0.060417 0.106481
5 0.709896 0.311111 0.042708 0.031481
8 0.754948 0.272222 0.059896 0.118519
9 0.773438 0.386574 0.058333 0.106481
9 0.721875 0.396296 0.068750 0.120370
8 0.657813 0.356019 0.064583 0.145370
8 0.587240 0.356019 0.078646 0.149074
5 0.460938 0.406481 0.039583 0.038889
5 0.531771 0.418519 0.030208 0.050000
5 0.369792 0.425926 0.037500 0.038889
8 0.322917 0.367130 0.085417 0.106481
9 0.253646 0.378704 0.059375 0.114815
9 0.201563 0.385185 0.060417 0.105556
9 0.149219 0.556019 0.073438 0.108333
5 0.184375 0.607407 0.034375 0.055556
8 0.213542 0.511574 0.063542 0.139815
8 0.272917 0.534259 0.082292 0.148148
8 0.429688 0.504630 0.076042 0.155556
8 0.672917 0.532407 0.089583 0.179630
5 0.694792 0.623611 0.035417 0.054630
9 0.818490 0.537963 0.074479 0.155556
8 0.966667 0.706019 0.064583 0.119444
4 0.983594 0.756019 0.017188 0.034259
5 0.988542 0.766667 0.017708 0.050000
8 0.902865 0.492593 0.067187 0.116667
9 0.859115 0.353241 0.054688 0.087963
8 0.899740 0.356944 0.042188 0.102778
9 0.788542 0.181944 0.050000 0.071296
8 0.822396 0.188889 0.028125 0.074074
8 0.732812 0.080556 0.037500 0.068519
8 0.713542 0.039352 0.030208 0.063889
5 0.921094 0.541204 0.024479 0.047222
5 0.455469 0.202315 0.028646 0.028704
8 0.091146 0.726389 0.060417 0.173148
8 0.152865 0.700926 0.104688 0.211111
5 0.125521 0.818519 0.029167 0.064815
5 0.288021 0.304167 0.026042 0.034259
8 0.750521 0.531481 0.075000 0.114815
5 0.763542 0.606019 0.034375 0.058333
8 0.760417 0.120370 0.044792 0.077778
8 0.744271 0.045833 0.029167 0.054630
1 0.123438 0.324074 0.020833 0.044444
1 0.143490 0.229630 0.019271 0.040741
1 0.188021 0.154630 0.015625 0.031481
1 0.217969 0.155556 0.016146 0.040741
1 0.204687 0.110185 0.015625 0.031481
1 0.238542 0.099074 0.015625 0.031481
4 0.238021 0.130093 0.014583 0.013889
3 0.271615 0.091204 0.008854 0.012037
1 0.270313 0.065741 0.015625 0.031481
1 0.276042 0.028704 0.014583 0.033333
8 0.282292 0.034722 0.029167 0.049074
1 0.392969 0.039352 0.017188 0.037963
1 0.354167 0.096759 0.018750 0.037963
1 0.382292 0.087500 0.022917 0.043519
1 0.431250 0.032407 0.015625 0.033333
4 0.429688 0.124074 0.015625 0.027778
4 0.355990 0.130093 0.016146 0.017593
4 0.387240 0.129167 0.021354 0.017593
1 0.443490 0.105556 0.022396 0.038889
4 0.434115 0.068056 0.019271 0.015741
1 0.469792 0.034259 0.016667 0.031481
1 0.480990 0.078704 0.021354 0.040741
5 0.476042 0.127778 0.018750 0.022222
4 0.485417 0.113889 0.015625 0.018519
1 0.512240 0.040278 0.018229 0.032407
5 0.514062 0.069444 0.026042 0.014815
1 0.544792 0.035185 0.017708 0.031481
6 0.544792 0.068519 0.028125 0.022222
1 0.596094 0.038889 0.020313 0.038889
5 0.609115 0.076389 0.019271 0.019444
8 0.635938 0.049537 0.037500 0.056481
1 0.638542 0.039815 0.017708 0.035185
1 0.654167 0.078241 0.020833 0.041667
1 0.568490 0.085648 0.021354 0.043519
9 0.568490 0.095370 0.045312 0.066667
1 0.571615 0.133796 0.025521 0.049074
0 0.652344 0.131019 0.022396 0.045370
6 0.584115 0.190741 0.024479 0.031481
3 0.551042 0.205556 0.011458 0.020370
1 0.705469 0.156019 0.023438 0.050926
4 0.660417 0.190741 0.015625 0.024074
4 0.705990 0.201852 0.023438 0.024074
5 0.667969 0.206019 0.041146 0.023148
5 0.719792 0.218056 0.021875 0.019444
1 0.761719 0.242593 0.027604 0.057407
1 0.705469 0.243056 0.026562 0.050926
4 0.699219 0.302778 0.020313 0.024074
4 0.759375 0.318519 0.025000 0.027778
0 0.534896 0.216204 0.027083 0.058333
4 0.529167 0.282407 0.022917 0.031481
1 0.469271 0.227315 0.026042 0.052778
4 0.462500 0.280556 0.021875 0.027778
4 0.399219 0.279167 0.026562 0.025000
5 0.351042 0.306019 0.027083 0.045370
1 0.398438 0.220833 0.029167 0.060185
1 0.351042 0.190741 0.025000 0.057407
8 0.348698 0.231019 0.066146 0.141667
1 0.194271 0.377778 0.026042 0.051852
1 0.246094 0.377778 0.026562 0.051852
1 0.315365 0.349537 0.029687 0.067593
4 0.193490 0.423611 0.019271 0.021296
4 0.252344 0.428241 0.028646 0.028704
4 0.314063 0.400000 0.031250 0.033333
1 0.595573 0.328241 0.033854 0.063889
0 0.659896 0.320833 0.030208 0.073148
4 0.593490 0.406481 0.023438 0.029630
4 0.664844 0.418056 0.024479 0.032407
7 0.728646 0.404167 0.038542 0.060185
1 0.788542 0.375463 0.027083 0.056481
1 0.838542 0.528704 0.035417 0.066667
4 0.830990 0.601389 0.023438 0.030556
5 0.825521 0.609259 0.035417 0.055556
4 0.761719 0.583333 0.022396 0.053704
1 0.771875 0.530556 0.034375 0.064815
1 0.684635 0.499537 0.036979 0.078704
4 0.676562 0.605093 0.033333 0.037963
1 0.422917 0.475000 0.037500 0.083333
4 0.426042 0.555556 0.033333 0.035185
5 0.423438 0.601389 0.060417 0.069444
1 0.263542 0.501389 0.035417 0.073148
4 0.260937 0.591667 0.029167 0.029630
1 0.199740 0.480556 0.032813 0.064815
4 0.143490 0.595370 0.019271 0.037037
1 0.134115 0.543981 0.029687 0.062037
4 0.079167 0.776389 0.023958 0.030556
1 0.081510 0.693981 0.033854 0.073148
1 0.121615 0.638889 0.039062 0.081481
5 0.144792 0.838889 0.037500 0.075926
1 0.671094 0.717593 0.042188 0.083333
8 0.645833 0.724074 0.128125 0.146296
5 0.712240 0.818519 0.052604 0.085185
4 0.925521 0.534722 0.018750 0.025000
1 0.922917 0.468519 0.026042 0.057407
1 0.873437 0.342593 0.023958 0.055556
1 0.904167 0.337500 0.020833 0.052778
4 0.866146 0.390278 0.017708 0.026852
4 0.902865 0.394907 0.019271 0.023148
1 0.821615 0.173148 0.019271 0.042593
1 0.801042 0.173148 0.022917 0.044444
3 0.792188 0.229167 0.015625 0.015741
8 0.801042 0.130093 0.043750 0.065741
1 0.768490 0.104630 0.020313 0.042593
1 0.807292 0.116204 0.017708 0.037963
4 0.771094 0.148148 0.016146 0.018519
1 0.742188 0.063889 0.018750 0.031481
1 0.773438 0.072685 0.017708 0.036111
1 0.746615 0.035185 0.015104 0.031481
1 0.717187 0.025000 0.015625 0.031481
