8 0.140365 0.328241 0.051562 0.086111
5 0.119792 0.404167 0.027083 0.026852
5 0.132292 0.374537 0.033333 0.032407
8 0.152865 0.242593 0.042188 0.075926
5 0.179948 0.202315 0.016146 0.021296
5 0.217188 0.192130 0.019792 0.023148
8 0.193490 0.166204 0.033854 0.060185
8 0.226042 0.165741 0.042708 0.061111
8 0.210938 0.118519 0.031250 0.057407
8 0.246094 0.111111 0.032813 0.055556
8 0.272917 0.063426 0.038542 0.056481
5 0.269792 0.093056 0.015625 0.015741
9 0.354167 0.108796 0.044792 0.063889
9 0.434115 0.100926 0.039062 0.055556
5 0.388542 0.139815 0.017708 0.016667
5 0.359115 0.140741 0.018229 0.018519
8 0.395313 0.089352 0.045833 0.087963
9 0.392188 0.056019 0.040625 0.056481
8 0.432292 0.045833 0.039583 0.058333
8 0.470313 0.043056 0.037500 0.052778
8 0.487240 0.085185 0.049479 0.079630
8 0.512240 0.039352 0.032813 0.056481
8 0.546615 0.042130 0.044271 0.065741
9 0.568490 0.095370 0.044271 0.070370
5 0.492969 0.129630 0.020313 0.022222
5 0.533594 0.127315 0.019271 0.021296
9 0.590365 0.053241 0.039062 0.052778
8 0.637240 0.049074 0.036979 0.057407
5 0.613542 0.129630 0.018750 0.022222
8 0.653646 0.099074 0.043750 0.085185
8 0.705990 0.170370 0.060937 0.085185
8 0.647396 0.156019 0.043750 0.108333
8 0.573438 0.153704 0.056250 0.092593
3 0.636198 0.208796 0.013021 0.019444
5 0.510417 0.198148 0.022917 0.029630
5 0.415365 0.200000 0.028646 0.031481
8 0.403125 0.243519 0.068750 0.094444
8 0.468490 0.242593 0.054688 0.081481
5 0.396094 0.293519 0.030729 0.024074
8 0.529167 0.243056 0.077083 0.100926
5 0.529167 0.298148 0.030208 0.031481
9 0.693490 0.262500 0.055729 0.093519
5 0.710938 0.313426 0.044792 0.036111
8 0.753125 0.268056 0.062500 0.125000
8 0.777344 0.372222 0.058854 0.096296
8 0.719792 0.360648 0.064583 0.132407
5 0.729688 0.439352 0.026042 0.039815
8 0.657813 0.360648 0.064583 0.143519
8 0.589323 0.356019 0.078646 0.149074
5 0.460938 0.406019 0.038542 0.039815
5 0.530990 0.421296 0.029687 0.050000
5 0.369792 0.425926 0.037500 0.038889
8 0.322917 0.368519 0.085417 0.120370
9 0.252344 0.377315 0.061979 0.115741
9 0.199740 0.382407 0.061979 0.105556
9 0.146615 0.550000 0.075521 0.105556
5 0.134115 0.608796 0.027604 0.050926
5 0.184375 0.605556 0.034375 0.055556
8 0.222917 0.493981 0.062500 0.171296
8 0.270313 0.536574 0.079167 0.143519
8 0.422396 0.512037 0.078125 0.166667
8 0.671615 0.532407 0.088021 0.181481
9 0.819792 0.534722 0.073958 0.156481
8 0.966667 0.706019 0.064583 0.119444
4 0.983594 0.756019 0.017188 0.034259
5 0.988542 0.766667 0.017708 0.050000
8 0.904167 0.489815 0.066667 0.116667
9 0.858333 0.351852 0.055208 0.088889
8 0.899740 0.358796 0.041146 0.100926
8 0.777865 0.164352 0.050521 0.087963
8 0.821094 0.181019 0.031771 0.082407
8 0.732292 0.080556 0.037500 0.068519
8 0.714063 0.034722 0.028125 0.056481
5 0.921094 0.541204 0.024479 0.047222
5 0.455469 0.202315 0.028646 0.028704
8 0.091146 0.726389 0.060417 0.173148
8 0.145313 0.759259 0.097917 0.225926
5 0.125521 0.818519 0.029167 0.066667
5 0.288542 0.302778 0.027083 0.037037
8 0.751563 0.536574 0.075000 0.119444
5 0.763542 0.606481 0.035417 0.055556
8 0.758073 0.118056 0.041146 0.076852
8 0.743490 0.045833 0.030729 0.056481
1 0.128646 0.310185 0.021875 0.044444
1 0.144271 0.227778 0.018750 0.038889
1 0.189323 0.153704 0.018229 0.031481
1 0.216667 0.154167 0.016667 0.041667
1 0.206250 0.110648 0.015625 0.030556
1 0.239063 0.100926 0.016667 0.031481
4 0.240365 0.131019 0.017188 0.017593
2 0.263021 0.053241 0.017708 0.032407
3 0.266667 0.093056 0.007292 0.010185
1 0.394010 0.043981 0.017188 0.036111
1 0.355469 0.095370 0.019271 0.037037
1 0.398438 0.086111 0.021875 0.044444
1 0.434115 0.093519 0.021354 0.038889
1 0.430990 0.032870 0.016146 0.034259
1 0.468490 0.032407 0.017188 0.031481
4 0.435417 0.068056 0.019792 0.015741
4 0.355990 0.130556 0.016146 0.018519
4 0.390365 0.125463 0.017188 0.019444
4 0.429688 0.120833 0.016667 0.019444
4 0.482812 0.115741 0.015625 0.020370
5 0.474740 0.126852 0.019271 0.024074
1 0.513542 0.031019 0.017708 0.036111
1 0.488542 0.068519 0.022917 0.042593
1 0.544792 0.032870 0.016667 0.036111
1 0.594792 0.044907 0.016667 0.037963
1 0.568490 0.085648 0.021354 0.041667
6 0.544792 0.068981 0.028125 0.021296
5 0.513542 0.068519 0.028125 0.020370
5 0.609115 0.079167 0.021354 0.017593
1 0.641146 0.041667 0.017708 0.035185
1 0.654167 0.077778 0.019792 0.042593
4 0.660417 0.130556 0.015625 0.020370
1 0.705990 0.156481 0.023438 0.050000
1 0.643490 0.128704 0.023438 0.050000
4 0.705990 0.202315 0.022396 0.023148
5 0.669271 0.205093 0.036458 0.030556
6 0.580990 0.198611 0.031771 0.041667
1 0.576823 0.132870 0.025521 0.052778
0 0.357292 0.186574 0.026042 0.056481
8 0.346615 0.220833 0.067187 0.126852
4 0.398438 0.278704 0.029167 0.027778
1 0.397396 0.228704 0.028125 0.061111
1 0.460417 0.227778 0.026042 0.053704
3 0.466667 0.283333 0.014583 0.025926
1 0.538021 0.228704 0.029167 0.055556
4 0.529167 0.281481 0.021875 0.029630
4 0.698438 0.302315 0.020833 0.026852
1 0.703646 0.243519 0.026042 0.051852
1 0.760938 0.241667 0.028125 0.061111
4 0.758594 0.317593 0.026562 0.029630
4 0.782813 0.418519 0.021875 0.035185
1 0.790365 0.354630 0.028646 0.055556
1 0.730990 0.331019 0.033854 0.069444
3 0.727344 0.434722 0.014063 0.030556
0 0.660417 0.324537 0.030208 0.069444
4 0.664844 0.418519 0.023438 0.031481
4 0.593490 0.405556 0.023438 0.029630
1 0.592187 0.331019 0.031250 0.062037
1 0.314063 0.343519 0.032292 0.064815
1 0.244792 0.375000 0.030208 0.055556
1 0.193490 0.380556 0.028646 0.053704
4 0.193490 0.425463 0.019271 0.025000
4 0.251563 0.428704 0.028125 0.029630
4 0.314063 0.408796 0.037500 0.034259
1 0.133594 0.539815 0.029687 0.062963
4 0.137240 0.597685 0.022396 0.043519
2 0.219792 0.443519 0.031250 0.062963
1 0.263542 0.500463 0.033333 0.075000
4 0.219792 0.543056 0.023958 0.030556
4 0.255990 0.594444 0.022396 0.027778
1 0.080990 0.690278 0.034896 0.073148
1 0.113542 0.693056 0.033333 0.080556
4 0.077865 0.780093 0.021354 0.030556
6 0.144792 0.840741 0.030208 0.074074
2 0.408594 0.472222 0.049479 0.075926
4 0.418490 0.572222 0.032813 0.038889
5 0.413542 0.605556 0.034375 0.057407
0 0.682813 0.492593 0.040625 0.085185
4 0.676042 0.605556 0.033333 0.037037
4 0.764844 0.580556 0.026562 0.031481
1 0.771094 0.512963 0.034896 0.068519
1 0.836198 0.525000 0.036979 0.068519
4 0.830469 0.599537 0.023438 0.030556
5 0.826042 0.608333 0.033333 0.055556
4 0.925521 0.535648 0.019792 0.021296
1 0.923438 0.465741 0.026042 0.057407
1 0.874740 0.341667 0.024479 0.050000
1 0.904167 0.336574 0.021875 0.052778
4 0.865365 0.390741 0.018229 0.029630
4 0.903646 0.395833 0.018750 0.023148
1 0.822917 0.164352 0.019792 0.039815
1 0.785417 0.141667 0.019792 0.040741
3 0.792188 0.230093 0.017708 0.017593
1 0.767188 0.102778 0.020833 0.042593
1 0.802865 0.114815 0.018229 0.040741
1 0.742188 0.066204 0.016667 0.032407
1 0.746094 0.035648 0.014063 0.030556
1 0.714063 0.022222 0.015625 0.031481
