8 0.130990 0.338426 0.061979 0.100926
5 0.119792 0.404167 0.027083 0.026852
5 0.132292 0.376852 0.033333 0.037037
8 0.152865 0.242593 0.042188 0.075926
5 0.179948 0.202315 0.016146 0.021296
5 0.217188 0.192130 0.019792 0.023148
8 0.193490 0.166204 0.033854 0.060185
8 0.225521 0.157870 0.038542 0.062037
8 0.210417 0.118056 0.031250 0.056481
8 0.244792 0.109722 0.033333 0.056481
8 0.281771 0.055556 0.033333 0.061111
5 0.269792 0.093056 0.015625 0.015741
9 0.354167 0.111574 0.043750 0.069444
9 0.436719 0.103241 0.040104 0.054630
5 0.391146 0.139815 0.017708 0.016667
5 0.358594 0.140741 0.017188 0.018519
9 0.397396 0.098611 0.042708 0.069444
9 0.392188 0.056481 0.040625 0.051852
8 0.432292 0.048611 0.040625 0.056481
8 0.470313 0.043056 0.037500 0.054630
8 0.480990 0.093056 0.053646 0.071296
8 0.510938 0.042130 0.035417 0.060185
8 0.546615 0.042130 0.044271 0.065741
9 0.567969 0.097222 0.042188 0.068519
5 0.493490 0.130093 0.019271 0.019444
5 0.533594 0.127315 0.019271 0.021296
9 0.590365 0.053241 0.039062 0.052778
8 0.638542 0.053241 0.038542 0.056481
5 0.613542 0.129630 0.018750 0.022222
8 0.654167 0.097685 0.044792 0.082407
8 0.706771 0.168519 0.060417 0.092593
8 0.651823 0.156019 0.049479 0.087963
8 0.580990 0.156019 0.077604 0.102778
3 0.635938 0.206019 0.012500 0.019444
5 0.510938 0.198611 0.023958 0.030556
5 0.418490 0.202315 0.022396 0.026852
8 0.404167 0.242593 0.069792 0.098148
8 0.469792 0.241667 0.057292 0.081481
5 0.396094 0.293519 0.030729 0.024074
8 0.529167 0.243056 0.076042 0.099074
5 0.529167 0.298148 0.029167 0.031481
8 0.672396 0.241667 0.091667 0.120370
5 0.710938 0.311111 0.044792 0.033333
8 0.752865 0.270833 0.064062 0.119444
8 0.776042 0.380556 0.058333 0.138889
9 0.720313 0.381019 0.064583 0.095370
5 0.729167 0.438889 0.027083 0.044444
8 0.659115 0.356944 0.064062 0.145370
8 0.587240 0.356944 0.078646 0.149074
5 0.460938 0.406019 0.038542 0.039815
5 0.531771 0.420833 0.029167 0.049074
5 0.369792 0.425926 0.037500 0.038889
8 0.322917 0.367130 0.085417 0.106481
9 0.252865 0.380556 0.059896 0.125926
9 0.201563 0.384722 0.060417 0.106481
9 0.148438 0.553241 0.076042 0.102778
5 0.134115 0.606019 0.027604 0.050926
5 0.184375 0.605556 0.034375 0.055556
8 0.223438 0.500000 0.062500 0.168519
8 0.271615 0.538889 0.082812 0.150000
8 0.420573 0.506019 0.078646 0.171296
8 0.671615 0.530556 0.088021 0.181481
9 0.818490 0.540741 0.079687 0.153704
8 0.966667 0.706019 0.064583 0.119444
4 0.983594 0.756019 0.017188 0.034259
5 0.988542 0.766667 0.017708 0.050000
8 0.902865 0.492593 0.067187 0.116667
9 0.857292 0.350000 0.054167 0.081481
8 0.900521 0.358796 0.042708 0.100926
8 0.790365 0.173611 0.042188 0.106481
8 0.822917 0.184722 0.030208 0.076852
8 0.732292 0.078704 0.037500 0.068519
8 0.713542 0.039352 0.030208 0.063889
5 0.921615 0.541204 0.024479 0.047222
5 0.455469 0.202315 0.028646 0.028704
8 0.091146 0.726389 0.060417 0.173148
8 0.144271 0.730556 0.105208 0.175926
5 0.125521 0.818519 0.031250 0.070370
5 0.288542 0.302778 0.027083 0.037037
8 0.750000 0.530556 0.075000 0.114815
5 0.763542 0.605556 0.036458 0.062963
8 0.758594 0.106944 0.042188 0.078704
8 0.743490 0.046759 0.030729 0.056481
2 0.121615 0.309722 0.023438 0.043519
1 0.144271 0.225000 0.020833 0.044444
1 0.188542 0.153241 0.017708 0.030556
1 0.216667 0.150463 0.017708 0.037963
1 0.205990 0.105556 0.016146 0.029630
1 0.238021 0.093981 0.015625 0.030556
4 0.239323 0.130093 0.016146 0.015741
2 0.274740 0.043519 0.018229 0.033333
3 0.266667 0.093981 0.006250 0.012037
5 0.371615 0.036574 0.014063 0.019444
1 0.392188 0.044907 0.015625 0.030556
1 0.352865 0.100926 0.019271 0.038889
1 0.391667 0.093981 0.022917 0.039815
4 0.355990 0.130556 0.014063 0.014815
4 0.391667 0.129167 0.019792 0.017593
4 0.434115 0.068056 0.019271 0.015741
4 0.427865 0.118056 0.018229 0.019444
1 0.434115 0.095370 0.019271 0.037037
1 0.431771 0.034722 0.017708 0.030556
1 0.480990 0.078241 0.023438 0.039815
4 0.480990 0.115741 0.020313 0.022222
1 0.468490 0.031481 0.016146 0.031481
1 0.510417 0.025463 0.017708 0.030556
1 0.543490 0.032407 0.018229 0.035185
6 0.542188 0.068981 0.026042 0.019444
1 0.594792 0.045833 0.017708 0.036111
4 0.597917 0.068519 0.017708 0.016667
1 0.569792 0.086574 0.019792 0.041667
5 0.611719 0.079167 0.022396 0.015741
1 0.641667 0.040741 0.017708 0.035185
1 0.654167 0.077778 0.019792 0.042593
2 0.705990 0.150000 0.024479 0.050000
2 0.649740 0.135185 0.023438 0.044444
6 0.615365 0.205093 0.020313 0.030556
6 0.571615 0.199074 0.024479 0.031481
1 0.351042 0.187963 0.026042 0.055556
8 0.350521 0.221296 0.064583 0.124074
1 0.399219 0.220370 0.029687 0.059259
4 0.399740 0.279167 0.026562 0.025000
1 0.465365 0.227778 0.025521 0.051852
3 0.466667 0.281019 0.014583 0.026852
1 0.537240 0.222222 0.027604 0.055556
4 0.527865 0.280556 0.023438 0.029630
1 0.194792 0.380093 0.026042 0.049074
1 0.244792 0.368056 0.027083 0.052778
1 0.316667 0.344907 0.031250 0.063889
4 0.193750 0.425926 0.018750 0.024074
4 0.251042 0.431019 0.027083 0.025000
4 0.316146 0.398611 0.034375 0.030556
1 0.593490 0.328241 0.032813 0.067593
0 0.661198 0.318981 0.031771 0.069444
1 0.732292 0.381019 0.029167 0.067593
2 0.687240 0.206019 0.025521 0.049074
3 0.702344 0.303704 0.014063 0.024074
4 0.594792 0.406019 0.019792 0.030556
6 0.663542 0.429167 0.035417 0.049074
3 0.728125 0.436111 0.015625 0.031481
1 0.761198 0.242593 0.028646 0.057407
4 0.707292 0.204167 0.021875 0.021296
1 0.782813 0.343519 0.026042 0.062963
4 0.782813 0.431019 0.020833 0.032407
4 0.827344 0.591667 0.026562 0.050000
1 0.837240 0.530556 0.035937 0.066667
1 0.769792 0.511111 0.034375 0.068519
0 0.690365 0.489352 0.044271 0.087963
4 0.680469 0.598148 0.026562 0.031481
4 0.757292 0.585648 0.029167 0.054630
2 0.701042 0.647685 0.045833 0.082407
8 0.682292 0.705556 0.113542 0.203704
1 0.079167 0.693519 0.033333 0.075926
1 0.114844 0.687963 0.039062 0.081481
4 0.079167 0.777778 0.022917 0.033333
4 0.135417 0.600926 0.021875 0.038889
1 0.132292 0.543519 0.028125 0.062963
1 0.214844 0.450463 0.027604 0.062037
1 0.262240 0.498611 0.035937 0.078704
4 0.216667 0.524074 0.026042 0.031481
4 0.262240 0.593056 0.029687 0.028704
5 0.362500 0.605556 0.037500 0.068519
4 0.395313 0.511111 0.028125 0.055556
1 0.418490 0.462500 0.043229 0.080556
1 0.923438 0.468519 0.023958 0.061111
4 0.924740 0.536574 0.017188 0.021296
5 0.864844 0.392593 0.022396 0.031481
3 0.867188 0.392593 0.014583 0.024074
1 0.904948 0.337500 0.021354 0.054630
4 0.903646 0.394907 0.016667 0.023148
1 0.822396 0.168519 0.017708 0.038889
1 0.797396 0.143519 0.020833 0.042593
3 0.792188 0.230093 0.015625 0.017593
1 0.767969 0.090741 0.020313 0.040741
6 0.765365 0.145833 0.022396 0.030556
1 0.741667 0.063426 0.018750 0.030556
1 0.745313 0.035185 0.013542 0.031481
1 0.715365 0.023148 0.016146 0.031481
2 0.577344 0.129167 0.024479 0.047222
