8 0.135417 0.343519 0.055208 0.088889
4 0.127865 0.374537 0.024479 0.030556
5 0.120313 0.404630 0.027083 0.027778
8 0.153646 0.242130 0.042708 0.076852
8 0.193490 0.165741 0.032813 0.064815
5 0.180469 0.200926 0.016146 0.024074
8 0.227344 0.166204 0.040104 0.062037
5 0.217188 0.192130 0.021875 0.025000
8 0.211198 0.118519 0.031771 0.053704
8 0.246094 0.106481 0.034896 0.061111
8 0.280469 0.060185 0.034896 0.055556
5 0.368490 0.039352 0.014063 0.019444
8 0.394792 0.052315 0.039583 0.062037
9 0.438542 0.106019 0.044792 0.049074
9 0.353646 0.107407 0.042708 0.062963
8 0.397396 0.099537 0.042708 0.069444
8 0.432292 0.045833 0.039583 0.056481
8 0.468490 0.038426 0.036979 0.062037
8 0.510938 0.041204 0.033333 0.056481
5 0.476042 0.129167 0.019792 0.025000
5 0.534375 0.128241 0.018750 0.023148
8 0.548438 0.039352 0.042708 0.065741
9 0.591146 0.043056 0.043750 0.058333
8 0.636719 0.043519 0.035937 0.064815
8 0.652865 0.093519 0.044271 0.085185
9 0.567969 0.093056 0.045312 0.062037
5 0.613542 0.129630 0.020833 0.024074
8 0.705990 0.168519 0.058854 0.083333
8 0.655990 0.168519 0.044271 0.088889
5 0.622917 0.203241 0.023958 0.030556
3 0.647917 0.206019 0.015625 0.019444
5 0.418490 0.198611 0.026562 0.030556
5 0.287240 0.303241 0.026562 0.036111
4 0.399740 0.280093 0.026562 0.026852
9 0.467448 0.231019 0.053646 0.095370
8 0.528646 0.228704 0.068750 0.122222
5 0.529167 0.294444 0.027083 0.037037
8 0.697917 0.259722 0.060417 0.106481
8 0.754167 0.268981 0.058333 0.119444
9 0.773438 0.382407 0.059375 0.105556
9 0.720313 0.393056 0.066667 0.110185
8 0.655990 0.355556 0.065104 0.155556
8 0.588542 0.355556 0.080208 0.146296
6 0.663542 0.431019 0.031250 0.045370
5 0.532292 0.418056 0.030208 0.052778
5 0.461719 0.406481 0.040104 0.044444
5 0.369792 0.422685 0.039583 0.043519
8 0.322396 0.368519 0.083333 0.109259
9 0.254167 0.376389 0.056250 0.112037
9 0.200000 0.390278 0.059375 0.097222
5 0.194792 0.604630 0.033333 0.061111
8 0.430990 0.503704 0.077604 0.144444
5 0.423438 0.603241 0.061458 0.069444
8 0.752865 0.535648 0.078646 0.117593
8 0.820573 0.543981 0.074479 0.180556
5 0.763542 0.606481 0.033333 0.055556
8 0.713542 0.031019 0.027083 0.052778
8 0.743490 0.042593 0.026562 0.044444
8 0.732292 0.079630 0.040625 0.064815
8 0.801042 0.130556 0.040625 0.064815
8 0.821615 0.186111 0.026562 0.068519
9 0.855469 0.353704 0.058854 0.081481
8 0.901042 0.355556 0.038542 0.111111
8 0.969271 0.706019 0.060417 0.097222
5 0.351042 0.305093 0.027083 0.047222
8 0.482292 0.091204 0.048958 0.062037
5 0.493490 0.129630 0.020313 0.024074
5 0.513542 0.068056 0.027083 0.019444
8 0.569792 0.159722 0.065625 0.080556
8 0.349740 0.227778 0.068229 0.120370
8 0.402865 0.243519 0.070312 0.096296
8 0.675000 0.533333 0.087500 0.181481
5 0.694792 0.627315 0.034375 0.058333
5 0.711719 0.818056 0.054688 0.093519
8 0.090365 0.756019 0.060937 0.225000
8 0.159896 0.741667 0.098958 0.151852
5 0.144792 0.839352 0.036458 0.075000
5 0.124740 0.818519 0.029687 0.059259
8 0.903646 0.491204 0.067708 0.113889
8 0.786719 0.180556 0.048438 0.075926
8 0.760938 0.119907 0.041667 0.076852
5 0.679688 0.207870 0.022917 0.030556
5 0.719271 0.216667 0.023958 0.029630
1 0.080990 0.698611 0.032813 0.080556
4 0.077865 0.780556 0.022396 0.035185
4 0.125521 0.791667 0.028125 0.042593
1 0.132292 0.718056 0.038542 0.080556
8 0.073438 0.568056 0.078125 0.189815
2 0.049219 0.506019 0.026562 0.062037
5 0.135417 0.605556 0.033333 0.059259
3 0.138021 0.606019 0.016667 0.043519
8 0.167969 0.486111 0.082812 0.205556
2 0.144271 0.426389 0.033333 0.076852
1 0.126042 0.327315 0.022917 0.049074
1 0.144271 0.227778 0.020833 0.042593
1 0.188542 0.150926 0.016667 0.031481
1 0.219792 0.156019 0.017708 0.037963
1 0.204167 0.108333 0.014583 0.031481
4 0.204167 0.136574 0.015625 0.019444
1 0.239063 0.094907 0.013542 0.030556
2 0.270313 0.043981 0.014583 0.026852
5 0.268490 0.093056 0.015104 0.017593
1 0.394271 0.041204 0.015625 0.030556
1 0.431771 0.031019 0.014583 0.032407
1 0.443490 0.105556 0.021354 0.035185
1 0.396615 0.093519 0.020313 0.042593
1 0.354167 0.094444 0.018750 0.035185
4 0.354167 0.130093 0.014583 0.017593
5 0.358594 0.141204 0.018229 0.021296
4 0.390365 0.125000 0.020313 0.018519
4 0.429948 0.123611 0.015104 0.030556
4 0.434896 0.068519 0.017708 0.016667
0 0.467969 0.022222 0.014063 0.031481
1 0.480990 0.078704 0.019271 0.038889
4 0.485417 0.115278 0.017708 0.019444
1 0.510417 0.030556 0.014583 0.031481
6 0.542969 0.068056 0.027604 0.028704
1 0.569271 0.085648 0.019792 0.041667
1 0.595313 0.035185 0.018750 0.042593
5 0.611719 0.075926 0.021354 0.018519
0 0.639323 0.031019 0.015104 0.032407
0 0.654167 0.068519 0.017708 0.038889
2 0.663542 0.143519 0.022917 0.040741
6 0.663542 0.203704 0.020833 0.025926
1 0.705990 0.154167 0.021354 0.043519
4 0.705469 0.199537 0.024479 0.019444
1 0.574219 0.143056 0.023438 0.045370
4 0.574740 0.191204 0.022396 0.021296
5 0.587240 0.206019 0.023438 0.025000
2 0.460938 0.212500 0.026042 0.056481
1 0.519792 0.193519 0.026042 0.057407
4 0.536719 0.282407 0.021354 0.031481
2 0.408594 0.226852 0.026562 0.053704
2 0.344792 0.193056 0.027083 0.050926
3 0.330469 0.301389 0.015104 0.023148
1 0.193490 0.379630 0.028646 0.050000
1 0.246615 0.378241 0.027604 0.049074
1 0.314844 0.350926 0.030729 0.061111
4 0.193490 0.423611 0.020313 0.019444
4 0.251823 0.423148 0.028646 0.031481
4 0.315365 0.402315 0.032813 0.034259
1 0.597917 0.326852 0.031250 0.062963
4 0.597917 0.413426 0.029167 0.036111
0 0.661719 0.317593 0.029687 0.072222
7 0.725521 0.400000 0.035417 0.055556
1 0.788542 0.376389 0.026042 0.052778
4 0.758073 0.316667 0.028646 0.027778
4 0.779167 0.418519 0.023958 0.029630
1 0.760938 0.241204 0.026042 0.056481
1 0.706771 0.241204 0.027083 0.049074
4 0.699219 0.300463 0.020313 0.030556
5 0.718490 0.310648 0.027604 0.041667
1 0.688542 0.506019 0.037500 0.076852
4 0.680469 0.605556 0.028646 0.037037
1 0.774740 0.530556 0.032813 0.066667
4 0.759896 0.585648 0.028125 0.054630
1 0.840365 0.518056 0.034896 0.063889
4 0.830990 0.599074 0.024479 0.031481
1 0.421094 0.473611 0.032813 0.080556
4 0.424219 0.555556 0.026562 0.037037
4 0.985938 0.752778 0.017708 0.042593
1 0.923438 0.468519 0.025000 0.055556
4 0.924740 0.534722 0.019271 0.019444
1 0.872917 0.343519 0.022917 0.050000
4 0.866667 0.387963 0.015625 0.031481
1 0.899740 0.321759 0.020313 0.043519
4 0.904167 0.393981 0.020833 0.028704
1 0.822396 0.169907 0.018750 0.039815
3 0.791667 0.230556 0.014583 0.016667
1 0.799740 0.161111 0.020313 0.044444
4 0.771094 0.146759 0.019271 0.019444
1 0.769792 0.106019 0.018750 0.039815
1 0.807292 0.116204 0.015625 0.036111
1 0.742188 0.062963 0.016667 0.031481
2 0.758073 0.056019 0.011979 0.023148
1 0.746615 0.032407 0.011979 0.031481
0 0.714844 0.018056 0.013021 0.028704
9 0.366667 0.021759 0.038542 0.041667
