4 0.135417 0.599537 0.018750 0.032407
5 0.134115 0.609722 0.025521 0.043519
1 0.130990 0.555556 0.025521 0.050000
9 0.145313 0.557407 0.069792 0.087037
3 0.194792 0.612037 0.020833 0.031481
5 0.197396 0.605556 0.032292 0.053704
2 0.182812 0.492593 0.027083 0.057407
8 0.203125 0.519444 0.065625 0.116667
4 0.237760 0.607407 0.019271 0.031481
5 0.255990 0.610648 0.027604 0.056481
2 0.255469 0.496759 0.033854 0.069444
8 0.273438 0.542130 0.089583 0.160185
2 0.371094 0.489815 0.029687 0.061111
8 0.359115 0.518056 0.072396 0.121296
3 0.336198 0.627315 0.018229 0.037963
3 0.406771 0.588426 0.016667 0.036111
5 0.427344 0.597685 0.060937 0.069444
1 0.414062 0.493981 0.031250 0.080556
8 0.427865 0.518056 0.081771 0.128704
4 0.685417 0.816204 0.041667 0.032407
5 0.729167 0.843519 0.051042 0.087037
1 0.702865 0.718519 0.036979 0.072222
8 0.678646 0.743056 0.123958 0.171296
5 0.691667 0.619907 0.036458 0.060185
5 0.762240 0.605556 0.032813 0.057407
5 0.834896 0.603241 0.033333 0.060185
2 0.649219 0.319444 0.035937 0.081481
4 0.612500 0.441204 0.021875 0.036111
8 0.641667 0.424074 0.092708 0.298148
2 0.760417 0.430556 0.040625 0.068519
8 0.741667 0.488426 0.114583 0.180556
2 0.885417 0.387037 0.023958 0.055556
8 0.870313 0.474537 0.071875 0.234259
8 0.902865 0.580556 0.098437 0.357407
3 0.985938 0.758333 0.012500 0.033333
5 0.984115 0.762500 0.023438 0.054630
1 0.784115 0.355556 0.022396 0.051852
8 0.776042 0.377778 0.067708 0.092593
7 0.722917 0.395833 0.032292 0.049074
9 0.712240 0.393519 0.057813 0.098148
1 0.595313 0.323611 0.028125 0.058333
8 0.584115 0.353704 0.064062 0.135185
5 0.531771 0.420370 0.028125 0.046296
5 0.370573 0.424537 0.038021 0.030556
5 0.460938 0.408796 0.037500 0.034259
4 0.315885 0.408333 0.035937 0.027778
1 0.314844 0.343056 0.027604 0.056481
8 0.322917 0.368519 0.081250 0.109259
4 0.193490 0.425926 0.016146 0.024074
4 0.257292 0.420833 0.025000 0.025000
1 0.192448 0.374074 0.025521 0.044444
1 0.251563 0.375000 0.026042 0.046296
9 0.199219 0.385185 0.058854 0.094444
9 0.254948 0.374074 0.056771 0.105556
5 0.288021 0.302778 0.026042 0.029630
5 0.346615 0.292130 0.024479 0.032407
5 0.369271 0.308333 0.026042 0.035185
5 0.395313 0.295370 0.029167 0.020370
3 0.364063 0.305556 0.018750 0.011111
1 0.339583 0.218519 0.020833 0.053704
8 0.345573 0.241204 0.055729 0.100926
4 0.405469 0.276852 0.026562 0.022222
1 0.404167 0.218056 0.023958 0.052778
8 0.406771 0.241667 0.064583 0.096296
3 0.467969 0.281019 0.009896 0.021296
2 0.455990 0.193519 0.025521 0.046296
8 0.463542 0.228704 0.047917 0.116667
3 0.522917 0.297685 0.010417 0.019444
3 0.532292 0.286111 0.011458 0.018519
2 0.526563 0.210648 0.026042 0.045370
8 0.529167 0.238889 0.073958 0.101852
4 0.696615 0.293056 0.024479 0.023148
5 0.721094 0.312963 0.020313 0.031481
1 0.701042 0.218519 0.019792 0.048148
8 0.698698 0.249074 0.055729 0.105556
4 0.759115 0.315741 0.023438 0.024074
1 0.759115 0.240278 0.024479 0.052778
8 0.752344 0.268981 0.051562 0.113889
4 0.355469 0.134259 0.011979 0.014815
1 0.355990 0.088889 0.017188 0.035185
8 0.354167 0.105556 0.042708 0.068519
5 0.382292 0.206019 0.020833 0.025000
1 0.404167 0.131481 0.020833 0.046296
8 0.404167 0.152778 0.048958 0.085185
1 0.388542 0.090278 0.020833 0.034259
1 0.434115 0.091667 0.018229 0.035185
1 0.459896 0.131481 0.020833 0.044444
1 0.480990 0.076852 0.017188 0.035185
9 0.396615 0.100000 0.040104 0.068519
9 0.434635 0.100000 0.038021 0.055556
8 0.480469 0.090741 0.049479 0.064815
8 0.457292 0.153241 0.058333 0.086111
4 0.429167 0.118981 0.015625 0.015741
4 0.482292 0.113889 0.015625 0.014815
4 0.505990 0.188889 0.017188 0.025926
4 0.573438 0.198611 0.017708 0.017593
1 0.512760 0.143056 0.021354 0.041667
8 0.509375 0.156019 0.046875 0.067593
5 0.532813 0.126389 0.017708 0.019444
4 0.568490 0.120370 0.016146 0.016667
1 0.571615 0.085648 0.017188 0.032407
8 0.565365 0.096759 0.048438 0.060185
2 0.590365 0.129630 0.022396 0.042593
8 0.577344 0.154167 0.045312 0.089815
5 0.613542 0.128704 0.017708 0.018519
5 0.622396 0.203241 0.021875 0.023148
2 0.658594 0.130556 0.019271 0.038889
8 0.656771 0.156019 0.041667 0.089815
5 0.662240 0.218056 0.042188 0.025000
2 0.701823 0.145370 0.021354 0.042593
8 0.705990 0.168519 0.055729 0.083333
1 0.660417 0.078241 0.016667 0.036111
8 0.654167 0.094907 0.038542 0.073148
1 0.635938 0.031019 0.012500 0.030556
4 0.638542 0.066204 0.012500 0.013889
8 0.635938 0.044444 0.036458 0.057407
4 0.595313 0.064352 0.021875 0.015741
5 0.610417 0.079167 0.022917 0.012037
1 0.589063 0.023148 0.014583 0.031481
8 0.590365 0.040278 0.041146 0.065741
1 0.543490 0.025463 0.015104 0.030556
6 0.542188 0.067130 0.030208 0.025000
6 0.513542 0.065741 0.026042 0.025926
1 0.511719 0.015278 0.013021 0.026852
8 0.509115 0.032407 0.036979 0.062963
1 0.466146 0.030556 0.014583 0.027778
8 0.472396 0.039815 0.034375 0.050000
2 0.440365 0.030556 0.014063 0.027778
8 0.436198 0.043056 0.038021 0.052778
1 0.395313 0.048148 0.013542 0.029630
9 0.389844 0.056019 0.036979 0.049074
4 0.399740 0.019907 0.010937 0.013889
3 0.138021 0.381944 0.014583 0.021296
6 0.133594 0.363426 0.029687 0.026852
1 0.130469 0.305556 0.020313 0.042593
8 0.144010 0.324074 0.049479 0.081481
1 0.143490 0.224074 0.016146 0.035185
8 0.154948 0.243056 0.046354 0.075000
5 0.180469 0.201389 0.015104 0.019444
5 0.217448 0.192130 0.018229 0.019444
1 0.187240 0.148148 0.013021 0.031481
1 0.217969 0.156019 0.014063 0.037963
4 0.188542 0.181019 0.015625 0.017593
8 0.192969 0.162500 0.032813 0.056481
8 0.226562 0.168519 0.037500 0.059259
4 0.205469 0.137037 0.014063 0.016667
1 0.206771 0.107407 0.012500 0.025926
8 0.212240 0.118056 0.030729 0.047222
4 0.238542 0.130093 0.014583 0.015741
1 0.238542 0.098148 0.013542 0.029630
1 0.246094 0.107407 0.031771 0.051852
3 0.270313 0.089815 0.008333 0.009259
2 0.276042 0.043519 0.014583 0.024074
8 0.282292 0.056944 0.030208 0.056481
4 0.301563 0.053241 0.010417 0.010185
1 0.302865 0.019907 0.011979 0.025000
8 0.308594 0.031019 0.032813 0.050926
9 0.367969 0.019444 0.034896 0.037037
0 0.719792 0.027315 0.011458 0.028704
8 0.711719 0.038889 0.029687 0.050000
1 0.746615 0.037037 0.010937 0.027778
8 0.743490 0.050000 0.031771 0.050000
1 0.742188 0.065278 0.013542 0.025000
8 0.736198 0.081019 0.034896 0.054630
2 0.773438 0.106944 0.018750 0.037963
8 0.764844 0.128241 0.041146 0.076852
1 0.804167 0.117130 0.014583 0.032407
8 0.799740 0.128704 0.030729 0.053704
2 0.814063 0.168981 0.018750 0.039815
8 0.799740 0.184259 0.046354 0.068519
1 0.830990 0.174074 0.015104 0.033333
8 0.831771 0.190741 0.017708 0.068519
1 0.863542 0.317130 0.020833 0.043519
8 0.856771 0.343056 0.041667 0.095370
4 0.868490 0.382407 0.014063 0.016667
1 0.914323 0.353704 0.018229 0.040741
4 0.902865 0.395370 0.010937 0.024074
9 0.902344 0.366667 0.039062 0.079630
