9 0.139323 0.344444 0.053646 0.072222
6 0.129688 0.377315 0.029167 0.037963
5 0.120313 0.404630 0.027083 0.027778
8 0.148438 0.240278 0.028125 0.076852
8 0.193750 0.164352 0.031250 0.062037
8 0.227344 0.165278 0.040104 0.062037
5 0.217188 0.192130 0.021875 0.025000
8 0.210938 0.118981 0.029167 0.049074
8 0.246615 0.109722 0.033854 0.056481
8 0.280990 0.064815 0.033854 0.053704
5 0.368490 0.037037 0.014063 0.018519
9 0.390365 0.056019 0.039062 0.052778
8 0.353646 0.105556 0.042708 0.074074
9 0.394792 0.096759 0.041667 0.075000
8 0.432292 0.043981 0.041667 0.060185
8 0.469271 0.043056 0.035417 0.049074
8 0.509115 0.040278 0.038021 0.063889
5 0.534375 0.128241 0.018750 0.023148
8 0.547396 0.043981 0.039583 0.060185
8 0.590365 0.037963 0.043229 0.068519
8 0.638542 0.048148 0.042708 0.057407
8 0.654167 0.098611 0.043750 0.078704
8 0.566146 0.090278 0.046875 0.076852
5 0.613542 0.129630 0.020833 0.024074
9 0.705469 0.173611 0.059896 0.080556
8 0.655990 0.155556 0.043229 0.081481
5 0.622917 0.203241 0.023958 0.030556
5 0.287240 0.303704 0.028646 0.035185
4 0.405990 0.277315 0.026562 0.026852
9 0.470313 0.245370 0.054167 0.075926
8 0.529167 0.240278 0.077083 0.112037
4 0.519792 0.290741 0.016667 0.035185
8 0.697917 0.248611 0.057292 0.115741
8 0.755469 0.274537 0.060937 0.119444
8 0.777865 0.379167 0.068229 0.106481
9 0.716667 0.396759 0.065625 0.106481
9 0.655469 0.368519 0.064062 0.129630
8 0.589063 0.356944 0.081250 0.134259
5 0.532292 0.418056 0.030208 0.052778
5 0.461719 0.407407 0.040104 0.044444
5 0.369792 0.423148 0.039583 0.044444
9 0.324740 0.369444 0.081771 0.111111
8 0.257292 0.372685 0.066667 0.125000
9 0.200000 0.390278 0.059375 0.097222
4 0.194792 0.597685 0.034375 0.056481
8 0.272917 0.541667 0.090625 0.166667
8 0.429167 0.510648 0.092708 0.180556
8 0.758594 0.552778 0.077604 0.155556
9 0.824740 0.548148 0.071354 0.168519
8 0.712240 0.038426 0.030729 0.056481
8 0.734115 0.067130 0.031771 0.067593
8 0.800521 0.131019 0.034375 0.056481
8 0.824740 0.189815 0.033854 0.072222
8 0.853646 0.343519 0.053125 0.107407
9 0.899740 0.366204 0.046354 0.086111
8 0.967969 0.693519 0.064062 0.090741
5 0.369271 0.307870 0.028125 0.039815
8 0.480990 0.091204 0.049479 0.063889
5 0.492969 0.129630 0.020313 0.024074
6 0.513542 0.068056 0.029167 0.021296
8 0.582292 0.153241 0.068750 0.112037
8 0.344271 0.241667 0.059375 0.105556
8 0.407292 0.241204 0.069792 0.102778
5 0.696094 0.630093 0.034896 0.050926
5 0.729688 0.843056 0.055208 0.093519
8 0.905469 0.493519 0.068229 0.107407
8 0.788021 0.182407 0.040625 0.079630
8 0.763542 0.124074 0.039583 0.081481
5 0.663021 0.218519 0.042708 0.031481
5 0.722917 0.218056 0.021875 0.025000
8 0.186719 0.259722 0.057813 0.180556
8 0.307292 0.030556 0.034375 0.051852
9 0.367188 0.021296 0.035417 0.040741
8 0.510417 0.150463 0.051042 0.093519
8 0.454688 0.151389 0.055208 0.110185
8 0.413542 0.143056 0.048958 0.110185
5 0.609115 0.075463 0.021354 0.019444
9 0.142448 0.556481 0.066146 0.092593
8 0.205990 0.543519 0.069271 0.142593
8 0.346615 0.519907 0.065104 0.169444
8 0.592969 0.494907 0.110937 0.163889
5 0.601042 0.605556 0.038542 0.072222
8 0.682292 0.536574 0.081250 0.184259
8 0.680469 0.744907 0.125521 0.178704
1 0.124740 0.342130 0.021354 0.052778
1 0.148438 0.223611 0.019792 0.043519
0 0.172917 0.195370 0.022917 0.053704
1 0.189323 0.150463 0.015104 0.030556
4 0.190365 0.180556 0.016146 0.018519
1 0.216146 0.153704 0.014583 0.040741
1 0.204167 0.112963 0.014583 0.031481
1 0.238542 0.100463 0.014583 0.030556
4 0.239063 0.130556 0.016667 0.014815
2 0.273698 0.052778 0.016146 0.027778
1 0.304167 0.020370 0.014583 0.027778
1 0.354167 0.090278 0.016667 0.037963
4 0.355990 0.132407 0.014063 0.016667
1 0.393490 0.082407 0.020313 0.042593
4 0.390365 0.127778 0.021354 0.020370
1 0.396094 0.047222 0.016146 0.031481
2 0.437500 0.030556 0.015625 0.033333
6 0.434896 0.071759 0.028125 0.023148
1 0.460938 0.036111 0.014583 0.031481
1 0.483594 0.078704 0.020313 0.040741
4 0.463021 0.062963 0.017708 0.018519
4 0.484115 0.117130 0.017188 0.015741
2 0.513021 0.025463 0.017708 0.030556
1 0.548438 0.032870 0.016667 0.034259
6 0.543490 0.068981 0.023438 0.023148
0 0.569792 0.071296 0.020833 0.040741
1 0.588542 0.023611 0.017708 0.034259
4 0.596615 0.064815 0.022396 0.022222
2 0.579688 0.118981 0.025000 0.049074
6 0.574740 0.203704 0.024479 0.031481
1 0.642969 0.041204 0.018229 0.039815
1 0.659896 0.080556 0.019792 0.040741
1 0.659896 0.137037 0.020833 0.044444
1 0.705990 0.162963 0.023438 0.044444
0 0.514844 0.130556 0.022396 0.051852
4 0.508073 0.188426 0.018229 0.030556
0 0.454688 0.118519 0.023958 0.046296
0 0.416667 0.113889 0.023958 0.050000
4 0.451042 0.193519 0.026042 0.025926
1 0.472396 0.248611 0.026042 0.056481
4 0.467969 0.280556 0.029687 0.027778
4 0.537240 0.285185 0.022396 0.029630
3 0.382292 0.203704 0.012500 0.022222
1 0.405469 0.218056 0.028646 0.060185
1 0.344792 0.219907 0.022917 0.062037
5 0.347917 0.293519 0.026042 0.037037
1 0.192448 0.378704 0.025521 0.051852
4 0.193490 0.424537 0.020313 0.028704
4 0.256771 0.423611 0.031250 0.028704
1 0.324740 0.355093 0.035937 0.065741
1 0.251563 0.350000 0.028125 0.057407
4 0.319792 0.406944 0.027083 0.032407
1 0.595313 0.340278 0.031250 0.062037
4 0.596875 0.407407 0.031250 0.027778
3 0.647917 0.431019 0.017708 0.034259
7 0.663542 0.382407 0.030208 0.055556
7 0.725521 0.403704 0.037500 0.061111
1 0.786719 0.356019 0.025521 0.058333
4 0.782813 0.418519 0.031250 0.029630
1 0.762240 0.243056 0.026562 0.054630
4 0.760938 0.318056 0.025000 0.026852
1 0.699740 0.219444 0.022396 0.053704
4 0.696615 0.292130 0.026562 0.026852
5 0.722396 0.314352 0.021875 0.034259
1 0.841667 0.531019 0.035417 0.067593
4 0.831510 0.607407 0.025521 0.031481
4 0.771615 0.615278 0.025521 0.034259
1 0.778646 0.516204 0.033333 0.069444
1 0.685417 0.484259 0.039583 0.081481
1 0.604948 0.457870 0.036979 0.073148
0 0.421615 0.464815 0.041146 0.083333
6 0.426563 0.599537 0.059375 0.071296
1 0.345313 0.475926 0.030208 0.074074
4 0.343490 0.583796 0.032813 0.036111
2 0.263542 0.491667 0.036458 0.064815
4 0.257812 0.605556 0.022917 0.037037
1 0.192448 0.512500 0.030729 0.067593
1 0.132292 0.556019 0.027083 0.060185
4 0.139063 0.596759 0.025000 0.043519
8 0.080469 0.855556 0.129688 0.287037
2 0.037240 0.757870 0.036979 0.091667
1 0.703646 0.718981 0.042708 0.078704
4 0.686719 0.815278 0.045312 0.037963
3 0.989323 0.756944 0.015104 0.039815
5 0.985417 0.761111 0.026042 0.059259
1 0.926562 0.470833 0.023958 0.056481
4 0.926042 0.539352 0.019792 0.023148
1 0.864844 0.318056 0.021354 0.052778
4 0.868490 0.384259 0.014063 0.024074
1 0.912240 0.350463 0.019271 0.049074
4 0.901563 0.393519 0.017708 0.025926
1 0.798438 0.176852 0.018750 0.044444
1 0.830990 0.172222 0.018229 0.038889
4 0.798698 0.207870 0.015104 0.017593
1 0.805990 0.118981 0.015104 0.036111
1 0.771615 0.106019 0.019271 0.041667
4 0.772917 0.155093 0.016667 0.021296
0 0.736719 0.050000 0.014063 0.031481
1 0.720313 0.026852 0.013542 0.031481
