9 0.137760 0.346759 0.049479 0.078704
6 0.127604 0.372685 0.029167 0.037963
5 0.120313 0.404630 0.027083 0.027778
8 0.151562 0.240741 0.050000 0.083333
8 0.193750 0.164352 0.031250 0.062037
8 0.211719 0.120833 0.027604 0.050926
8 0.284115 0.060648 0.032813 0.062037
5 0.368490 0.037037 0.014063 0.018519
9 0.390885 0.057870 0.039062 0.052778
8 0.353385 0.107407 0.042188 0.070370
8 0.396354 0.098148 0.042708 0.075926
8 0.430469 0.050926 0.040104 0.057407
8 0.469271 0.046759 0.038542 0.052778
8 0.510156 0.040278 0.038021 0.063889
5 0.534375 0.128241 0.018750 0.023148
8 0.546875 0.046296 0.042708 0.057407
8 0.592969 0.047685 0.047396 0.060185
8 0.638542 0.050463 0.040625 0.060185
8 0.653385 0.100000 0.042188 0.074074
9 0.567969 0.096759 0.049479 0.067593
5 0.614583 0.130556 0.020833 0.024074
9 0.705469 0.175463 0.059896 0.080556
8 0.654948 0.160185 0.044271 0.100000
5 0.623437 0.204167 0.023958 0.030556
5 0.288281 0.303241 0.028646 0.036111
4 0.405990 0.277315 0.026562 0.026852
9 0.468490 0.251852 0.055729 0.087037
8 0.530729 0.244444 0.072917 0.101852
4 0.532292 0.282407 0.032292 0.031481
8 0.694531 0.250000 0.065104 0.137037
8 0.753385 0.272685 0.060937 0.119444
8 0.778906 0.381019 0.068229 0.106481
9 0.717708 0.397685 0.065625 0.106481
9 0.655990 0.369444 0.064062 0.129630
8 0.589063 0.358796 0.082292 0.141667
5 0.532292 0.422685 0.030208 0.052778
5 0.461719 0.407407 0.040104 0.044444
5 0.370833 0.427778 0.039583 0.044444
8 0.323958 0.367593 0.082292 0.131481
9 0.254948 0.377778 0.063021 0.127778
9 0.201823 0.388889 0.058854 0.107407
5 0.196615 0.606481 0.033854 0.057407
9 0.270052 0.553241 0.086979 0.137963
8 0.431250 0.527315 0.094792 0.152778
9 0.756771 0.548611 0.071875 0.132407
9 0.823958 0.550463 0.073958 0.169444
8 0.712240 0.037037 0.030729 0.061111
8 0.740104 0.077778 0.034375 0.057407
8 0.798958 0.129630 0.033333 0.053704
8 0.822917 0.182870 0.025000 0.080556
8 0.854167 0.345370 0.053125 0.107407
9 0.896094 0.349074 0.040104 0.094444
8 0.967448 0.700463 0.065104 0.093519
5 0.369271 0.310648 0.028125 0.039815
8 0.481510 0.092130 0.049479 0.067593
6 0.514583 0.069907 0.029167 0.021296
9 0.572656 0.168981 0.063021 0.080556
8 0.344010 0.250926 0.060937 0.122222
8 0.407292 0.242130 0.069792 0.102778
5 0.729167 0.846759 0.055208 0.093519
8 0.905469 0.493056 0.067187 0.112037
8 0.791406 0.180556 0.049479 0.074074
8 0.764062 0.124074 0.039583 0.081481
6 0.662760 0.214815 0.040104 0.035185
5 0.723437 0.219444 0.020833 0.022222
8 0.308073 0.031944 0.032813 0.052778
9 0.366927 0.022222 0.035937 0.042593
8 0.511719 0.161111 0.058854 0.083333
8 0.455469 0.155556 0.056771 0.101852
8 0.395052 0.150463 0.065104 0.095370
5 0.611198 0.077315 0.021354 0.019444
9 0.151302 0.544444 0.059896 0.081481
8 0.212500 0.519907 0.059375 0.137963
8 0.343490 0.523148 0.071354 0.172222
8 0.607552 0.505556 0.097396 0.162963
5 0.597135 0.610185 0.050521 0.075926
8 0.683073 0.537963 0.081771 0.181481
8 0.672396 0.730556 0.119792 0.209259
3 0.138021 0.384259 0.016667 0.025926
1 0.126042 0.335185 0.021875 0.046296
3 0.159375 0.278704 0.012500 0.022222
5 0.180469 0.202315 0.016146 0.023148
1 0.190365 0.149537 0.015104 0.030556
4 0.190365 0.183796 0.016146 0.015741
1 0.208594 0.112500 0.015104 0.030556
8 0.236458 0.194444 0.051042 0.200000
2 0.235156 0.115741 0.021354 0.042593
8 0.284115 0.141204 0.060937 0.126852
1 0.283333 0.100926 0.020833 0.046296
2 0.278646 0.045370 0.015625 0.029630
1 0.302344 0.023148 0.014063 0.029630
1 0.371094 0.012963 0.015104 0.024074
1 0.395833 0.047222 0.015625 0.033333
1 0.393750 0.080556 0.019792 0.040741
1 0.352604 0.090741 0.018750 0.037037
2 0.396875 0.125463 0.026042 0.045370
9 0.435677 0.103241 0.045312 0.056481
1 0.442448 0.098148 0.021354 0.038889
4 0.429427 0.120833 0.017188 0.021296
1 0.427604 0.038889 0.013542 0.031481
6 0.435156 0.074537 0.027604 0.021296
1 0.459115 0.131481 0.023438 0.051852
4 0.453385 0.195370 0.024479 0.022222
1 0.512500 0.143519 0.021875 0.046296
4 0.508073 0.192130 0.018229 0.026852
1 0.483854 0.079630 0.019792 0.037037
1 0.469531 0.037037 0.015104 0.033333
1 0.514323 0.025926 0.016146 0.033333
4 0.484635 0.116667 0.017188 0.016667
1 0.551823 0.036574 0.016146 0.032407
4 0.576823 0.200926 0.020313 0.020370
1 0.566667 0.152778 0.023958 0.046296
1 0.573438 0.083333 0.019792 0.037037
4 0.569271 0.120833 0.016667 0.023148
6 0.549219 0.071296 0.027604 0.025926
1 0.594531 0.035648 0.017188 0.036111
4 0.593229 0.069444 0.015625 0.018519
1 0.640885 0.042130 0.016146 0.036111
1 0.659635 0.082407 0.019271 0.038889
1 0.659635 0.133796 0.021354 0.043519
1 0.704948 0.166667 0.021354 0.042593
1 0.760938 0.240741 0.028125 0.057407
4 0.760156 0.318519 0.026562 0.027778
2 0.693490 0.207870 0.026562 0.050926
4 0.698177 0.305093 0.030729 0.028704
1 0.536458 0.230093 0.028125 0.052778
1 0.473177 0.237500 0.026562 0.052778
4 0.462760 0.283333 0.020313 0.029630
1 0.404687 0.220833 0.026042 0.060185
1 0.345313 0.221759 0.025000 0.058333
5 0.348438 0.292130 0.026042 0.037963
3 0.365365 0.307870 0.020313 0.019444
1 0.190885 0.378241 0.027604 0.049074
4 0.194531 0.431944 0.020313 0.026852
4 0.258073 0.428704 0.029687 0.025926
1 0.310417 0.338426 0.030208 0.063889
4 0.317708 0.416204 0.039583 0.030556
1 0.596875 0.334722 0.031250 0.065741
4 0.596875 0.411574 0.030208 0.034259
7 0.662760 0.383796 0.030729 0.060185
7 0.724740 0.400926 0.035937 0.061111
3 0.647656 0.431944 0.017188 0.032407
1 0.786719 0.356481 0.024479 0.057407
4 0.784115 0.423611 0.027604 0.030556
1 0.840885 0.528704 0.036979 0.068519
4 0.835677 0.613889 0.030729 0.037037
4 0.776042 0.594444 0.032292 0.025926
5 0.764062 0.623611 0.030208 0.049074
1 0.773438 0.532870 0.033333 0.069444
1 0.692448 0.506019 0.039062 0.078704
4 0.685677 0.606944 0.034896 0.041667
2 0.635156 0.462963 0.034896 0.077778
1 0.423958 0.494907 0.032292 0.087963
4 0.425781 0.585185 0.036979 0.033333
1 0.339583 0.476389 0.031250 0.073148
4 0.340365 0.594444 0.027604 0.027778
1 0.258594 0.525463 0.032813 0.065741
4 0.262760 0.604167 0.033854 0.030556
1 0.200781 0.487963 0.031771 0.068519
4 0.198698 0.573611 0.026562 0.030556
2 0.136458 0.532407 0.029167 0.053704
3 0.140885 0.600926 0.016146 0.038889
5 0.136719 0.606019 0.031771 0.058333
1 0.686458 0.667130 0.036458 0.078704
4 0.680729 0.812037 0.059375 0.044444
4 0.986458 0.756019 0.019792 0.043519
4 0.925781 0.537500 0.022396 0.025000
1 0.864062 0.318519 0.021875 0.051852
4 0.869271 0.387037 0.016667 0.024074
1 0.905208 0.333333 0.018750 0.048148
4 0.904687 0.385648 0.016667 0.021296
1 0.823698 0.162500 0.017188 0.037963
2 0.805208 0.169907 0.020833 0.041667
3 0.791927 0.230093 0.011979 0.025000
1 0.772135 0.107407 0.020313 0.042593
4 0.773438 0.154167 0.016667 0.021296
1 0.806510 0.121296 0.015104 0.037037
1 0.746875 0.066204 0.015625 0.030556
0 0.717448 0.022222 0.014063 0.031481
2 0.745573 0.036111 0.015104 0.029630
