8 0.192188 0.165278 0.032292 0.062037
8 0.226042 0.154167 0.039583 0.075000
5 0.217188 0.192130 0.021875 0.025000
8 0.212240 0.119907 0.028646 0.050926
8 0.246094 0.108333 0.032813 0.059259
8 0.280990 0.066667 0.033854 0.053704
5 0.368490 0.040278 0.014063 0.015741
9 0.390365 0.056944 0.039062 0.052778
8 0.353646 0.105556 0.042708 0.074074
9 0.394010 0.100926 0.040104 0.070370
8 0.429948 0.043519 0.040104 0.068519
8 0.470313 0.043519 0.038542 0.051852
8 0.509115 0.041204 0.039062 0.062037
5 0.534375 0.128241 0.018750 0.023148
8 0.547396 0.037037 0.039583 0.070370
8 0.590365 0.040278 0.042188 0.067593
8 0.638542 0.051852 0.040625 0.051852
8 0.654167 0.099537 0.044792 0.073148
9 0.566667 0.098148 0.048958 0.062963
5 0.613542 0.129630 0.020833 0.024074
9 0.705469 0.175000 0.060937 0.079630
8 0.655469 0.162963 0.045312 0.096296
5 0.622917 0.203241 0.023958 0.030556
5 0.455990 0.204630 0.033854 0.029630
5 0.287760 0.303704 0.028646 0.035185
4 0.405990 0.277315 0.026562 0.026852
9 0.467969 0.249074 0.056771 0.081481
8 0.530990 0.245370 0.074479 0.105556
4 0.526563 0.285648 0.026042 0.037963
8 0.698438 0.247222 0.057292 0.105556
8 0.755990 0.268056 0.060937 0.119444
8 0.777865 0.381019 0.068229 0.106481
9 0.716667 0.395833 0.065625 0.106481
9 0.655469 0.368519 0.064062 0.129630
8 0.589063 0.356944 0.081250 0.134259
5 0.532292 0.420833 0.030208 0.052778
5 0.461719 0.410648 0.040104 0.043519
5 0.370312 0.425463 0.039583 0.043519
9 0.324740 0.368981 0.081771 0.106481
8 0.259896 0.368519 0.056250 0.125926
9 0.207813 0.386111 0.056250 0.105556
5 0.197917 0.605556 0.033333 0.061111
9 0.270313 0.556019 0.090625 0.132407
8 0.431771 0.527315 0.096875 0.149074
9 0.755990 0.547222 0.072396 0.131481
9 0.824740 0.548611 0.071354 0.169444
8 0.712240 0.035185 0.029687 0.064815
8 0.739844 0.079167 0.032813 0.060185
8 0.798958 0.130093 0.034375 0.056481
8 0.826042 0.193056 0.029167 0.065741
8 0.854167 0.343519 0.053125 0.107407
9 0.900521 0.367593 0.046875 0.083333
8 0.967448 0.693056 0.065104 0.093519
5 0.369271 0.306019 0.027083 0.037963
8 0.480469 0.090278 0.048438 0.065741
6 0.513542 0.068056 0.029167 0.021296
8 0.567448 0.156019 0.046354 0.113889
8 0.342969 0.243056 0.059896 0.106481
8 0.406771 0.242130 0.069792 0.102778
5 0.729688 0.844907 0.055208 0.093519
8 0.905469 0.491204 0.068229 0.115741
8 0.791667 0.179630 0.051042 0.070370
8 0.764062 0.124074 0.039583 0.081481
6 0.662240 0.214815 0.043229 0.035185
5 0.722917 0.218056 0.021875 0.025000
8 0.125521 0.413426 0.079167 0.206481
8 0.308594 0.032407 0.032813 0.051852
9 0.366667 0.021759 0.036458 0.041667
8 0.510417 0.141667 0.064583 0.103704
8 0.455469 0.156019 0.057813 0.104630
8 0.413021 0.143056 0.050000 0.108333
5 0.610417 0.076852 0.020833 0.018519
9 0.144271 0.553241 0.066667 0.110185
8 0.207292 0.518519 0.067708 0.133333
8 0.349219 0.517130 0.065104 0.169444
8 0.592969 0.494907 0.092188 0.169444
5 0.601042 0.605556 0.038542 0.072222
8 0.680469 0.537037 0.085938 0.181481
8 0.677344 0.731481 0.110937 0.231481
2 0.113542 0.345833 0.030208 0.069444
8 0.161198 0.318519 0.071354 0.188889
2 0.148438 0.253241 0.026042 0.058333
2 0.130990 0.531019 0.031771 0.056481
4 0.141667 0.594907 0.025000 0.043519
1 0.201042 0.482870 0.029167 0.063889
3 0.192188 0.606019 0.017708 0.043519
1 0.259896 0.531944 0.033333 0.063889
4 0.263542 0.605556 0.034375 0.035185
1 0.339323 0.468981 0.033854 0.073148
4 0.345313 0.581481 0.031250 0.031481
1 0.423438 0.496759 0.034375 0.093519
4 0.426042 0.580556 0.039583 0.037037
1 0.687240 0.658333 0.031771 0.081481
0 0.597917 0.454167 0.036458 0.078704
1 0.691667 0.496759 0.036458 0.080556
4 0.684896 0.606019 0.033333 0.039815
1 0.773438 0.530556 0.032292 0.068519
4 0.776563 0.593519 0.031250 0.027778
5 0.763542 0.623148 0.032292 0.044444
1 0.839844 0.531019 0.035937 0.067593
4 0.835417 0.615741 0.030208 0.040741
1 0.194792 0.374537 0.030208 0.056481
4 0.192969 0.425463 0.019271 0.030556
1 0.259115 0.354167 0.024479 0.054630
4 0.260417 0.419907 0.026042 0.030556
1 0.322396 0.355556 0.031250 0.062963
4 0.319792 0.406019 0.031250 0.032407
1 0.596094 0.337500 0.031771 0.060185
4 0.596615 0.408796 0.029687 0.028704
3 0.648438 0.432407 0.018750 0.037037
7 0.663021 0.384722 0.029167 0.062037
7 0.725521 0.402778 0.035417 0.062963
1 0.787240 0.355556 0.024479 0.057407
4 0.782813 0.419444 0.031250 0.027778
1 0.762240 0.238889 0.025521 0.055556
4 0.759635 0.318519 0.025521 0.027778
1 0.701562 0.221759 0.022917 0.052778
4 0.699740 0.288426 0.024479 0.026852
1 0.536458 0.227778 0.026042 0.053704
1 0.468750 0.244907 0.028125 0.056481
4 0.462240 0.283333 0.020313 0.035185
1 0.404687 0.219907 0.026042 0.058333
1 0.343490 0.221759 0.023438 0.058333
5 0.347917 0.292130 0.027083 0.039815
3 0.383073 0.204167 0.011979 0.021296
2 0.408594 0.112963 0.026562 0.046296
0 0.457292 0.127778 0.023958 0.048148
4 0.451562 0.194444 0.025000 0.022222
0 0.507812 0.112963 0.021875 0.044444
3 0.510938 0.195370 0.013542 0.022222
5 0.509115 0.195833 0.023438 0.030556
1 0.569792 0.125000 0.023958 0.050000
6 0.574740 0.201389 0.022396 0.030556
1 0.660937 0.137963 0.021875 0.044444
1 0.706250 0.164352 0.021875 0.043519
1 0.659896 0.081481 0.019792 0.040741
1 0.482812 0.079167 0.019792 0.037963
4 0.484115 0.117130 0.017188 0.017593
1 0.392969 0.087037 0.021354 0.042593
0 0.352865 0.087037 0.019271 0.038889
4 0.355990 0.133796 0.015104 0.017593
4 0.389844 0.128241 0.020313 0.019444
1 0.573438 0.095370 0.021875 0.037037
1 0.641667 0.043056 0.016667 0.034259
4 0.596615 0.062963 0.022396 0.020370
1 0.588542 0.024537 0.016667 0.034259
6 0.547396 0.069444 0.030208 0.024074
0 0.546875 0.018519 0.015625 0.033333
2 0.511458 0.026389 0.016667 0.030556
1 0.470313 0.034722 0.016667 0.030556
2 0.427344 0.025463 0.016146 0.030556
5 0.435417 0.075000 0.027083 0.020370
3 0.427344 0.072222 0.011979 0.011111
1 0.395573 0.049074 0.015104 0.031481
1 0.371615 0.012037 0.015104 0.022222
1 0.302865 0.021759 0.014063 0.028704
1 0.271615 0.056019 0.016146 0.030556
1 0.239063 0.096296 0.015625 0.029630
1 0.207813 0.111574 0.013542 0.030556
4 0.239063 0.131019 0.014583 0.015741
1 0.216667 0.133333 0.015625 0.037037
1 0.188542 0.150926 0.014583 0.031481
4 0.189844 0.183796 0.017188 0.017593
5 0.179688 0.202315 0.015625 0.023148
3 0.988542 0.757870 0.013542 0.039815
5 0.984635 0.764352 0.024479 0.063889
1 0.926562 0.462963 0.023958 0.055556
4 0.926042 0.539352 0.019792 0.025000
1 0.912240 0.356019 0.020313 0.049074
4 0.903646 0.396296 0.017708 0.027778
4 0.868490 0.385648 0.017188 0.025000
1 0.864062 0.318519 0.022917 0.050000
1 0.830469 0.181019 0.017188 0.041667
2 0.804688 0.167593 0.020833 0.038889
3 0.792188 0.230093 0.012500 0.023148
1 0.805469 0.120370 0.017188 0.038889
1 0.771615 0.106019 0.019271 0.041667
4 0.774219 0.154630 0.017188 0.020370
1 0.745833 0.065741 0.015625 0.031481
4 0.740885 0.103241 0.016146 0.019444
0 0.716146 0.019907 0.013542 0.030556
8 0.741146 0.037963 0.029167 0.050000
0 0.741146 0.026852 0.013542 0.027778
