5 0.119792 0.403241 0.025000 0.025000
3 0.138021 0.382407 0.014583 0.020370
6 0.129167 0.371759 0.023958 0.036111
1 0.124740 0.332870 0.019271 0.041667
8 0.138542 0.343981 0.047917 0.065741
3 0.159115 0.278241 0.010937 0.017593
1 0.148438 0.206019 0.017708 0.039815
8 0.157292 0.230093 0.035417 0.086111
5 0.217188 0.192130 0.019792 0.019444
5 0.179688 0.200463 0.014583 0.019444
4 0.190625 0.184259 0.015625 0.012963
1 0.217188 0.142593 0.014583 0.035185
1 0.189062 0.148611 0.013542 0.028704
8 0.192708 0.164352 0.031250 0.060185
8 0.226562 0.158333 0.038542 0.068519
1 0.207813 0.112500 0.011458 0.025000
8 0.211719 0.118981 0.026562 0.043519
1 0.242448 0.087037 0.011979 0.029630
8 0.246094 0.101852 0.032813 0.059259
4 0.262240 0.090278 0.010937 0.013889
1 0.264323 0.068056 0.013021 0.026852
9 0.279167 0.073611 0.042708 0.041667
0 0.279167 0.018981 0.010417 0.023148
8 0.279687 0.032870 0.027083 0.050926
1 0.304167 0.018981 0.012500 0.025000
4 0.301042 0.052315 0.009375 0.010185
8 0.307812 0.031944 0.033333 0.050926
9 0.367188 0.020370 0.035417 0.038889
4 0.399740 0.021759 0.014063 0.013889
1 0.395313 0.049537 0.013542 0.028704
9 0.389844 0.056481 0.038021 0.048148
4 0.437240 0.068519 0.016146 0.014815
2 0.435417 0.030556 0.013542 0.029630
8 0.435417 0.044907 0.037500 0.060185
4 0.467187 0.060648 0.017708 0.012037
1 0.467187 0.031019 0.012500 0.030556
8 0.469792 0.040278 0.035417 0.050926
1 0.513542 0.031944 0.013542 0.032407
8 0.510938 0.044907 0.037500 0.058333
5 0.534115 0.077315 0.022396 0.015741
1 0.554167 0.037963 0.014583 0.029630
9 0.550521 0.047222 0.041667 0.050000
4 0.595313 0.063889 0.010417 0.018519
5 0.610417 0.078241 0.020833 0.012037
1 0.594792 0.034722 0.014583 0.030556
9 0.593490 0.045833 0.046354 0.054630
1 0.643490 0.043519 0.014063 0.029630
8 0.639062 0.053241 0.038542 0.050926
1 0.643490 0.086111 0.015104 0.037037
9 0.645312 0.101852 0.058333 0.064815
5 0.614062 0.128704 0.019792 0.020370
1 0.569792 0.085648 0.016667 0.032407
9 0.569792 0.093981 0.043750 0.062037
5 0.532813 0.126852 0.018750 0.018519
4 0.484115 0.117130 0.016146 0.013889
1 0.484115 0.078704 0.018229 0.033333
8 0.479167 0.091667 0.050000 0.061111
4 0.427344 0.126389 0.014063 0.023148
1 0.440885 0.104630 0.017188 0.031481
9 0.434896 0.107407 0.039583 0.040741
4 0.385417 0.126389 0.013542 0.019444
1 0.395573 0.087037 0.019271 0.033333
8 0.395313 0.099537 0.038542 0.069444
1 0.358333 0.082870 0.015625 0.034259
8 0.357031 0.101389 0.038021 0.069444
5 0.358594 0.141204 0.017188 0.019444
4 0.267188 0.219444 0.016667 0.016667
5 0.264062 0.228241 0.022917 0.023148
1 0.266667 0.178241 0.017708 0.037963
9 0.266667 0.190278 0.052083 0.076852
4 0.299219 0.206019 0.009896 0.021296
5 0.318490 0.216204 0.022396 0.026852
2 0.311719 0.129167 0.017188 0.043519
8 0.317708 0.161574 0.050000 0.108333
2 0.402865 0.131944 0.021354 0.047222
8 0.402344 0.160648 0.051562 0.104630
3 0.455469 0.203241 0.014063 0.013889
5 0.454167 0.205556 0.022917 0.024074
1 0.447917 0.134722 0.020833 0.043519
8 0.455469 0.153704 0.054688 0.083333
3 0.508594 0.196759 0.017188 0.008333
2 0.508594 0.119444 0.020313 0.042593
8 0.510417 0.145370 0.055208 0.096296
5 0.510417 0.196759 0.018750 0.023148
5 0.575260 0.201389 0.023438 0.026852
4 0.599740 0.165278 0.015104 0.032407
1 0.584115 0.129630 0.020313 0.038889
8 0.579167 0.149537 0.054167 0.082407
5 0.622396 0.203241 0.021875 0.023148
5 0.663542 0.218056 0.044792 0.026852
1 0.660156 0.137037 0.018229 0.040741
8 0.654167 0.160185 0.043750 0.088889
4 0.702865 0.206944 0.018229 0.021296
5 0.721094 0.215741 0.023438 0.024074
1 0.707292 0.163889 0.019792 0.038889
9 0.705469 0.176852 0.058854 0.077778
4 0.758594 0.315741 0.024479 0.025926
4 0.701562 0.299074 0.023958 0.022222
1 0.760938 0.242130 0.023958 0.050926
1 0.701042 0.243056 0.019792 0.047222
8 0.697917 0.262500 0.057292 0.091667
8 0.752344 0.271759 0.051562 0.112037
4 0.538542 0.275000 0.017708 0.018519
4 0.519531 0.291204 0.018229 0.028704
5 0.528646 0.295833 0.029167 0.034259
4 0.463542 0.281019 0.017708 0.028704
1 0.468490 0.243056 0.020313 0.041667
1 0.532813 0.223611 0.020833 0.049074
9 0.468490 0.245370 0.054688 0.079630
8 0.532292 0.245833 0.070833 0.100926
3 0.364583 0.306944 0.018750 0.012037
5 0.368490 0.309259 0.026562 0.037037
4 0.401562 0.274537 0.027083 0.023148
6 0.343490 0.290741 0.026562 0.037037
5 0.396094 0.293981 0.029687 0.023148
1 0.351042 0.226852 0.021875 0.053704
1 0.402344 0.218519 0.023438 0.053704
8 0.343490 0.253704 0.061979 0.107407
8 0.407292 0.241204 0.064583 0.099074
5 0.288021 0.302778 0.026042 0.029630
4 0.194792 0.431019 0.017708 0.023148
1 0.190365 0.378704 0.025521 0.048148
1 0.252865 0.371296 0.022396 0.046296
4 0.256771 0.425000 0.031250 0.029630
9 0.200521 0.389352 0.057292 0.100926
9 0.254948 0.377778 0.061979 0.105556
4 0.316146 0.401852 0.031250 0.037037
1 0.317188 0.348148 0.026042 0.057407
8 0.324219 0.368519 0.077604 0.100000
5 0.370312 0.425463 0.038542 0.032407
8 0.322917 0.366667 0.077083 0.100000
8 0.321615 0.364815 0.077604 0.100000
5 0.461198 0.409259 0.038021 0.037037
5 0.530990 0.420833 0.028646 0.045370
1 0.596615 0.334259 0.026562 0.055556
8 0.587760 0.355556 0.075521 0.127778
3 0.647917 0.430556 0.015625 0.029630
7 0.661719 0.380093 0.026562 0.050926
9 0.655469 0.368056 0.059896 0.123148
7 0.724219 0.398611 0.029687 0.047222
9 0.716667 0.396296 0.062500 0.103704
4 0.784896 0.424537 0.028125 0.023148
1 0.787240 0.371759 0.022396 0.049074
9 0.780469 0.390278 0.065104 0.089815
4 0.832292 0.608796 0.022917 0.026852
4 0.774740 0.602778 0.029687 0.025926
5 0.764323 0.625926 0.031771 0.038889
5 0.837760 0.622685 0.033854 0.043519
1 0.773438 0.532407 0.031250 0.062963
1 0.835938 0.531481 0.033333 0.059259
9 0.755990 0.546759 0.069271 0.125000
9 0.824219 0.544444 0.070312 0.148148
4 0.685417 0.602778 0.033333 0.037037
2 0.682292 0.482870 0.036458 0.073148
8 0.680990 0.531944 0.079687 0.167593
1 0.589844 0.453241 0.034896 0.071296
8 0.602865 0.497222 0.093229 0.159259
5 0.596615 0.606481 0.048438 0.066667
4 0.346615 0.598611 0.031771 0.030556
4 0.417969 0.590741 0.023438 0.044444
5 0.431771 0.602315 0.057292 0.063889
1 0.424740 0.494907 0.030729 0.080556
1 0.341667 0.482407 0.028125 0.064815
8 0.346615 0.531019 0.073438 0.165741
8 0.430469 0.530093 0.091146 0.150926
4 0.212240 0.597222 0.027604 0.044444
4 0.199740 0.579630 0.026562 0.027778
5 0.260937 0.611574 0.035417 0.058333
5 0.134635 0.607407 0.029687 0.051852
3 0.137760 0.605556 0.015104 0.033333
2 0.151562 0.521759 0.026042 0.058333
1 0.199219 0.506481 0.024479 0.057407
2 0.224740 0.500926 0.026562 0.066667
9 0.259896 0.525926 0.095833 0.118519
8 0.205990 0.532870 0.045312 0.121296
8 0.151042 0.545370 0.067708 0.109259
5 0.729948 0.843519 0.050521 0.088889
4 0.689844 0.806019 0.039062 0.043519
1 0.671094 0.653704 0.031771 0.079630
8 0.668490 0.722222 0.105729 0.214815
4 0.983333 0.754630 0.015625 0.035185
4 0.925781 0.537500 0.018229 0.019444
1 0.927083 0.465741 0.021875 0.051852
8 0.907813 0.493519 0.061458 0.103704
4 0.868490 0.385648 0.014063 0.021296
5 0.865365 0.390278 0.024479 0.032407
1 0.862760 0.317130 0.019271 0.045370
8 0.854167 0.343981 0.048958 0.100926
1 0.892708 0.312963 0.018750 0.040741
8 0.887240 0.333796 0.028646 0.084259
1 0.801823 0.163426 0.016146 0.037963
8 0.789323 0.180556 0.043229 0.072222
3 0.792969 0.230556 0.010937 0.016667
8 0.824740 0.191204 0.027604 0.065741
1 0.830469 0.175926 0.014063 0.033333
4 0.773698 0.154167 0.015104 0.021296
1 0.771094 0.105556 0.016146 0.037037
8 0.763542 0.123611 0.040625 0.075000
1 0.805208 0.117593 0.012500 0.031481
1 0.801042 0.129630 0.032292 0.057407
4 0.740365 0.102315 0.014063 0.019444
1 0.745833 0.067130 0.012500 0.028704
8 0.739844 0.078241 0.032813 0.050926
1 0.751563 0.043056 0.012500 0.025000
2 0.719271 0.027315 0.012500 0.026852
8 0.713542 0.041667 0.028125 0.055556
