5 0.118490 0.403704 0.025521 0.025926
3 0.137240 0.381481 0.014063 0.022222
6 0.129688 0.371759 0.023958 0.039815
1 0.126042 0.331481 0.017708 0.042593
8 0.139844 0.343056 0.045312 0.065741
3 0.157812 0.278241 0.011458 0.017593
1 0.146615 0.212500 0.016146 0.041667
8 0.155469 0.236111 0.041146 0.090741
5 0.179688 0.200926 0.014583 0.018519
5 0.217969 0.191667 0.019271 0.020370
1 0.188542 0.150000 0.014583 0.029630
1 0.218490 0.154630 0.014063 0.037037
4 0.190625 0.183333 0.015625 0.014815
8 0.193490 0.162500 0.032813 0.056481
8 0.227865 0.165278 0.038021 0.060185
4 0.207813 0.139815 0.014583 0.014815
1 0.206771 0.111111 0.011458 0.031481
8 0.212240 0.119907 0.028646 0.049074
0 0.241667 0.082870 0.011458 0.028704
8 0.244271 0.105556 0.034375 0.072222
3 0.263542 0.093056 0.009375 0.010185
1 0.263542 0.068981 0.014583 0.028704
1 0.276562 0.072222 0.042708 0.037037
1 0.275000 0.030556 0.012500 0.027778
1 0.305469 0.018056 0.011979 0.025000
9 0.277344 0.037500 0.031771 0.043519
4 0.301823 0.052778 0.009896 0.012963
8 0.307292 0.030556 0.031250 0.050000
1 0.358073 0.081481 0.015104 0.033333
1 0.392188 0.084722 0.018750 0.036111
1 0.395313 0.047685 0.013542 0.030556
1 0.440365 0.103704 0.017188 0.029630
4 0.355990 0.118519 0.011979 0.014815
4 0.386719 0.125926 0.017188 0.018519
4 0.427865 0.068056 0.018229 0.013889
4 0.467969 0.059259 0.020313 0.012963
0 0.426823 0.034259 0.013021 0.031481
3 0.430990 0.131019 0.007812 0.013889
8 0.355990 0.100463 0.039062 0.069444
8 0.395313 0.098611 0.039583 0.069444
8 0.429688 0.047222 0.041667 0.055556
9 0.389844 0.056019 0.036979 0.050926
9 0.434115 0.107407 0.040104 0.048148
1 0.468490 0.031481 0.013021 0.027778
1 0.484115 0.077778 0.019271 0.033333
1 0.513542 0.030556 0.014583 0.029630
1 0.554167 0.041667 0.014583 0.027778
1 0.566146 0.079630 0.017708 0.033333
4 0.484115 0.116667 0.017188 0.014815
8 0.482292 0.091667 0.051042 0.062963
8 0.511719 0.045370 0.039062 0.061111
8 0.568490 0.093056 0.044271 0.062037
9 0.549740 0.045370 0.040104 0.050000
8 0.469271 0.042593 0.036458 0.050000
5 0.532813 0.077778 0.025000 0.016667
5 0.533594 0.126852 0.018229 0.018519
5 0.595313 0.065741 0.010417 0.016667
1 0.593490 0.033333 0.015104 0.033333
1 0.643490 0.042593 0.014063 0.031481
2 0.657292 0.069907 0.015625 0.036111
5 0.610938 0.078704 0.020833 0.012963
5 0.613542 0.128241 0.019792 0.019444
9 0.594271 0.044907 0.046875 0.054630
8 0.652865 0.093056 0.045312 0.082407
8 0.637240 0.051389 0.036979 0.049074
5 0.621615 0.203704 0.023438 0.025926
5 0.662240 0.218056 0.044271 0.026852
5 0.721094 0.215741 0.023438 0.025926
4 0.701042 0.296759 0.023958 0.023148
4 0.757292 0.317130 0.023958 0.025000
4 0.702865 0.206019 0.018229 0.023148
5 0.721615 0.314815 0.021354 0.029630
1 0.659115 0.137037 0.019271 0.042593
1 0.707292 0.163426 0.018750 0.037963
1 0.701042 0.243519 0.020833 0.048148
1 0.759115 0.240741 0.023438 0.051852
8 0.696615 0.262963 0.058854 0.094444
8 0.752865 0.269907 0.053646 0.112037
8 0.654167 0.161111 0.044792 0.094444
9 0.705990 0.176389 0.058854 0.075000
1 0.585417 0.127778 0.023958 0.042593
1 0.454688 0.130556 0.020833 0.046296
1 0.531771 0.220833 0.021875 0.050926
5 0.574740 0.200463 0.024479 0.030556
5 0.510417 0.195833 0.019792 0.023148
5 0.454167 0.205093 0.022917 0.025000
5 0.528646 0.295370 0.029167 0.035185
2 0.473438 0.218519 0.026042 0.048148
2 0.405990 0.130556 0.020313 0.048148
2 0.509115 0.127778 0.022396 0.042593
4 0.464583 0.280556 0.026042 0.024074
4 0.519792 0.291667 0.019792 0.029630
4 0.538021 0.275000 0.018750 0.020370
8 0.467969 0.243056 0.055729 0.097222
8 0.530990 0.244907 0.072396 0.104630
4 0.601042 0.160648 0.017708 0.028704
8 0.577865 0.148148 0.059896 0.083333
8 0.509115 0.150463 0.051562 0.087963
8 0.455469 0.151389 0.054688 0.089815
3 0.508594 0.195833 0.017188 0.010185
6 0.341667 0.291204 0.026042 0.034259
8 0.403125 0.156481 0.053125 0.103704
3 0.364063 0.305556 0.019792 0.012963
1 0.350521 0.249074 0.022917 0.044444
9 0.343490 0.259259 0.063021 0.081481
1 0.402344 0.218056 0.025521 0.050926
5 0.368490 0.308796 0.026562 0.036111
5 0.396094 0.294444 0.030729 0.024074
4 0.401042 0.276852 0.026042 0.024074
8 0.407292 0.243056 0.064583 0.102778
5 0.288542 0.303704 0.027083 0.033333
5 0.264062 0.229630 0.025000 0.024074
5 0.318490 0.218519 0.020313 0.018519
1 0.299740 0.161111 0.022396 0.040741
2 0.272135 0.165278 0.018229 0.037963
8 0.268490 0.186111 0.047396 0.081481
8 0.314063 0.191204 0.048958 0.097222
1 0.191146 0.380556 0.025000 0.048148
4 0.193490 0.429630 0.017188 0.024074
9 0.199740 0.389352 0.057813 0.097222
3 0.262240 0.429167 0.020313 0.023148
1 0.252344 0.362037 0.023438 0.053704
8 0.254948 0.380556 0.063021 0.111111
4 0.315365 0.402778 0.032813 0.033333
1 0.315365 0.349074 0.026562 0.057407
8 0.321615 0.368519 0.079687 0.100000
5 0.369792 0.424537 0.038542 0.034259
5 0.460938 0.407870 0.038542 0.036111
5 0.531771 0.419444 0.029167 0.048148
4 0.596615 0.411111 0.027604 0.031481
1 0.595313 0.336111 0.027083 0.055556
8 0.587240 0.357407 0.074479 0.129630
3 0.647917 0.431019 0.016667 0.030556
7 0.662240 0.380093 0.026562 0.049074
7 0.722917 0.398611 0.030208 0.045370
9 0.654167 0.368056 0.060417 0.123148
9 0.716667 0.393981 0.061458 0.097222
4 0.784115 0.425000 0.026562 0.020370
1 0.785417 0.374537 0.021875 0.045370
9 0.779167 0.390278 0.066667 0.087963
4 0.775521 0.603704 0.026042 0.025926
4 0.833594 0.611111 0.024479 0.029630
0 0.773438 0.509259 0.029167 0.068519
1 0.841146 0.528704 0.030208 0.061111
1 0.762240 0.626852 0.030729 0.037037
5 0.838542 0.619444 0.033333 0.042593
9 0.755990 0.542593 0.068229 0.133333
9 0.822396 0.543519 0.066667 0.151852
4 0.685417 0.602315 0.030208 0.034259
1 0.685417 0.493519 0.030208 0.072222
8 0.685417 0.531944 0.073958 0.165741
1 0.643490 0.541204 0.038021 0.080556
9 0.608594 0.605556 0.110937 0.281481
5 0.729167 0.843519 0.051042 0.088889
1 0.681250 0.651389 0.031250 0.073148
4 0.689844 0.806019 0.034896 0.032407
8 0.663542 0.718519 0.112500 0.205556
2 0.348438 0.479630 0.029167 0.062963
1 0.409115 0.457870 0.032813 0.073148
4 0.347396 0.606019 0.032292 0.036111
3 0.423438 0.594907 0.015625 0.037963
5 0.432292 0.599074 0.058333 0.059259
8 0.345313 0.532870 0.071875 0.178704
8 0.423438 0.497685 0.075000 0.154630
5 0.259115 0.618519 0.032813 0.046296
5 0.195573 0.605556 0.031771 0.055556
5 0.134115 0.606481 0.027604 0.050000
3 0.138021 0.606019 0.014583 0.032407
3 0.196094 0.598611 0.014063 0.034259
1 0.253646 0.502778 0.030208 0.059259
8 0.272396 0.538889 0.072917 0.138889
8 0.221615 0.522685 0.048438 0.117593
1 0.148958 0.562037 0.026042 0.055556
9 0.159115 0.568519 0.079687 0.103704
4 0.167969 0.605093 0.015104 0.032407
4 0.984115 0.752315 0.016146 0.039815
5 0.984896 0.768056 0.020833 0.041667
5 0.921615 0.540278 0.023438 0.047222
4 0.925521 0.537500 0.017708 0.019444
1 0.926042 0.464815 0.023958 0.051852
8 0.905990 0.492593 0.063021 0.105556
4 0.868490 0.385648 0.014063 0.019444
5 0.865365 0.390741 0.025521 0.033333
1 0.862240 0.317130 0.020313 0.047222
8 0.856771 0.343056 0.044792 0.102778
1 0.892969 0.314815 0.019271 0.040741
8 0.887240 0.335185 0.029687 0.081481
3 0.792188 0.230556 0.009375 0.016667
1 0.802344 0.165741 0.014063 0.038889
1 0.829688 0.179630 0.014583 0.037037
8 0.788542 0.181019 0.043750 0.071296
8 0.823438 0.192130 0.026042 0.063889
4 0.772917 0.153704 0.014583 0.018519
1 0.769792 0.106019 0.017708 0.037963
1 0.804948 0.115278 0.013021 0.032407
8 0.763542 0.124074 0.039583 0.072222
8 0.801042 0.129167 0.032292 0.060185
4 0.740365 0.100926 0.015104 0.018519
1 0.746615 0.066667 0.013021 0.027778
8 0.738542 0.077778 0.033333 0.051852
1 0.752344 0.043056 0.013021 0.023148
1 0.718750 0.028241 0.012500 0.028704
8 0.713021 0.041204 0.029167 0.054630
