5 0.729688 0.843056 0.051042 0.089815
4 0.747917 0.736111 0.027083 0.031481
2 0.680990 0.631019 0.035937 0.080556
8 0.681771 0.692593 0.152083 0.198148
4 0.832292 0.605556 0.023958 0.025926
4 0.776042 0.593519 0.029167 0.022222
5 0.763021 0.621759 0.030208 0.043519
5 0.838542 0.618981 0.033333 0.043519
1 0.840365 0.525926 0.031771 0.062963
9 0.823438 0.543519 0.071875 0.151852
4 0.772396 0.530556 0.031250 0.064815
9 0.754167 0.543981 0.071875 0.123148
2 0.690365 0.487500 0.036979 0.069444
8 0.679688 0.530556 0.079167 0.159259
5 0.596615 0.606944 0.048438 0.062037
2 0.612240 0.498148 0.038021 0.068519
8 0.603646 0.517130 0.086458 0.137963
4 0.428646 0.581019 0.026042 0.025000
4 0.341667 0.598148 0.023958 0.031481
5 0.432292 0.600463 0.059375 0.062037
2 0.405990 0.468519 0.041146 0.066667
8 0.428646 0.516204 0.085417 0.154630
1 0.338542 0.468056 0.028125 0.065741
8 0.349219 0.518056 0.077604 0.167593
4 0.261719 0.605556 0.036979 0.035185
5 0.261198 0.610648 0.033854 0.056481
1 0.259115 0.516204 0.027604 0.067593
8 0.270313 0.552315 0.082292 0.141667
1 0.194792 0.504630 0.026042 0.057407
8 0.211198 0.532870 0.056771 0.125000
4 0.141667 0.596759 0.020833 0.030556
1 0.137240 0.537963 0.023438 0.055556
9 0.147917 0.555556 0.069792 0.103704
4 0.194271 0.431019 0.016667 0.023148
1 0.190365 0.377778 0.026562 0.046296
9 0.201563 0.391204 0.056250 0.100926
4 0.257292 0.422685 0.029167 0.030556
1 0.254948 0.370370 0.024479 0.050000
9 0.254688 0.373611 0.060417 0.106481
4 0.315365 0.406019 0.034896 0.030556
1 0.316667 0.343519 0.027083 0.061111
9 0.324219 0.367593 0.078646 0.105556
5 0.369792 0.423611 0.038542 0.030556
5 0.461198 0.406481 0.038021 0.038889
5 0.531771 0.418056 0.029167 0.047222
4 0.596615 0.410185 0.027604 0.031481
1 0.593490 0.337037 0.028646 0.055556
8 0.588021 0.355556 0.075000 0.133333
3 0.647917 0.430556 0.015625 0.029630
7 0.662240 0.381019 0.027604 0.050926
9 0.654167 0.368056 0.059375 0.125000
7 0.724219 0.397685 0.032813 0.054630
9 0.715365 0.393981 0.061979 0.100926
4 0.783594 0.418519 0.026562 0.024074
1 0.785417 0.354167 0.022917 0.050926
8 0.777865 0.378704 0.064062 0.100000
5 0.789844 0.426389 0.029687 0.039815
1 0.759115 0.235648 0.023438 0.056481
4 0.759115 0.318519 0.023438 0.024074
8 0.752865 0.268519 0.051562 0.118519
4 0.701042 0.296759 0.023958 0.019444
5 0.710417 0.312037 0.042708 0.031481
1 0.704688 0.236111 0.021875 0.044444
8 0.697917 0.260648 0.058333 0.093519
3 0.523438 0.293981 0.009375 0.019444
4 0.527865 0.281019 0.019271 0.028704
1 0.534896 0.219907 0.023958 0.050926
8 0.529167 0.241667 0.071875 0.092593
4 0.462240 0.281019 0.019271 0.028704
1 0.470313 0.230556 0.021875 0.044444
9 0.466667 0.243519 0.054167 0.077778
3 0.396615 0.289815 0.015104 0.020370
1 0.402865 0.205093 0.026562 0.050926
8 0.407292 0.243519 0.060417 0.131481
3 0.364063 0.306019 0.019792 0.012037
5 0.368750 0.307407 0.028125 0.037037
6 0.340365 0.291204 0.029687 0.032407
1 0.343490 0.230556 0.021354 0.046296
8 0.343490 0.256019 0.063021 0.100926
5 0.288021 0.300926 0.027083 0.031481
2 0.313021 0.150000 0.022917 0.044444
8 0.319271 0.175463 0.059375 0.087963
3 0.382292 0.204167 0.010417 0.015741
0 0.408594 0.117593 0.023438 0.044444
8 0.405990 0.143519 0.050521 0.101852
4 0.452865 0.193056 0.026562 0.019444
1 0.451042 0.131019 0.020833 0.043519
8 0.454688 0.155556 0.056250 0.092593
4 0.506771 0.190741 0.017708 0.022222
5 0.509896 0.193056 0.020833 0.023148
1 0.509115 0.119907 0.018229 0.043519
8 0.512240 0.143056 0.058854 0.093519
3 0.579167 0.204630 0.015625 0.009259
5 0.575521 0.199074 0.025000 0.031481
2 0.594792 0.113889 0.020833 0.038889
8 0.593490 0.142130 0.073438 0.097222
5 0.622396 0.203241 0.021875 0.023148
6 0.662240 0.214815 0.042188 0.035185
1 0.659115 0.134259 0.018229 0.044444
8 0.654167 0.160185 0.042708 0.094444
1 0.706771 0.159722 0.019792 0.043519
9 0.705469 0.174537 0.057813 0.080556
2 0.646615 0.069907 0.017188 0.036111
8 0.645573 0.093519 0.033854 0.077778
3 0.571615 0.125463 0.009896 0.012037
2 0.564063 0.072222 0.018750 0.031481
8 0.565365 0.091204 0.041146 0.069444
5 0.534115 0.125463 0.018229 0.019444
4 0.484115 0.116667 0.017188 0.012963
1 0.482292 0.078241 0.019792 0.034259
8 0.479167 0.091667 0.050000 0.059259
1 0.432292 0.092593 0.018750 0.035185
4 0.429167 0.118056 0.016667 0.017593
9 0.434115 0.101852 0.035937 0.053704
4 0.388542 0.124537 0.018750 0.019444
1 0.394792 0.085648 0.019792 0.041667
8 0.396094 0.099074 0.041146 0.068519
4 0.354167 0.131481 0.014583 0.014815
1 0.351042 0.089815 0.015625 0.033333
8 0.354167 0.106019 0.042708 0.067593
1 0.395313 0.046759 0.013542 0.030556
9 0.389844 0.056019 0.039062 0.050926
1 0.426563 0.031019 0.012500 0.028704
8 0.429948 0.043519 0.040104 0.061111
1 0.468490 0.016204 0.014063 0.030556
8 0.470313 0.031019 0.037500 0.060185
6 0.513542 0.068519 0.026042 0.018519
1 0.509896 0.027315 0.013542 0.028704
8 0.507292 0.042593 0.037500 0.057407
6 0.546615 0.068519 0.021354 0.020370
1 0.552865 0.034259 0.014063 0.031481
9 0.547396 0.043056 0.037500 0.049074
4 0.592969 0.068056 0.014063 0.015741
1 0.594792 0.030556 0.014583 0.033333
9 0.593490 0.043056 0.045312 0.058333
1 0.640365 0.032407 0.014063 0.031481
8 0.638542 0.043056 0.041667 0.056481
4 0.983594 0.747222 0.016146 0.044444
4 0.926042 0.534259 0.018750 0.018519
5 0.921615 0.541204 0.023438 0.047222
1 0.926042 0.463889 0.021875 0.051852
8 0.904167 0.491204 0.064583 0.108333
4 0.868490 0.385648 0.014063 0.019444
1 0.862500 0.316667 0.021875 0.046296
8 0.854688 0.343519 0.047917 0.101852
4 0.894271 0.365278 0.015625 0.019444
1 0.896615 0.311574 0.017188 0.043519
8 0.888542 0.330556 0.033333 0.083333
1 0.803646 0.165278 0.017708 0.037963
1 0.829948 0.178704 0.016146 0.038889
8 0.789323 0.181019 0.047396 0.069444
8 0.823438 0.191667 0.025000 0.064815
4 0.772917 0.154630 0.014583 0.018519
1 0.771094 0.105556 0.017188 0.037037
8 0.764844 0.126852 0.041146 0.074074
1 0.805990 0.118056 0.015104 0.034259
8 0.799740 0.131019 0.033854 0.054630
1 0.745313 0.066204 0.013542 0.028704
8 0.738542 0.078704 0.033333 0.053704
2 0.745313 0.031019 0.012500 0.025000
8 0.743490 0.043981 0.031771 0.050926
1 0.714063 0.018056 0.010417 0.028704
8 0.713021 0.030556 0.026042 0.053704
5 0.129688 0.369444 0.023958 0.037037
3 0.138021 0.381019 0.014583 0.019444
1 0.129167 0.297685 0.019792 0.043519
8 0.141146 0.318056 0.044792 0.087963
3 0.159115 0.278704 0.010937 0.016667
1 0.147396 0.215278 0.018750 0.037963
8 0.153646 0.231481 0.043750 0.075926
5 0.180469 0.200000 0.014063 0.018519
5 0.217188 0.192130 0.018750 0.019444
1 0.188542 0.147685 0.013542 0.030556
8 0.192188 0.164815 0.031250 0.059259
1 0.216667 0.153241 0.014583 0.037963
1 0.255990 0.081019 0.014063 0.039815
1 0.208594 0.110185 0.011979 0.031481
8 0.212240 0.118519 0.026562 0.048148
8 0.255990 0.142130 0.056771 0.152778
1 0.265365 0.068056 0.009896 0.026852
9 0.279167 0.070833 0.037500 0.037963
1 0.278646 0.031019 0.013542 0.028704
1 0.293490 0.026389 0.014063 0.025000
8 0.304167 0.030556 0.034375 0.042593
4 0.366667 0.030556 0.012500 0.014815
