4 0.984375 0.752315 0.015625 0.039815
5 0.984896 0.768056 0.020833 0.039815
5 0.729167 0.843056 0.051042 0.091667
4 0.689063 0.806019 0.040625 0.036111
1 0.672917 0.655556 0.032292 0.075926
8 0.669271 0.720370 0.108333 0.211111
4 0.832292 0.606481 0.023958 0.027778
5 0.838542 0.618981 0.034375 0.043519
4 0.776563 0.593519 0.030208 0.022222
5 0.763021 0.622685 0.029167 0.043519
1 0.838021 0.531481 0.029167 0.061111
9 0.824740 0.543519 0.069271 0.151852
1 0.773438 0.530556 0.030208 0.061111
9 0.755990 0.544444 0.067187 0.124074
4 0.685417 0.604167 0.035417 0.032407
1 0.686198 0.499074 0.033854 0.070370
8 0.683594 0.530556 0.078646 0.166667
5 0.596615 0.605556 0.047396 0.068519
1 0.594271 0.455556 0.033333 0.074074
8 0.597396 0.497685 0.100000 0.156481
4 0.426563 0.584259 0.035417 0.037037
5 0.431771 0.609722 0.057292 0.043519
1 0.424219 0.488426 0.029687 0.075000
8 0.429167 0.528241 0.088542 0.154630
4 0.347396 0.594907 0.030208 0.028704
1 0.341667 0.481019 0.029167 0.067593
8 0.346615 0.529630 0.073438 0.164815
6 0.260417 0.610648 0.033333 0.056481
2 0.226042 0.499537 0.028125 0.067593
9 0.247917 0.543056 0.119792 0.152778
1 0.195573 0.502778 0.025521 0.059259
8 0.206250 0.526852 0.046875 0.109259
3 0.137240 0.606019 0.015104 0.032407
5 0.134115 0.606019 0.030729 0.050926
2 0.143490 0.531019 0.028646 0.050926
9 0.155990 0.547685 0.073438 0.093519
4 0.193490 0.430556 0.017188 0.022222
1 0.190365 0.379630 0.023438 0.046296
9 0.200000 0.391204 0.056250 0.097222
4 0.255990 0.424074 0.031771 0.029630
1 0.254688 0.372222 0.022917 0.044444
9 0.254948 0.376852 0.061979 0.111111
4 0.316146 0.402315 0.031250 0.034259
1 0.317188 0.343056 0.027083 0.060185
9 0.324740 0.368519 0.077604 0.105556
5 0.369792 0.424074 0.038542 0.031481
5 0.461198 0.407407 0.038021 0.038889
5 0.531771 0.418519 0.028125 0.046296
4 0.596615 0.406481 0.028646 0.029630
1 0.596615 0.330556 0.029687 0.061111
8 0.588542 0.356019 0.073958 0.128704
3 0.647917 0.430556 0.016667 0.029630
7 0.660417 0.380556 0.028125 0.053704
9 0.654167 0.368056 0.060417 0.125000
7 0.724740 0.394907 0.031771 0.047222
9 0.716667 0.393981 0.060417 0.100926
4 0.784115 0.423611 0.028646 0.019444
1 0.787240 0.373611 0.023438 0.045370
9 0.777865 0.388889 0.069271 0.087037
4 0.763542 0.318519 0.016667 0.020370
4 0.702865 0.295370 0.023438 0.022222
5 0.710417 0.315278 0.042708 0.028704
1 0.704688 0.234259 0.020833 0.044444
8 0.698438 0.257870 0.059375 0.097222
1 0.760417 0.231481 0.022917 0.053704
8 0.752865 0.268519 0.052604 0.122222
4 0.519792 0.291667 0.017708 0.027778
4 0.538542 0.272685 0.017708 0.019444
5 0.529167 0.293519 0.029167 0.035185
1 0.532813 0.225463 0.020833 0.049074
8 0.530990 0.243056 0.071354 0.102778
4 0.462240 0.280556 0.019271 0.029630
1 0.468490 0.237500 0.023438 0.043519
9 0.466667 0.243519 0.054167 0.074074
4 0.401042 0.277778 0.026042 0.024074
5 0.396094 0.294444 0.030729 0.022222
3 0.364063 0.306019 0.020833 0.012037
5 0.368490 0.306944 0.027604 0.037963
6 0.338542 0.290741 0.029167 0.038889
1 0.405990 0.218519 0.024479 0.053704
8 0.405990 0.241667 0.064062 0.098148
5 0.287240 0.301389 0.027604 0.030556
1 0.338542 0.212037 0.020833 0.055556
8 0.343490 0.242130 0.060937 0.113889
4 0.267448 0.218519 0.016146 0.014815
5 0.264844 0.229167 0.024479 0.023148
1 0.267188 0.177778 0.016667 0.037037
9 0.266667 0.190741 0.051042 0.077778
5 0.318490 0.215278 0.020313 0.025000
0 0.302865 0.131019 0.019271 0.043519
8 0.317188 0.156944 0.050000 0.097222
3 0.387240 0.210185 0.010937 0.018519
1 0.405990 0.130556 0.019271 0.048148
8 0.404948 0.155556 0.049479 0.100000
4 0.452865 0.193519 0.025521 0.020370
1 0.459115 0.131019 0.019271 0.047222
8 0.455469 0.155556 0.051562 0.094444
4 0.504687 0.190741 0.023958 0.020370
5 0.509115 0.194907 0.019271 0.025000
1 0.507292 0.123148 0.017708 0.044444
8 0.508594 0.148611 0.051562 0.093519
4 0.579167 0.195833 0.016667 0.025000
2 0.583594 0.116204 0.019271 0.041667
8 0.574740 0.152315 0.045312 0.113889
5 0.621615 0.203241 0.023438 0.025000
5 0.660417 0.218056 0.040625 0.026852
1 0.659115 0.136111 0.017188 0.042593
8 0.654167 0.161574 0.042708 0.093519
1 0.709115 0.168519 0.019271 0.037037
9 0.705990 0.175926 0.057813 0.074074
5 0.613542 0.128704 0.018750 0.020370
0 0.640365 0.080556 0.016146 0.037037
8 0.642188 0.096759 0.061458 0.069444
1 0.567448 0.080556 0.016146 0.033333
9 0.566667 0.093519 0.040625 0.062963
5 0.533594 0.125926 0.017188 0.018519
4 0.484115 0.116204 0.017188 0.012037
1 0.483594 0.078704 0.017188 0.035185
8 0.479167 0.091667 0.048958 0.061111
4 0.427344 0.124537 0.014063 0.019444
1 0.440365 0.104630 0.017188 0.027778
9 0.435417 0.109722 0.039583 0.043519
1 0.395313 0.085648 0.018750 0.032407
4 0.387240 0.128241 0.018229 0.017593
8 0.395573 0.099074 0.036979 0.068519
5 0.358594 0.141667 0.017188 0.020370
1 0.357292 0.081019 0.014583 0.034259
8 0.357292 0.098148 0.039583 0.068519
1 0.395313 0.048611 0.014583 0.030556
9 0.390365 0.055556 0.038021 0.048148
4 0.424219 0.071296 0.015104 0.011111
2 0.438542 0.030556 0.014583 0.029630
5 0.434115 0.073611 0.026562 0.017593
8 0.430990 0.046296 0.044271 0.061111
4 0.468490 0.058333 0.018229 0.012963
1 0.468750 0.030556 0.012500 0.029630
8 0.470313 0.041204 0.034375 0.050926
1 0.513021 0.030556 0.013542 0.031481
8 0.512240 0.043056 0.036979 0.054630
5 0.534115 0.077778 0.023438 0.016667
6 0.544792 0.068056 0.016667 0.015741
1 0.546615 0.030556 0.014063 0.033333
8 0.551042 0.042593 0.040625 0.057407
4 0.595313 0.065741 0.011458 0.014815
1 0.595313 0.032407 0.015625 0.033333
9 0.593490 0.043519 0.045312 0.055556
1 0.643750 0.039815 0.015625 0.037037
8 0.638542 0.049074 0.039583 0.055556
4 0.926042 0.536574 0.017708 0.019444
5 0.921615 0.540741 0.024479 0.048148
1 0.927865 0.465278 0.021354 0.050926
8 0.908594 0.491667 0.057813 0.109259
4 0.868490 0.384722 0.014063 0.019444
5 0.865365 0.390741 0.026562 0.033333
1 0.863021 0.317130 0.017708 0.045370
8 0.854688 0.343519 0.046875 0.101852
1 0.894792 0.318519 0.018750 0.040741
8 0.887240 0.334722 0.031771 0.080556
3 0.792188 0.230093 0.009375 0.015741
1 0.802865 0.165278 0.017188 0.039815
8 0.788542 0.179630 0.044792 0.070370
1 0.830990 0.181944 0.016146 0.037963
8 0.823698 0.193056 0.030729 0.060185
4 0.773438 0.154630 0.015625 0.018519
1 0.771094 0.106019 0.016146 0.037963
8 0.763542 0.123148 0.039583 0.079630
1 0.804688 0.115741 0.012500 0.033333
8 0.801823 0.129167 0.031771 0.062037
4 0.741146 0.100000 0.013542 0.018519
1 0.745313 0.066667 0.012500 0.025926
8 0.738542 0.078704 0.032292 0.051852
1 0.752344 0.043519 0.013021 0.022222
9 0.745313 0.052778 0.033333 0.040741
1 0.714844 0.019444 0.013021 0.027778
8 0.713021 0.031019 0.026042 0.049074
9 0.367188 0.019907 0.034375 0.037963
4 0.301563 0.051852 0.012500 0.012963
1 0.304688 0.018519 0.012500 0.025926
8 0.308594 0.030556 0.032813 0.051852
1 0.280990 0.030093 0.014063 0.028704
8 0.279167 0.036111 0.028125 0.044444
5 0.260417 0.093519 0.014583 0.012963
1 0.263542 0.068519 0.014583 0.027778
9 0.277865 0.071296 0.041146 0.038889
0 0.242448 0.085648 0.011979 0.030556
4 0.237240 0.135648 0.013021 0.019444
8 0.246615 0.105556 0.032813 0.072222
4 0.208594 0.139815 0.016146 0.014815
1 0.205990 0.111111 0.011979 0.031481
8 0.212240 0.118981 0.026562 0.047222
5 0.217969 0.192593 0.019271 0.022222
4 0.188542 0.181019 0.015625 0.013889
1 0.216667 0.156019 0.014583 0.036111
8 0.226042 0.166204 0.039583 0.056481
1 0.188542 0.147222 0.013542 0.031481
8 0.192969 0.161574 0.031771 0.056481
4 0.159115 0.278704 0.010937 0.016667
0 0.149219 0.201852 0.017188 0.040741
8 0.157292 0.225926 0.043750 0.094444
3 0.138021 0.381019 0.015625 0.019444
6 0.127865 0.368981 0.025521 0.036111
1 0.123438 0.330556 0.019792 0.038889
8 0.138021 0.343519 0.046875 0.070370
