5 0.129948 0.369444 0.024479 0.038889
3 0.137240 0.380556 0.015104 0.020370
1 0.124219 0.326852 0.020313 0.040741
8 0.137500 0.335185 0.046875 0.057407
1 0.147396 0.215741 0.017708 0.038889
8 0.153646 0.234722 0.043750 0.080556
3 0.159115 0.278241 0.010937 0.017593
5 0.179688 0.200463 0.014583 0.019444
5 0.217448 0.192130 0.019271 0.021296
1 0.186198 0.153241 0.013021 0.026852
8 0.192188 0.165741 0.031250 0.053704
1 0.217448 0.155556 0.013021 0.038889
8 0.224219 0.158333 0.032813 0.048148
4 0.208594 0.139352 0.014063 0.013889
1 0.207292 0.110648 0.010417 0.030556
8 0.212240 0.118519 0.026562 0.048148
4 0.238542 0.130093 0.015625 0.013889
1 0.238542 0.097222 0.013542 0.031481
8 0.245573 0.107407 0.030729 0.053704
3 0.262240 0.093519 0.008854 0.009259
1 0.264323 0.068519 0.015104 0.029630
9 0.276562 0.070370 0.042708 0.040741
1 0.280990 0.030093 0.014063 0.030556
1 0.302344 0.020833 0.014063 0.023148
9 0.279167 0.036111 0.027083 0.044444
8 0.308594 0.030556 0.031771 0.048148
5 0.729167 0.843519 0.051042 0.088889
4 0.719792 0.743519 0.026042 0.070370
2 0.705990 0.655556 0.039062 0.074074
8 0.669271 0.707407 0.127083 0.175926
4 0.139063 0.603241 0.020833 0.030556
1 0.131771 0.543519 0.023958 0.055556
9 0.145573 0.562037 0.069271 0.105556
2 0.208594 0.505556 0.025521 0.061111
8 0.209115 0.531019 0.059896 0.113889
4 0.261719 0.603704 0.033854 0.027778
5 0.261719 0.610185 0.035937 0.055556
1 0.257292 0.531944 0.028125 0.062037
9 0.270313 0.555556 0.085417 0.120370
4 0.346615 0.602778 0.032813 0.029630
1 0.340625 0.481019 0.028125 0.069444
8 0.346875 0.530556 0.071875 0.172222
5 0.430990 0.598611 0.057813 0.065741
4 0.429167 0.567593 0.029167 0.024074
1 0.428646 0.472222 0.033333 0.068519
8 0.429948 0.509259 0.090104 0.144444
5 0.596615 0.607870 0.048438 0.063889
4 0.692448 0.604630 0.021354 0.033333
5 0.690365 0.618519 0.031771 0.051852
2 0.689063 0.468519 0.034375 0.077778
8 0.682813 0.526389 0.084375 0.187963
4 0.773438 0.598611 0.028125 0.030556
5 0.763542 0.625926 0.029167 0.038889
1 0.774740 0.531019 0.030729 0.063889
9 0.755990 0.547685 0.067187 0.130556
4 0.832292 0.606481 0.022917 0.027778
5 0.838021 0.618981 0.034375 0.043519
1 0.841667 0.527778 0.032292 0.059259
9 0.824219 0.543981 0.070312 0.152778
4 0.785417 0.421296 0.028125 0.024074
1 0.788542 0.373148 0.022917 0.044444
9 0.777865 0.389352 0.067187 0.089815
7 0.725000 0.398611 0.034375 0.054630
9 0.715365 0.394907 0.060937 0.102778
3 0.647396 0.431019 0.015625 0.028704
7 0.662500 0.381019 0.028125 0.056481
9 0.655469 0.368519 0.059896 0.124074
4 0.597396 0.408333 0.027083 0.031481
1 0.594792 0.335185 0.027083 0.055556
8 0.588542 0.356481 0.075000 0.131481
5 0.461198 0.407407 0.036979 0.037037
5 0.530990 0.418519 0.028646 0.046296
5 0.369792 0.423611 0.038542 0.030556
4 0.316146 0.405093 0.030208 0.032407
1 0.316667 0.344907 0.027083 0.060185
9 0.322917 0.368519 0.078125 0.103704
4 0.258594 0.423148 0.026562 0.031481
1 0.255990 0.377315 0.024479 0.047222
9 0.254688 0.374537 0.061458 0.106481
4 0.194271 0.430556 0.017708 0.022222
1 0.190365 0.379630 0.026562 0.046296
9 0.200000 0.390741 0.053125 0.101852
5 0.288021 0.301389 0.027083 0.030556
6 0.363021 0.281481 0.026042 0.038889
2 0.344271 0.207870 0.021875 0.050926
8 0.344792 0.242593 0.066667 0.114815
3 0.364063 0.306019 0.019792 0.012037
6 0.342969 0.292130 0.027604 0.030556
2 0.388542 0.218056 0.029167 0.050926
8 0.405469 0.253704 0.061979 0.120370
4 0.462240 0.281019 0.018229 0.030556
1 0.468490 0.223611 0.025521 0.054630
9 0.468490 0.242130 0.052604 0.086111
3 0.523438 0.294907 0.009375 0.019444
4 0.538542 0.272685 0.016667 0.019444
5 0.529167 0.294444 0.029167 0.035185
1 0.530990 0.213889 0.021354 0.051852
8 0.530990 0.240741 0.070312 0.107407
4 0.757292 0.318056 0.025000 0.025000
1 0.757292 0.237037 0.022917 0.055556
8 0.752865 0.268056 0.052604 0.119444
4 0.701042 0.294444 0.023958 0.022222
1 0.705990 0.235185 0.022396 0.044444
8 0.697917 0.260185 0.059375 0.094444
1 0.706771 0.161111 0.020833 0.044444
9 0.704688 0.174537 0.059375 0.080556
5 0.661719 0.218056 0.041146 0.026852
5 0.621615 0.202778 0.023438 0.024074
2 0.659896 0.132407 0.019792 0.037037
8 0.654167 0.161574 0.041667 0.093519
3 0.579167 0.204630 0.016667 0.009259
5 0.574740 0.200000 0.025521 0.031481
2 0.580990 0.118981 0.022396 0.041667
8 0.576042 0.143056 0.054167 0.089815
4 0.505990 0.192593 0.023438 0.018519
1 0.508594 0.124537 0.018229 0.043519
8 0.510417 0.150000 0.056250 0.094444
4 0.451823 0.193519 0.024479 0.020370
1 0.459896 0.129630 0.018750 0.046296
8 0.454688 0.155556 0.053125 0.098148
2 0.400521 0.120370 0.022917 0.046296
8 0.403646 0.152315 0.056250 0.104630
6 0.266146 0.229167 0.025000 0.032407
1 0.251563 0.156944 0.018750 0.036111
8 0.265365 0.181019 0.060937 0.099074
2 0.317969 0.118519 0.020313 0.042593
8 0.317969 0.154630 0.054688 0.107407
4 0.354167 0.132407 0.014583 0.014815
1 0.352344 0.089815 0.016146 0.033333
8 0.354167 0.105556 0.042708 0.066667
1 0.394271 0.084722 0.020833 0.030556
9 0.396094 0.096296 0.041146 0.062963
4 0.429688 0.118056 0.014583 0.019444
1 0.435417 0.093056 0.018750 0.032407
9 0.432292 0.100463 0.036458 0.049074
4 0.484375 0.116667 0.015625 0.014815
1 0.483594 0.078704 0.017188 0.035185
8 0.480469 0.092130 0.048438 0.062037
5 0.533594 0.127315 0.017188 0.021296
1 0.566667 0.080556 0.019792 0.035185
9 0.568490 0.093519 0.043229 0.062963
5 0.613542 0.128241 0.019792 0.021296
1 0.655469 0.080093 0.018229 0.036111
8 0.652865 0.095833 0.045312 0.073148
1 0.641146 0.035648 0.012500 0.030556
8 0.638542 0.047222 0.037500 0.055556
5 0.610417 0.079630 0.021875 0.012963
4 0.595313 0.066667 0.009375 0.012963
1 0.593490 0.031944 0.015104 0.034259
9 0.591667 0.043519 0.048958 0.055556
6 0.544792 0.068519 0.021875 0.022222
1 0.551042 0.035648 0.014583 0.030556
9 0.549219 0.043981 0.038021 0.049074
5 0.513542 0.068056 0.027083 0.017593
2 0.519792 0.028241 0.014583 0.030556
8 0.516667 0.041204 0.027083 0.056481
1 0.464062 0.028704 0.014583 0.029630
8 0.469792 0.039352 0.035417 0.052778
4 0.437240 0.066667 0.021354 0.012963
1 0.434896 0.030556 0.013542 0.029630
8 0.432292 0.043056 0.039583 0.054630
1 0.395313 0.047685 0.013542 0.030556
9 0.390365 0.056019 0.038021 0.049074
4 0.399740 0.018519 0.013021 0.014815
4 0.982292 0.755093 0.015625 0.032407
5 0.985938 0.774074 0.018750 0.031481
4 0.926042 0.537037 0.017708 0.018519
5 0.921615 0.542130 0.023438 0.047222
1 0.927344 0.464815 0.021354 0.050000
8 0.905990 0.493519 0.063021 0.107407
4 0.868490 0.384722 0.014063 0.019444
5 0.863542 0.390741 0.026042 0.033333
1 0.864323 0.317130 0.018229 0.041667
8 0.854688 0.343056 0.047917 0.102778
1 0.894792 0.318519 0.018750 0.040741
8 0.888542 0.331944 0.032292 0.082407
1 0.802865 0.166204 0.017188 0.037963
3 0.792188 0.230556 0.009375 0.014815
8 0.788542 0.181019 0.045833 0.067593
1 0.828125 0.177315 0.015625 0.037963
8 0.823698 0.190278 0.025521 0.063889
4 0.772917 0.154630 0.014583 0.018519
1 0.806771 0.118056 0.014583 0.034259
1 0.771094 0.105556 0.017188 0.035185
8 0.763542 0.126852 0.038542 0.074074
8 0.800521 0.130556 0.034375 0.055556
4 0.741146 0.102778 0.014583 0.016667
1 0.746615 0.067130 0.014063 0.025000
8 0.738542 0.081019 0.033333 0.056481
2 0.749219 0.039815 0.014063 0.024074
8 0.744792 0.052778 0.030208 0.050000
1 0.722917 0.026852 0.012500 0.027778
8 0.715365 0.036111 0.027604 0.046296
