5 0.729688 0.843056 0.051042 0.089815
4 0.699219 0.807407 0.034896 0.044444
1 0.691667 0.706944 0.038542 0.076852
8 0.658594 0.746296 0.118229 0.187037
4 0.984115 0.748148 0.014063 0.044444
5 0.984896 0.768519 0.021875 0.044444
1 0.123698 0.328704 0.019271 0.044444
5 0.127865 0.370370 0.024479 0.038889
3 0.138021 0.381019 0.015625 0.021296
8 0.137240 0.338889 0.048438 0.062963
3 0.159115 0.278704 0.011979 0.016667
1 0.147396 0.216667 0.017708 0.042593
8 0.155469 0.231944 0.041146 0.078704
5 0.180469 0.200463 0.015104 0.019444
5 0.217969 0.192130 0.019271 0.021296
5 0.185938 0.152778 0.013542 0.029630
8 0.192969 0.163426 0.031771 0.056481
1 0.217969 0.155556 0.014063 0.037037
8 0.227344 0.165741 0.038021 0.053704
1 0.207813 0.110185 0.011458 0.031481
4 0.208594 0.139352 0.015104 0.013889
8 0.212240 0.118056 0.026562 0.047222
4 0.238542 0.130093 0.014583 0.013889
1 0.239063 0.093519 0.012500 0.029630
8 0.246094 0.106481 0.032813 0.055556
3 0.263542 0.093056 0.010417 0.008333
5 0.260417 0.093056 0.015625 0.015741
1 0.264323 0.067593 0.015104 0.029630
9 0.278125 0.071296 0.043750 0.044444
1 0.279167 0.031019 0.011458 0.028704
8 0.279167 0.036111 0.026042 0.044444
1 0.301042 0.021759 0.012500 0.025000
4 0.299740 0.054630 0.010937 0.012963
8 0.307292 0.032407 0.032292 0.051852
1 0.395313 0.047222 0.014583 0.031481
9 0.390365 0.056019 0.038021 0.050926
4 0.427344 0.068519 0.020313 0.014815
1 0.427865 0.035648 0.013021 0.030556
8 0.429948 0.048611 0.041146 0.056481
1 0.465365 0.031944 0.013021 0.028704
8 0.468490 0.043519 0.035937 0.048148
5 0.513542 0.068519 0.023958 0.016667
5 0.533594 0.075926 0.023438 0.018519
1 0.544792 0.029630 0.015625 0.031481
1 0.513542 0.024074 0.013542 0.031481
8 0.507292 0.037500 0.039583 0.056481
6 0.546615 0.066667 0.017188 0.020370
8 0.547917 0.043056 0.041667 0.060185
4 0.595313 0.067130 0.011458 0.013889
1 0.593490 0.037500 0.015104 0.030556
9 0.591667 0.047222 0.048958 0.055556
5 0.610417 0.079630 0.022917 0.012963
1 0.644792 0.036111 0.014583 0.031481
8 0.639323 0.047222 0.043229 0.055556
5 0.613542 0.128704 0.019792 0.020370
1 0.655990 0.081019 0.019271 0.036111
8 0.653125 0.098611 0.046875 0.069444
5 0.533594 0.127778 0.018229 0.020370
1 0.567969 0.081019 0.017188 0.034259
8 0.569792 0.093519 0.044792 0.061111
4 0.484115 0.116667 0.017188 0.012963
1 0.482292 0.078704 0.017708 0.035185
8 0.477865 0.092130 0.050521 0.062037
4 0.429167 0.118519 0.015625 0.018519
1 0.437240 0.093519 0.018229 0.035185
9 0.433073 0.101389 0.038021 0.050926
1 0.394792 0.087963 0.019792 0.037037
8 0.396615 0.096296 0.041146 0.062963
1 0.348438 0.091204 0.016667 0.034259
8 0.355469 0.106019 0.040104 0.067593
4 0.354167 0.135185 0.010417 0.018519
4 0.265365 0.218056 0.014063 0.015741
5 0.263542 0.229167 0.025000 0.025000
1 0.268490 0.174074 0.017188 0.042593
9 0.271094 0.190278 0.055729 0.078704
6 0.322396 0.206481 0.020833 0.025926
2 0.330469 0.136574 0.020313 0.043519
8 0.338542 0.166667 0.073958 0.100000
4 0.392188 0.199074 0.021875 0.020370
2 0.396615 0.132407 0.023438 0.048148
8 0.401042 0.157870 0.051042 0.100926
4 0.452865 0.193056 0.027604 0.021296
1 0.461719 0.130093 0.021354 0.045370
8 0.455990 0.156019 0.052604 0.097222
4 0.510938 0.187963 0.031250 0.018519
1 0.510417 0.122685 0.019792 0.043519
8 0.510938 0.147685 0.058333 0.093519
3 0.579167 0.204630 0.016667 0.009259
5 0.575521 0.199537 0.026042 0.030556
5 0.621615 0.203704 0.023438 0.024074
2 0.580990 0.124074 0.021354 0.042593
8 0.574740 0.145370 0.050521 0.085185
5 0.661719 0.218519 0.040104 0.025926
1 0.659115 0.135648 0.019271 0.043519
8 0.654167 0.161574 0.041667 0.093519
4 0.702865 0.205556 0.017188 0.018519
1 0.705990 0.162037 0.020313 0.044444
9 0.704688 0.174537 0.058333 0.080556
4 0.759115 0.318056 0.024479 0.026852
1 0.759115 0.239352 0.023438 0.052778
8 0.752865 0.268056 0.052604 0.117593
4 0.701562 0.293981 0.023958 0.021296
1 0.704688 0.236111 0.021875 0.044444
8 0.697917 0.261111 0.059375 0.094444
3 0.523698 0.293981 0.009896 0.017593
4 0.538021 0.272685 0.018750 0.019444
1 0.529167 0.221759 0.020833 0.045370
8 0.531250 0.243519 0.071875 0.101852
4 0.462500 0.281019 0.018750 0.028704
1 0.463542 0.226389 0.022917 0.047222
9 0.465365 0.243519 0.054688 0.085185
1 0.403646 0.219907 0.026042 0.052778
8 0.405990 0.254630 0.056771 0.116667
3 0.364844 0.305556 0.019271 0.012963
5 0.368750 0.307870 0.028125 0.036111
6 0.344010 0.290741 0.023438 0.037037
2 0.345313 0.206019 0.021875 0.054630
8 0.346615 0.233333 0.064062 0.112963
8 0.288021 0.303241 0.026042 0.032407
4 0.194792 0.431019 0.017708 0.023148
4 0.259115 0.423148 0.024479 0.031481
1 0.190365 0.379167 0.026562 0.049074
9 0.201042 0.391667 0.055208 0.101852
1 0.256771 0.374537 0.023958 0.045370
9 0.255469 0.375000 0.060937 0.105556
4 0.316146 0.403704 0.031250 0.033333
1 0.315365 0.345833 0.026562 0.060185
9 0.324740 0.368519 0.077604 0.101852
5 0.369792 0.424537 0.038542 0.030556
5 0.460938 0.407407 0.037500 0.037037
5 0.530990 0.418519 0.028646 0.046296
4 0.597396 0.409722 0.028125 0.030556
1 0.595573 0.336574 0.027604 0.056481
8 0.587240 0.356481 0.075521 0.133333
3 0.647917 0.431019 0.015625 0.030556
7 0.661719 0.380556 0.029687 0.053704
9 0.654167 0.368056 0.060417 0.126852
7 0.722917 0.397685 0.033333 0.054630
9 0.716146 0.393981 0.060417 0.100926
4 0.782292 0.418056 0.033333 0.030556
1 0.788542 0.373148 0.023958 0.044444
9 0.779167 0.391204 0.063542 0.091667
4 0.832292 0.606944 0.023958 0.026852
5 0.837240 0.620833 0.035937 0.043519
1 0.841146 0.527778 0.033333 0.061111
9 0.824219 0.543519 0.070312 0.151852
4 0.776563 0.593519 0.030208 0.022222
5 0.763542 0.623611 0.030208 0.043519
1 0.771615 0.531019 0.031771 0.062037
9 0.755990 0.545370 0.069271 0.124074
4 0.685417 0.606019 0.034375 0.036111
5 0.694792 0.620833 0.031250 0.062037
1 0.687240 0.489815 0.030729 0.079630
8 0.681771 0.535648 0.081250 0.178704
5 0.596615 0.605556 0.048438 0.066667
1 0.604948 0.468519 0.033854 0.074074
8 0.602344 0.505556 0.085938 0.155556
5 0.432292 0.597222 0.058333 0.068519
4 0.410417 0.561574 0.020833 0.030556
1 0.439063 0.464352 0.038542 0.073148
8 0.434115 0.503241 0.101562 0.150926
4 0.346615 0.600926 0.030729 0.031481
1 0.338542 0.480556 0.028125 0.068519
8 0.346615 0.530556 0.073438 0.170370
4 0.260417 0.603704 0.034375 0.027778
5 0.261198 0.611111 0.034896 0.055556
1 0.255990 0.530556 0.028646 0.061111
9 0.270573 0.555556 0.084896 0.124074
4 0.196615 0.582407 0.024479 0.035185
5 0.196094 0.606481 0.031771 0.050000
1 0.193490 0.502315 0.024479 0.062037
8 0.209115 0.534722 0.053646 0.130556
3 0.137240 0.605093 0.013021 0.030556
2 0.134115 0.531019 0.026562 0.052778
9 0.146094 0.553241 0.065104 0.099074
5 0.132292 0.611574 0.026042 0.041667
4 0.925521 0.536111 0.017708 0.018519
5 0.921094 0.540741 0.024479 0.048148
1 0.926042 0.464352 0.021875 0.050926
8 0.905990 0.492130 0.063021 0.106481
4 0.868490 0.385185 0.015104 0.020370
5 0.865365 0.390278 0.025521 0.032407
1 0.863542 0.317130 0.020833 0.045370
8 0.854167 0.343519 0.048958 0.101852
1 0.894792 0.318056 0.017708 0.039815
8 0.888542 0.333333 0.032292 0.081481
3 0.792188 0.230556 0.009375 0.014815
1 0.803125 0.167593 0.018750 0.037037
8 0.789844 0.181019 0.045312 0.069444
1 0.827344 0.169444 0.016146 0.033333
8 0.824219 0.190741 0.026562 0.070370
4 0.772917 0.154630 0.015625 0.018519
1 0.771094 0.105556 0.016146 0.037037
8 0.762240 0.125926 0.042188 0.075926
1 0.806771 0.118056 0.014583 0.034259
8 0.799740 0.130093 0.033854 0.052778
7 0.747917 0.081019 0.014583 0.026852
9 0.738021 0.081944 0.035417 0.036111
1 0.752865 0.043056 0.011979 0.023148
8 0.746875 0.055556 0.031250 0.044444
2 0.725521 0.029167 0.013542 0.028704
8 0.717969 0.034259 0.027604 0.044444
