8 0.137760 0.339815 0.045312 0.066667
6 0.129167 0.368056 0.026042 0.037963
5 0.120313 0.404630 0.027083 0.027778
8 0.155469 0.240278 0.042188 0.087963
8 0.192969 0.163426 0.032813 0.069444
8 0.226042 0.158796 0.039583 0.062037
5 0.217188 0.192130 0.019792 0.025000
8 0.212500 0.119444 0.028125 0.048148
8 0.239844 0.115741 0.036979 0.057407
9 0.276823 0.073611 0.040104 0.043519
9 0.390365 0.057870 0.039062 0.052778
8 0.356771 0.102315 0.040625 0.076852
9 0.396094 0.100000 0.042188 0.070370
8 0.429688 0.047222 0.042708 0.061111
8 0.469271 0.042593 0.037500 0.053704
8 0.512240 0.045833 0.040104 0.062037
5 0.534375 0.128241 0.018750 0.023148
9 0.549740 0.045370 0.041146 0.051852
8 0.593490 0.044444 0.047396 0.061111
8 0.638542 0.047685 0.044792 0.056481
8 0.652344 0.102778 0.052604 0.079630
9 0.568490 0.093056 0.043229 0.063889
5 0.613542 0.129630 0.020833 0.024074
9 0.705990 0.176852 0.059896 0.081481
8 0.655469 0.157407 0.045312 0.100000
5 0.622917 0.203241 0.023958 0.030556
5 0.288542 0.304167 0.029167 0.034259
4 0.405990 0.275926 0.024479 0.024074
9 0.469792 0.246759 0.055208 0.089815
9 0.533073 0.243519 0.071354 0.090741
4 0.529167 0.281019 0.019792 0.028704
8 0.696094 0.260648 0.060937 0.093519
8 0.752344 0.270833 0.056771 0.115741
9 0.780469 0.390741 0.068229 0.092593
9 0.717969 0.393519 0.065104 0.103704
9 0.655469 0.368519 0.064062 0.129630
8 0.587240 0.352778 0.079687 0.140741
5 0.532292 0.424074 0.030208 0.051852
5 0.461198 0.409259 0.040104 0.038889
5 0.370312 0.424537 0.038542 0.036111
8 0.323437 0.370370 0.079167 0.103704
9 0.254167 0.381019 0.066667 0.125000
9 0.202865 0.385648 0.057813 0.106481
5 0.197917 0.605556 0.033333 0.061111
8 0.270313 0.525926 0.078125 0.144444
8 0.422396 0.513889 0.077083 0.168519
8 0.759896 0.550926 0.077083 0.144444
9 0.823438 0.543981 0.069792 0.158333
8 0.714844 0.037963 0.028646 0.044444
8 0.733333 0.069444 0.031250 0.064815
8 0.801042 0.129167 0.033333 0.060185
8 0.825521 0.193056 0.028125 0.065741
8 0.854688 0.343519 0.050000 0.107407
8 0.887240 0.333796 0.032813 0.086111
8 0.968750 0.709722 0.062500 0.093519
5 0.369271 0.308796 0.028125 0.039815
8 0.480990 0.091204 0.049479 0.067593
8 0.575260 0.144907 0.054688 0.097222
8 0.343490 0.251389 0.064062 0.106481
8 0.409635 0.238426 0.067187 0.106481
5 0.729688 0.843056 0.055208 0.093519
8 0.905469 0.493981 0.067187 0.110185
8 0.789844 0.182407 0.048438 0.070370
8 0.764583 0.124537 0.038542 0.080556
6 0.663542 0.215741 0.042708 0.035185
5 0.722396 0.217130 0.022917 0.026852
8 0.307812 0.031481 0.031250 0.053704
9 0.367969 0.018519 0.035937 0.035185
8 0.511198 0.144907 0.063021 0.100926
9 0.455469 0.163426 0.055729 0.099074
8 0.403385 0.162037 0.054688 0.094444
5 0.610417 0.078241 0.020833 0.017593
8 0.147396 0.541204 0.071875 0.112037
8 0.223438 0.505556 0.059375 0.159259
8 0.346094 0.532870 0.074479 0.176852
8 0.602865 0.525463 0.088021 0.175000
8 0.684115 0.541204 0.084896 0.189815
8 0.665365 0.731019 0.114062 0.225000
3 0.137760 0.382870 0.017188 0.025000
3 0.159115 0.277778 0.013021 0.022222
5 0.179688 0.203704 0.015625 0.020370
5 0.259896 0.095833 0.018750 0.017593
9 0.279167 0.040741 0.029167 0.044444
9 0.435417 0.108333 0.042708 0.055556
5 0.575521 0.203704 0.026042 0.031481
9 0.316146 0.178241 0.048958 0.086111
9 0.275260 0.187037 0.041146 0.081481
7 0.662240 0.380556 0.031771 0.057407
3 0.647917 0.430556 0.017708 0.033333
7 0.725521 0.403704 0.036458 0.057407
4 0.984896 0.753241 0.017708 0.045370
3 0.792188 0.229630 0.011458 0.020370
9 0.747917 0.055556 0.028125 0.048148
3 0.138021 0.605556 0.016667 0.038889
5 0.133073 0.606944 0.027604 0.054630
3 0.197135 0.609722 0.022396 0.034259
1 0.136719 0.518519 0.026562 0.062963
1 0.213542 0.459722 0.028125 0.065741
1 0.261719 0.493056 0.031771 0.075000
2 0.345833 0.481944 0.037500 0.071296
4 0.341667 0.605556 0.021875 0.040741
2 0.408594 0.469444 0.044271 0.077778
3 0.424219 0.595833 0.018229 0.041667
2 0.622135 0.479167 0.034896 0.080556
1 0.684115 0.486111 0.035937 0.081481
4 0.688542 0.818056 0.040625 0.045370
1 0.673438 0.662500 0.037500 0.080556
4 0.690885 0.603704 0.024479 0.042593
1 0.780990 0.519907 0.032813 0.065741
4 0.774219 0.612963 0.029687 0.031481
1 0.838542 0.529630 0.035417 0.068519
4 0.833333 0.611574 0.025000 0.030556
1 0.787500 0.376389 0.028125 0.050926
4 0.784896 0.425463 0.028125 0.030556
1 0.591667 0.326852 0.032292 0.062963
4 0.592187 0.408333 0.020833 0.029630
1 0.317188 0.350000 0.029167 0.064815
4 0.315365 0.401852 0.031771 0.037037
1 0.252865 0.376389 0.026562 0.052778
4 0.256771 0.429167 0.034375 0.026852
1 0.194271 0.373611 0.026042 0.054630
4 0.193490 0.425926 0.017188 0.024074
4 0.341667 0.289815 0.022917 0.027778
1 0.341667 0.230093 0.022917 0.056481
1 0.416146 0.215741 0.027083 0.061111
1 0.469792 0.228241 0.027083 0.050926
4 0.465365 0.280556 0.024479 0.025926
1 0.537760 0.236574 0.025521 0.056481
3 0.523698 0.294907 0.011979 0.026852
1 0.703646 0.244907 0.023958 0.050926
4 0.702865 0.297685 0.023438 0.026852
1 0.761458 0.241667 0.026042 0.057407
4 0.757812 0.315278 0.029167 0.026852
1 0.709896 0.166204 0.021875 0.049074
4 0.704948 0.206944 0.018229 0.021296
0 0.659896 0.133796 0.020833 0.047222
2 0.582812 0.118519 0.022917 0.044444
2 0.512760 0.118519 0.023438 0.048148
3 0.509896 0.195833 0.019792 0.013889
5 0.510417 0.196296 0.023958 0.033333
1 0.454688 0.136574 0.022917 0.047222
4 0.457813 0.194444 0.017708 0.020370
1 0.403385 0.143056 0.024479 0.049074
3 0.390625 0.210185 0.015625 0.022222
2 0.308073 0.158796 0.025521 0.047222
2 0.275000 0.170370 0.021875 0.042593
4 0.287240 0.214352 0.017188 0.019444
1 0.358594 0.081944 0.018229 0.037963
4 0.356510 0.118519 0.011979 0.014815
5 0.358594 0.141667 0.017188 0.022222
1 0.395313 0.087500 0.020833 0.041667
1 0.442188 0.106019 0.020833 0.036111
4 0.428125 0.126389 0.015625 0.026852
1 0.485417 0.078704 0.019792 0.037037
4 0.484115 0.116667 0.018229 0.018519
5 0.493490 0.129630 0.020313 0.024074
1 0.566146 0.080556 0.019792 0.035185
0 0.652083 0.084259 0.020833 0.044444
1 0.641667 0.038426 0.016667 0.036111
1 0.593490 0.031944 0.018229 0.037963
4 0.591667 0.064815 0.015625 0.016667
1 0.552344 0.043056 0.017188 0.032407
5 0.534115 0.078241 0.025521 0.021296
1 0.514323 0.032407 0.016146 0.033333
6 0.544792 0.067593 0.017708 0.022222
6 0.513542 0.071296 0.016667 0.016667
1 0.469271 0.031944 0.014583 0.032407
1 0.427344 0.034259 0.014063 0.033333
4 0.427865 0.069907 0.018229 0.017593
1 0.395313 0.049074 0.015625 0.031481
4 0.925781 0.537963 0.018229 0.022222
1 0.926562 0.467130 0.023958 0.056481
4 0.868750 0.385648 0.015625 0.025000
1 0.864323 0.318519 0.021354 0.051852
1 0.893490 0.315741 0.019271 0.042593
1 0.804688 0.170370 0.018750 0.040741
1 0.829688 0.180556 0.017708 0.040741
1 0.771875 0.107407 0.018750 0.040741
4 0.774219 0.156019 0.016146 0.021296
1 0.804688 0.117130 0.014583 0.036111
1 0.737500 0.056019 0.015625 0.032407
1 0.752344 0.044444 0.014063 0.027778
1 0.719271 0.030093 0.014583 0.028704
1 0.305208 0.020370 0.015625 0.029630
1 0.276823 0.032407 0.015104 0.029630
1 0.265365 0.068519 0.016146 0.031481
1 0.229167 0.105093 0.014583 0.034259
1 0.207292 0.112500 0.013542 0.030556
2 0.191667 0.144444 0.015625 0.031481
1 0.216667 0.147685 0.016667 0.039815
1 0.145833 0.217593 0.018750 0.040741
1 0.126042 0.331481 0.020833 0.044444
5 0.263021 0.231944 0.021875 0.019444
