8 0.135937 0.343519 0.045833 0.072222
6 0.129688 0.371296 0.023958 0.040741
5 0.120313 0.404630 0.027083 0.027778
8 0.152865 0.237037 0.043229 0.092593
8 0.189844 0.172222 0.034896 0.055556
8 0.226042 0.162037 0.038542 0.059259
5 0.217188 0.192130 0.019792 0.025000
8 0.212240 0.119907 0.028646 0.050926
8 0.245573 0.110185 0.036979 0.057407
9 0.275260 0.075000 0.040104 0.044444
9 0.390365 0.056019 0.039062 0.052778
8 0.356771 0.101389 0.040625 0.076852
9 0.396094 0.102778 0.042188 0.066667
8 0.429688 0.046759 0.042708 0.060185
8 0.469792 0.043056 0.037500 0.052778
8 0.512240 0.043981 0.040104 0.062037
5 0.534375 0.128241 0.018750 0.023148
9 0.551042 0.045370 0.041667 0.053704
8 0.592448 0.042130 0.046354 0.062037
8 0.637240 0.049537 0.039062 0.056481
8 0.654167 0.097685 0.044792 0.075000
9 0.568750 0.093981 0.046875 0.065741
5 0.613542 0.129630 0.020833 0.024074
9 0.704688 0.178704 0.060417 0.081481
8 0.654948 0.168519 0.043229 0.087037
5 0.622917 0.203241 0.023958 0.030556
5 0.288542 0.304167 0.029167 0.034259
4 0.407292 0.276852 0.026042 0.025926
9 0.469792 0.248148 0.055208 0.081481
8 0.530990 0.244444 0.072396 0.101852
4 0.534115 0.281019 0.029687 0.030556
8 0.696094 0.261111 0.060937 0.094444
8 0.752344 0.270370 0.056771 0.122222
9 0.778646 0.393519 0.068750 0.096296
9 0.717969 0.397222 0.065104 0.105556
9 0.655469 0.368519 0.064062 0.129630
8 0.589063 0.356019 0.078125 0.136111
5 0.530990 0.420833 0.030729 0.050926
5 0.462240 0.407407 0.040104 0.038889
5 0.371094 0.424537 0.039062 0.041667
8 0.322917 0.368056 0.081250 0.106481
9 0.254688 0.376389 0.064583 0.119444
9 0.202344 0.387037 0.057813 0.105556
5 0.196615 0.605556 0.033854 0.055556
9 0.266667 0.575000 0.092708 0.120370
8 0.424219 0.496759 0.079687 0.156481
8 0.759896 0.550463 0.077083 0.143519
9 0.824219 0.545833 0.070312 0.169444
8 0.714323 0.037037 0.027604 0.053704
8 0.738542 0.078704 0.032292 0.057407
8 0.799740 0.122222 0.031771 0.050000
8 0.822917 0.180556 0.023958 0.081481
8 0.857292 0.343056 0.048958 0.108333
8 0.887240 0.332870 0.032813 0.086111
8 0.968750 0.709259 0.062500 0.094444
6 0.368490 0.306019 0.027604 0.045370
8 0.483594 0.091204 0.054688 0.067593
8 0.566146 0.156019 0.048958 0.082407
8 0.344792 0.242130 0.072917 0.128704
8 0.409115 0.241667 0.067187 0.100000
5 0.730469 0.843056 0.050521 0.091667
8 0.902865 0.490741 0.065104 0.112963
8 0.790625 0.178241 0.050000 0.084259
8 0.765365 0.126852 0.039062 0.081481
5 0.662240 0.218056 0.041146 0.028704
5 0.722396 0.217130 0.022917 0.026852
8 0.309115 0.031481 0.032813 0.053704
9 0.508594 0.169907 0.068229 0.073148
8 0.453646 0.161574 0.051042 0.095370
8 0.404167 0.156481 0.057292 0.096296
5 0.611198 0.074537 0.021354 0.019444
9 0.147396 0.562037 0.071875 0.105556
8 0.208594 0.525000 0.065104 0.116667
8 0.350521 0.517130 0.070833 0.154630
8 0.596615 0.522685 0.093229 0.143519
8 0.682813 0.537963 0.085417 0.181481
8 0.671615 0.754167 0.123438 0.176852
3 0.137240 0.381019 0.017188 0.025000
3 0.159115 0.277778 0.013021 0.022222
5 0.179688 0.203704 0.015625 0.020370
9 0.280990 0.038889 0.026562 0.044444
9 0.435417 0.110185 0.042708 0.050000
5 0.575260 0.205556 0.025521 0.024074
9 0.316146 0.185185 0.050000 0.079630
9 0.272396 0.189352 0.042708 0.086111
7 0.662240 0.380556 0.031771 0.057407
3 0.647917 0.430556 0.017708 0.033333
7 0.725521 0.403704 0.036458 0.057407
4 0.984896 0.753241 0.017708 0.045370
3 0.792188 0.229630 0.011458 0.020370
1 0.125260 0.333333 0.021354 0.044444
1 0.141667 0.214352 0.019792 0.043519
1 0.184115 0.162963 0.016146 0.031481
1 0.216667 0.153704 0.014583 0.040741
1 0.205990 0.112037 0.013021 0.031481
1 0.243490 0.098611 0.015104 0.032407
1 0.265625 0.068056 0.015625 0.030556
1 0.302865 0.020833 0.014063 0.026852
1 0.280469 0.031944 0.014063 0.028704
1 0.396094 0.049537 0.015104 0.030556
1 0.427344 0.034722 0.014063 0.030556
4 0.427865 0.068519 0.018229 0.016667
4 0.388542 0.130556 0.014583 0.022222
1 0.394792 0.092130 0.020833 0.039815
1 0.351042 0.080556 0.018750 0.035185
5 0.359115 0.141667 0.018229 0.022222
1 0.441667 0.105556 0.020833 0.033333
1 0.469271 0.031481 0.015625 0.031481
4 0.466667 0.061111 0.019792 0.016667
1 0.485938 0.078241 0.019792 0.036111
4 0.483594 0.116667 0.017188 0.016667
5 0.492969 0.130093 0.021354 0.023148
1 0.513021 0.031019 0.017708 0.034259
6 0.512240 0.069907 0.017188 0.015741
2 0.413542 0.133333 0.026042 0.051852
4 0.451042 0.195370 0.018750 0.025926
1 0.454688 0.140278 0.023958 0.047222
1 0.501563 0.162500 0.021875 0.043519
4 0.494792 0.205093 0.023958 0.026852
1 0.576042 0.140741 0.023958 0.046296
4 0.580990 0.187963 0.021354 0.018519
1 0.566146 0.081019 0.019792 0.036111
1 0.551042 0.040278 0.015625 0.032407
5 0.532813 0.078241 0.025000 0.019444
6 0.546094 0.067130 0.017188 0.023148
1 0.591146 0.031019 0.017708 0.036111
4 0.590365 0.063426 0.015104 0.019444
1 0.644792 0.041667 0.017708 0.037037
1 0.659115 0.082407 0.019271 0.040741
1 0.705990 0.163426 0.021354 0.043519
4 0.703646 0.206481 0.017708 0.024074
1 0.658594 0.147222 0.019271 0.038889
1 0.302865 0.169444 0.023438 0.044444
1 0.273438 0.173611 0.020833 0.043519
4 0.280990 0.210648 0.017188 0.019444
4 0.309115 0.208796 0.023438 0.023148
1 0.333073 0.208333 0.024479 0.061111
5 0.341146 0.291667 0.026042 0.038889
1 0.404167 0.218519 0.025000 0.055556
1 0.467187 0.245370 0.028125 0.051852
4 0.465365 0.277778 0.024479 0.027778
1 0.535417 0.224074 0.029167 0.055556
3 0.523438 0.295370 0.012500 0.024074
1 0.701562 0.241667 0.023958 0.050000
4 0.701042 0.296759 0.028125 0.023148
1 0.761198 0.238889 0.027604 0.055556
4 0.758594 0.318056 0.026562 0.026852
1 0.789062 0.380556 0.028125 0.053704
4 0.781771 0.428241 0.023958 0.026852
1 0.596094 0.333333 0.029687 0.062963
4 0.597396 0.410648 0.029167 0.030556
1 0.318490 0.349074 0.029687 0.059259
4 0.317188 0.402778 0.030208 0.035185
1 0.254688 0.371296 0.027083 0.051852
4 0.259115 0.423611 0.026562 0.032407
1 0.192448 0.376389 0.027604 0.049074
4 0.193490 0.427778 0.018229 0.025926
1 0.130990 0.545370 0.027604 0.059259
4 0.139063 0.601389 0.027083 0.030556
4 0.191146 0.583333 0.020833 0.040741
2 0.190365 0.502778 0.030729 0.066667
4 0.259896 0.617130 0.034375 0.032407
1 0.259115 0.556019 0.032813 0.063889
1 0.338542 0.475463 0.033333 0.069444
3 0.352344 0.613889 0.020313 0.048148
2 0.413021 0.456481 0.040625 0.074074
3 0.424219 0.594444 0.020313 0.042593
5 0.432292 0.595370 0.060417 0.074074
2 0.617969 0.497222 0.038021 0.075926
5 0.597917 0.617130 0.048958 0.052778
1 0.689844 0.495370 0.035937 0.079630
4 0.684896 0.606019 0.036458 0.043519
1 0.781771 0.519907 0.033333 0.065741
4 0.774219 0.611111 0.027604 0.033333
1 0.838542 0.526389 0.035417 0.069444
4 0.834115 0.612037 0.023438 0.031481
1 0.690365 0.731944 0.041146 0.080556
4 0.696615 0.822222 0.028646 0.044444
1 0.924219 0.468519 0.024479 0.055556
4 0.924740 0.533796 0.020313 0.023148
1 0.863542 0.318056 0.021875 0.050926
4 0.868490 0.386111 0.015104 0.022222
1 0.892448 0.312963 0.019271 0.044444
1 0.822917 0.159259 0.017708 0.037037
1 0.804167 0.156944 0.019792 0.041667
1 0.805469 0.118056 0.014063 0.036111
1 0.771615 0.107870 0.019271 0.041667
4 0.773438 0.153241 0.016667 0.021296
4 0.744271 0.065741 0.017708 0.031481
1 0.769792 0.064352 0.014583 0.034259
8 0.765365 0.070833 0.032813 0.050926
8 0.684115 0.080556 0.041146 0.142593
1 0.676042 0.027778 0.019792 0.038889
1 0.718490 0.025463 0.014063 0.030556
