8 0.135937 0.342130 0.042708 0.069444
6 0.129167 0.371759 0.026042 0.037963
5 0.120313 0.404630 0.027083 0.027778
8 0.155990 0.237037 0.041146 0.094444
8 0.190365 0.173148 0.034896 0.055556
8 0.226562 0.160648 0.039583 0.062037
5 0.217188 0.192130 0.019792 0.025000
8 0.212500 0.120370 0.028125 0.048148
8 0.239844 0.115741 0.036979 0.057407
9 0.277344 0.076389 0.040104 0.043519
9 0.390365 0.057870 0.039062 0.052778
8 0.356771 0.102315 0.040625 0.076852
9 0.396094 0.100000 0.042188 0.068519
8 0.430469 0.049537 0.042188 0.060185
8 0.469271 0.043056 0.037500 0.052778
8 0.511979 0.046296 0.040625 0.059259
5 0.534375 0.128241 0.018750 0.023148
9 0.549740 0.046296 0.041146 0.051852
8 0.591667 0.042593 0.045833 0.064815
8 0.639844 0.051389 0.041146 0.056481
9 0.653385 0.108796 0.054688 0.071296
9 0.568490 0.093981 0.043229 0.063889
5 0.613542 0.129630 0.020833 0.024074
9 0.705469 0.176389 0.059896 0.080556
8 0.654167 0.161111 0.045833 0.096296
5 0.622135 0.204167 0.023438 0.030556
5 0.288542 0.304167 0.029167 0.034259
4 0.407292 0.281019 0.023958 0.019444
9 0.469792 0.248148 0.057292 0.083333
9 0.533073 0.242593 0.071354 0.090741
4 0.529167 0.283796 0.019792 0.028704
8 0.696094 0.262037 0.060937 0.094444
8 0.751563 0.270370 0.056250 0.120370
9 0.780469 0.390741 0.068229 0.092593
9 0.717969 0.397685 0.065104 0.104630
9 0.655469 0.368519 0.064062 0.129630
8 0.587240 0.358333 0.079687 0.140741
5 0.530990 0.421759 0.030729 0.050926
5 0.461198 0.409259 0.040104 0.038889
5 0.371094 0.424537 0.039062 0.039815
8 0.324219 0.369907 0.082812 0.106481
9 0.254167 0.381019 0.066667 0.125000
9 0.203646 0.386574 0.058333 0.106481
5 0.197917 0.605556 0.033333 0.061111
8 0.269792 0.525463 0.072917 0.149074
8 0.422135 0.518519 0.075521 0.155556
8 0.759896 0.550463 0.077083 0.143519
8 0.818490 0.536574 0.063021 0.180556
8 0.713542 0.035185 0.029167 0.061111
8 0.730990 0.071296 0.033854 0.066667
8 0.801042 0.129167 0.033333 0.060185
8 0.825521 0.193056 0.028125 0.065741
8 0.855990 0.343519 0.045312 0.105556
8 0.887240 0.333796 0.032813 0.086111
8 0.968750 0.711111 0.062500 0.094444
5 0.369792 0.307870 0.028125 0.039815
8 0.482812 0.091204 0.057292 0.069444
8 0.576562 0.143056 0.054167 0.097222
8 0.342708 0.250926 0.065625 0.103704
8 0.408594 0.244444 0.067187 0.096296
5 0.729688 0.844907 0.055208 0.093519
8 0.902865 0.493056 0.065104 0.115741
8 0.790625 0.181019 0.046875 0.076852
8 0.764062 0.125926 0.038542 0.081481
6 0.663542 0.215741 0.042708 0.035185
5 0.722396 0.217130 0.022917 0.026852
8 0.307292 0.033333 0.031250 0.053704
9 0.367969 0.020833 0.035937 0.039815
8 0.509115 0.162500 0.054688 0.078704
8 0.455469 0.163426 0.055729 0.099074
8 0.403125 0.163426 0.056250 0.091667
5 0.611198 0.074537 0.021354 0.019444
9 0.146615 0.556944 0.073438 0.093519
8 0.223438 0.505556 0.059375 0.159259
8 0.348438 0.526389 0.066667 0.169444
8 0.602865 0.527315 0.088021 0.175000
8 0.683594 0.532407 0.085938 0.198148
8 0.663021 0.715278 0.104167 0.171296
3 0.138542 0.382870 0.017708 0.025000
3 0.159115 0.277778 0.013021 0.022222
5 0.179688 0.203704 0.015625 0.020370
9 0.279167 0.039815 0.029167 0.044444
9 0.435417 0.107407 0.042708 0.055556
5 0.575521 0.201852 0.026042 0.031481
8 0.318490 0.174074 0.045312 0.090741
9 0.274740 0.188889 0.048438 0.085185
7 0.662240 0.380556 0.031771 0.057407
3 0.647917 0.430556 0.017708 0.033333
7 0.725521 0.403704 0.036458 0.057407
4 0.984896 0.753241 0.017708 0.045370
3 0.792188 0.229630 0.011458 0.020370
9 0.749740 0.056019 0.026562 0.047222
1 0.126042 0.332407 0.021875 0.044444
1 0.146615 0.212500 0.019271 0.043519
1 0.184635 0.164815 0.015104 0.033333
1 0.216667 0.150463 0.016667 0.041667
1 0.207292 0.112500 0.013542 0.030556
1 0.229687 0.106019 0.014583 0.032407
1 0.265365 0.068519 0.015104 0.031481
4 0.263021 0.091204 0.010417 0.017593
1 0.276562 0.033333 0.014583 0.027778
1 0.304688 0.022222 0.014583 0.031481
4 0.301563 0.053241 0.010417 0.015741
1 0.395313 0.050000 0.015625 0.031481
1 0.427344 0.035185 0.013021 0.031481
4 0.427865 0.069907 0.018229 0.015741
4 0.356510 0.118519 0.013021 0.016667
1 0.358594 0.082407 0.017188 0.037037
1 0.396094 0.089352 0.020313 0.039815
1 0.441667 0.104630 0.020833 0.035185
4 0.429167 0.126389 0.014583 0.026852
5 0.358333 0.140741 0.018750 0.025926
1 0.485417 0.078241 0.019792 0.037963
5 0.493490 0.130093 0.020313 0.023148
1 0.469792 0.031944 0.014583 0.030556
4 0.467448 0.059722 0.018229 0.013889
1 0.514323 0.032407 0.015104 0.033333
6 0.511979 0.071296 0.015625 0.016667
5 0.533594 0.077778 0.023438 0.020370
6 0.545312 0.068519 0.016667 0.022222
1 0.551562 0.043981 0.015625 0.032407
1 0.566146 0.080556 0.019792 0.037037
1 0.593490 0.030556 0.017188 0.035185
4 0.593490 0.066204 0.018229 0.017593
1 0.644792 0.043519 0.016667 0.033333
1 0.660937 0.093519 0.020833 0.040741
1 0.708073 0.163889 0.021354 0.042593
4 0.704688 0.207407 0.016667 0.025926
2 0.656771 0.133796 0.020833 0.041667
2 0.582812 0.118056 0.022917 0.045370
1 0.515365 0.143519 0.020313 0.042593
4 0.508333 0.193056 0.018750 0.025000
1 0.453646 0.141204 0.022917 0.045370
4 0.457813 0.194444 0.016667 0.022222
1 0.402344 0.143056 0.024479 0.049074
3 0.389844 0.211111 0.014063 0.022222
1 0.311719 0.154630 0.022396 0.046296
4 0.308594 0.208796 0.021354 0.019444
1 0.274219 0.172222 0.022396 0.044444
4 0.280469 0.214815 0.017188 0.020370
1 0.342448 0.230556 0.024479 0.059259
4 0.342187 0.291667 0.022917 0.024074
1 0.407813 0.227778 0.028125 0.055556
1 0.470313 0.240741 0.026042 0.055556
4 0.463542 0.279167 0.029167 0.026852
1 0.538542 0.236111 0.027083 0.053704
3 0.524219 0.295833 0.011979 0.023148
1 0.701562 0.243056 0.023958 0.050926
4 0.702083 0.297685 0.023958 0.023148
4 0.758073 0.316667 0.028646 0.029630
1 0.761719 0.239815 0.026562 0.055556
1 0.787240 0.377315 0.026562 0.052778
4 0.784896 0.424537 0.030208 0.026852
1 0.595313 0.334259 0.029167 0.059259
4 0.597396 0.412037 0.030208 0.033333
1 0.317188 0.350000 0.029167 0.064815
1 0.254688 0.372222 0.027083 0.051852
1 0.193490 0.376852 0.026562 0.051852
4 0.192708 0.425926 0.018750 0.025926
4 0.258333 0.427315 0.028125 0.028704
4 0.316146 0.401389 0.031250 0.032407
4 0.136719 0.600000 0.020313 0.040741
1 0.132292 0.556019 0.027083 0.054630
3 0.197396 0.609722 0.023958 0.030556
1 0.211458 0.458333 0.028125 0.064815
4 0.209896 0.545370 0.022917 0.025926
1 0.262760 0.491204 0.031771 0.075000
1 0.350521 0.480556 0.033333 0.074074
3 0.352865 0.613426 0.023438 0.043519
2 0.407292 0.479630 0.039583 0.077778
3 0.423438 0.597685 0.020833 0.043519
2 0.619792 0.481019 0.036458 0.075000
2 0.688542 0.478241 0.039583 0.080556
4 0.690365 0.605093 0.023438 0.037963
1 0.682813 0.668519 0.038542 0.081481
4 0.676042 0.761574 0.036458 0.043519
1 0.781250 0.518981 0.031250 0.065741
4 0.772917 0.612500 0.030208 0.032407
1 0.833594 0.497222 0.032813 0.068519
4 0.832812 0.612500 0.023958 0.028704
1 0.922917 0.465278 0.023958 0.054630
4 0.924740 0.539815 0.017188 0.024074
1 0.863542 0.318056 0.020833 0.050926
4 0.868490 0.386574 0.016146 0.026852
1 0.892969 0.316204 0.020313 0.043519
1 0.830469 0.181019 0.018229 0.043519
1 0.804167 0.163889 0.017708 0.042593
1 0.771615 0.108333 0.019271 0.038889
4 0.773438 0.154630 0.015625 0.018519
1 0.805469 0.117593 0.015104 0.035185
1 0.735417 0.056019 0.016667 0.034259
1 0.752344 0.044907 0.014063 0.026852
0 0.714844 0.022222 0.014063 0.031481
