8 0.136198 0.337500 0.049479 0.069444
5 0.129688 0.371759 0.023958 0.039815
5 0.120313 0.404630 0.027083 0.027778
8 0.156771 0.237500 0.043750 0.093519
8 0.188542 0.170833 0.035417 0.060185
8 0.224740 0.163426 0.039062 0.058333
5 0.217188 0.192130 0.019792 0.025000
8 0.212500 0.120370 0.028125 0.048148
9 0.244792 0.111574 0.037500 0.060185
9 0.276042 0.075463 0.040625 0.043519
9 0.390365 0.056944 0.039062 0.052778
8 0.356771 0.102315 0.040625 0.076852
9 0.396094 0.101389 0.042188 0.069444
8 0.429688 0.049537 0.042708 0.058333
8 0.469271 0.043056 0.037500 0.052778
8 0.512240 0.045370 0.040104 0.061111
5 0.534375 0.128241 0.018750 0.023148
9 0.550781 0.046296 0.041146 0.053704
8 0.591667 0.042593 0.045833 0.064815
8 0.638542 0.051389 0.040625 0.056481
8 0.647917 0.099537 0.042708 0.071296
9 0.569010 0.097685 0.046354 0.069444
5 0.613542 0.129630 0.020833 0.024074
9 0.705469 0.178241 0.059896 0.080556
8 0.655469 0.167130 0.044271 0.086111
5 0.622917 0.203241 0.023958 0.030556
5 0.288542 0.304167 0.029167 0.034259
4 0.403646 0.282870 0.019792 0.025000
9 0.469010 0.247685 0.055729 0.080556
8 0.532292 0.243056 0.071875 0.099074
4 0.530469 0.281944 0.020313 0.028704
8 0.696094 0.261574 0.060937 0.093519
8 0.751563 0.269444 0.058333 0.118519
9 0.780990 0.390741 0.069271 0.096296
9 0.717448 0.396296 0.065104 0.103704
9 0.655469 0.369444 0.064062 0.129630
8 0.588542 0.356481 0.077083 0.138889
5 0.531510 0.421759 0.030729 0.050926
5 0.461719 0.410185 0.040104 0.038889
5 0.371094 0.424074 0.039062 0.035185
8 0.322917 0.368519 0.079167 0.103704
9 0.252865 0.377778 0.064062 0.120370
9 0.201563 0.388426 0.058333 0.106481
5 0.197917 0.605556 0.033333 0.061111
9 0.267188 0.574537 0.097917 0.126852
8 0.422917 0.515741 0.076042 0.155556
8 0.759115 0.551852 0.076563 0.144444
9 0.823958 0.548611 0.071875 0.171296
8 0.711458 0.036574 0.031250 0.052778
8 0.729948 0.070370 0.034896 0.070370
8 0.800260 0.124074 0.030729 0.051852
8 0.822917 0.180556 0.023958 0.083333
8 0.856250 0.343519 0.046875 0.107407
8 0.887240 0.333796 0.032813 0.086111
8 0.968750 0.709722 0.062500 0.093519
5 0.369792 0.309722 0.028125 0.039815
8 0.483073 0.091667 0.053646 0.066667
8 0.576042 0.143056 0.054167 0.097222
9 0.343490 0.256019 0.065104 0.091667
8 0.408594 0.242593 0.067187 0.100000
5 0.729688 0.844444 0.051042 0.092593
8 0.903385 0.491204 0.065104 0.112037
8 0.792969 0.180093 0.042188 0.087963
8 0.764583 0.125463 0.038542 0.080556
6 0.663542 0.213889 0.042708 0.035185
5 0.722396 0.217130 0.022917 0.026852
8 0.309115 0.031481 0.032813 0.051852
9 0.367969 0.021296 0.035937 0.040741
8 0.510938 0.162500 0.063542 0.093519
8 0.455469 0.163426 0.055729 0.099074
8 0.402344 0.162037 0.054688 0.088889
5 0.611198 0.078241 0.021354 0.019444
9 0.148438 0.562037 0.069792 0.109259
8 0.210938 0.540741 0.066667 0.112963
8 0.348438 0.522222 0.059375 0.146296
8 0.595313 0.527778 0.092708 0.151852
8 0.682292 0.536111 0.084375 0.177778
8 0.668490 0.755093 0.127604 0.180556
3 0.137760 0.382870 0.016146 0.023148
3 0.159115 0.277778 0.013021 0.022222
5 0.179688 0.203704 0.015625 0.020370
5 0.259896 0.093056 0.018750 0.017593
9 0.280990 0.039352 0.027604 0.043519
9 0.435417 0.112500 0.042708 0.056481
5 0.576042 0.203704 0.026042 0.031481
9 0.317188 0.185185 0.051042 0.075926
9 0.271615 0.188889 0.042188 0.081481
7 0.662240 0.380556 0.031771 0.057407
3 0.647917 0.430556 0.017708 0.033333
7 0.725521 0.403704 0.036458 0.057407
4 0.984896 0.753241 0.017708 0.045370
3 0.792188 0.229630 0.011458 0.020370
9 0.749219 0.052315 0.020313 0.041667
1 0.123958 0.333796 0.023958 0.045370
1 0.149740 0.212500 0.019271 0.043519
1 0.184896 0.158333 0.015625 0.033333
1 0.216667 0.155556 0.017708 0.040741
1 0.206510 0.113426 0.013021 0.030556
4 0.207813 0.138889 0.014583 0.014815
1 0.244792 0.098148 0.013542 0.031481
1 0.264583 0.069907 0.015625 0.030556
1 0.279687 0.032407 0.014583 0.029630
1 0.304167 0.020833 0.012500 0.026852
1 0.396875 0.049074 0.015625 0.031481
1 0.352344 0.082407 0.017188 0.035185
5 0.357812 0.141204 0.018750 0.023148
1 0.394271 0.091204 0.020833 0.039815
4 0.387240 0.130093 0.015104 0.023148
1 0.442448 0.106019 0.019271 0.032407
4 0.428125 0.128704 0.015625 0.024074
1 0.427865 0.037037 0.014063 0.031481
4 0.428646 0.069444 0.018750 0.016667
1 0.469010 0.032870 0.016146 0.030556
1 0.485417 0.078241 0.020833 0.036111
4 0.467187 0.060185 0.020833 0.014815
4 0.484115 0.116204 0.017188 0.017593
1 0.512760 0.031944 0.016146 0.032407
6 0.513542 0.072685 0.018750 0.017593
1 0.552344 0.037963 0.017188 0.031481
5 0.534115 0.078704 0.026562 0.018519
6 0.545312 0.067593 0.017708 0.024074
1 0.565885 0.081944 0.019271 0.036111
4 0.574219 0.122222 0.016146 0.018519
1 0.592969 0.030556 0.018229 0.038889
4 0.590885 0.063889 0.015104 0.018519
1 0.644271 0.042130 0.015625 0.034259
1 0.636719 0.085648 0.020313 0.041667
1 0.657813 0.147685 0.019792 0.043519
1 0.708594 0.166667 0.021354 0.044444
1 0.504167 0.139352 0.023958 0.047222
6 0.511198 0.196296 0.025521 0.027778
3 0.497917 0.211111 0.019792 0.018519
1 0.451042 0.138889 0.023958 0.044444
4 0.457813 0.193981 0.017708 0.021296
2 0.404687 0.143519 0.025000 0.046296
1 0.304688 0.170370 0.023958 0.040741
4 0.310156 0.210185 0.024479 0.022222
1 0.272917 0.174074 0.021875 0.044444
4 0.280990 0.210185 0.017188 0.020370
1 0.345573 0.241667 0.024479 0.059259
6 0.340625 0.294907 0.025000 0.030556
1 0.404167 0.222222 0.028125 0.055556
1 0.474219 0.242130 0.026562 0.056481
4 0.466667 0.279167 0.022917 0.026852
1 0.535417 0.229167 0.028125 0.052778
3 0.523698 0.295833 0.013021 0.025000
1 0.703646 0.241667 0.023958 0.050000
4 0.701562 0.296759 0.023958 0.025000
1 0.761719 0.241204 0.025521 0.056481
4 0.759375 0.315278 0.028125 0.028704
1 0.791146 0.375926 0.027083 0.051852
4 0.785937 0.424074 0.027083 0.031481
1 0.595313 0.334722 0.030208 0.060185
4 0.596615 0.410648 0.029687 0.030556
1 0.317188 0.348148 0.028125 0.061111
4 0.316146 0.401389 0.032292 0.032407
1 0.255208 0.374074 0.027083 0.051852
4 0.259115 0.423148 0.026562 0.031481
4 0.193490 0.427778 0.019271 0.024074
1 0.192188 0.376389 0.029167 0.052778
2 0.134115 0.539352 0.029687 0.060185
4 0.139063 0.600926 0.028125 0.031481
2 0.195312 0.517130 0.032292 0.065741
3 0.197396 0.595833 0.019792 0.037963
4 0.259896 0.618056 0.035417 0.034259
1 0.259115 0.555093 0.033854 0.065741
2 0.343750 0.485185 0.034375 0.068519
3 0.352344 0.613426 0.021354 0.045370
2 0.409115 0.473148 0.044271 0.074074
3 0.423698 0.595833 0.018229 0.043519
2 0.619792 0.495370 0.038542 0.077778
1 0.688021 0.495833 0.034375 0.082407
4 0.684115 0.605093 0.036979 0.041667
1 0.780990 0.521759 0.032813 0.063889
4 0.773958 0.609259 0.028125 0.031481
1 0.839323 0.528241 0.034896 0.067593
4 0.838542 0.616204 0.030208 0.034259
1 0.693490 0.730093 0.040104 0.078704
4 0.698438 0.825000 0.027083 0.044444
4 0.925521 0.531481 0.020833 0.027778
1 0.923698 0.466204 0.025521 0.054630
1 0.863542 0.318056 0.022917 0.050926
4 0.869271 0.386111 0.015625 0.022222
1 0.892969 0.314352 0.019271 0.043519
4 0.819010 0.272685 0.016146 0.026852
0 0.857292 0.218519 0.017708 0.040741
8 0.846094 0.244907 0.067187 0.097222
1 0.823438 0.157407 0.017708 0.037037
1 0.804688 0.156019 0.018750 0.041667
1 0.772135 0.106019 0.019271 0.039815
4 0.773698 0.154630 0.016146 0.020370
1 0.805469 0.117130 0.014063 0.036111
1 0.749740 0.045370 0.015104 0.027778
8 0.765365 0.071759 0.029687 0.050926
1 0.766667 0.065278 0.014583 0.034259
1 0.735417 0.053241 0.013542 0.032407
1 0.717969 0.026389 0.014063 0.030556
4 0.704167 0.207870 0.016667 0.023148
