8 0.136719 0.339352 0.047396 0.063889
5 0.130469 0.371296 0.023438 0.040741
5 0.120313 0.404630 0.027083 0.027778
8 0.162240 0.227778 0.042188 0.094444
8 0.190365 0.168519 0.033854 0.059259
8 0.224740 0.160648 0.042188 0.058333
5 0.217188 0.192130 0.019792 0.025000
8 0.212500 0.119907 0.028125 0.049074
8 0.243490 0.109722 0.039062 0.056481
9 0.277344 0.074074 0.040104 0.044444
9 0.390365 0.056019 0.039062 0.052778
8 0.355990 0.105093 0.040104 0.067593
9 0.397396 0.103704 0.042708 0.068519
8 0.429688 0.047222 0.042708 0.061111
8 0.469792 0.042593 0.036458 0.055556
8 0.510938 0.044444 0.039583 0.064815
5 0.534375 0.128241 0.018750 0.023148
9 0.550521 0.044444 0.041667 0.053704
8 0.591667 0.043519 0.045833 0.059259
8 0.638542 0.047222 0.039583 0.061111
8 0.654167 0.096759 0.040625 0.073148
9 0.568490 0.094907 0.043229 0.063889
8 0.702865 0.171296 0.050521 0.088889
8 0.654167 0.164352 0.044792 0.089815
5 0.622917 0.203241 0.023958 0.030556
5 0.287240 0.303704 0.028646 0.035185
4 0.404167 0.273611 0.025000 0.021296
9 0.469271 0.245833 0.057292 0.080556
8 0.531771 0.241667 0.071875 0.096296
4 0.529687 0.281019 0.021875 0.030556
8 0.694792 0.261111 0.060417 0.094444
8 0.751823 0.270370 0.056771 0.122222
9 0.779167 0.393056 0.067708 0.097222
9 0.717969 0.394444 0.065104 0.103704
9 0.655469 0.368519 0.064062 0.129630
8 0.587240 0.356019 0.078646 0.136111
5 0.530990 0.420833 0.030729 0.050926
5 0.461719 0.409259 0.040104 0.038889
5 0.371615 0.424537 0.034896 0.032407
8 0.324740 0.368056 0.081771 0.106481
9 0.254167 0.374074 0.064583 0.118519
9 0.202344 0.386111 0.057813 0.105556
9 0.266667 0.576389 0.095833 0.123148
8 0.420573 0.497685 0.071354 0.167593
8 0.759896 0.551389 0.073958 0.143519
9 0.824740 0.548611 0.071354 0.169444
8 0.713542 0.035648 0.031250 0.050926
8 0.735417 0.073148 0.029167 0.062963
8 0.792188 0.113889 0.031250 0.068519
8 0.822396 0.181019 0.023958 0.080556
8 0.854688 0.343519 0.050000 0.107407
8 0.887500 0.331019 0.031250 0.093519
8 0.968750 0.716204 0.062500 0.093519
5 0.367188 0.315278 0.028125 0.039815
9 0.480990 0.094907 0.050521 0.065741
8 0.565365 0.156019 0.051562 0.084259
8 0.338542 0.243519 0.065625 0.122222
8 0.409375 0.241667 0.068750 0.101852
5 0.730469 0.843056 0.047396 0.091667
8 0.906771 0.498148 0.071875 0.112963
8 0.794010 0.178241 0.041146 0.087963
8 0.766146 0.125463 0.041667 0.080556
6 0.660417 0.214352 0.040625 0.036111
9 0.367969 0.021296 0.035937 0.040741
8 0.509115 0.155556 0.066146 0.098148
8 0.452865 0.163889 0.049479 0.098148
8 0.402865 0.160185 0.058854 0.094444
5 0.610417 0.078241 0.020833 0.017593
8 0.151042 0.546759 0.060417 0.156481
8 0.209115 0.534259 0.067187 0.144444
8 0.354167 0.504167 0.065625 0.182407
8 0.596094 0.523611 0.095312 0.141667
8 0.682813 0.536574 0.086458 0.180556
8 0.669792 0.755556 0.123958 0.179630
3 0.137240 0.381944 0.016146 0.023148
5 0.180990 0.201852 0.013021 0.018519
9 0.281771 0.038426 0.027083 0.043519
9 0.435417 0.111574 0.043750 0.052778
9 0.316667 0.183333 0.050000 0.077778
9 0.271615 0.189352 0.044271 0.084259
7 0.662240 0.380556 0.031771 0.057407
3 0.647917 0.430556 0.017708 0.033333
7 0.725521 0.403704 0.036458 0.057407
4 0.984896 0.753241 0.017708 0.045370
3 0.792188 0.229630 0.011458 0.020370
1 0.140885 0.503241 0.027604 0.063889
4 0.142969 0.601389 0.024479 0.047222
1 0.190365 0.500463 0.027604 0.069444
4 0.197917 0.591667 0.029167 0.053704
4 0.259115 0.618519 0.035937 0.035185
1 0.260417 0.558333 0.032292 0.061111
1 0.349219 0.450926 0.030729 0.074074
3 0.352865 0.614815 0.019271 0.040741
2 0.408594 0.455556 0.039062 0.081481
3 0.423698 0.593981 0.019271 0.045370
2 0.618490 0.500926 0.035937 0.074074
5 0.597396 0.616204 0.048958 0.058333
4 0.684115 0.606019 0.034896 0.041667
1 0.689063 0.497222 0.035417 0.081481
1 0.780990 0.520833 0.031771 0.065741
4 0.771615 0.607407 0.025521 0.029630
1 0.839063 0.525463 0.034375 0.069444
4 0.837240 0.616204 0.030729 0.034259
4 0.697396 0.824537 0.026042 0.041667
1 0.687240 0.731481 0.040104 0.081481
1 0.788542 0.381019 0.027083 0.054630
4 0.781771 0.428704 0.022917 0.027778
1 0.596094 0.334259 0.029687 0.062963
4 0.596615 0.410185 0.029687 0.031481
1 0.316667 0.347685 0.029167 0.062037
4 0.316667 0.400926 0.030208 0.031481
1 0.251563 0.363889 0.026042 0.055556
1 0.192448 0.376389 0.027604 0.052778
3 0.262240 0.428241 0.020313 0.025000
4 0.193490 0.428241 0.019271 0.025000
1 0.124740 0.330556 0.022396 0.044444
1 0.155990 0.200926 0.019271 0.038889
4 0.154688 0.255556 0.015625 0.018519
1 0.187240 0.156019 0.015104 0.034259
1 0.212240 0.152778 0.016146 0.040741
1 0.205990 0.112500 0.014063 0.030556
1 0.244792 0.098148 0.014583 0.031481
1 0.265365 0.068981 0.015104 0.030556
1 0.278646 0.032407 0.014583 0.031481
1 0.395573 0.048611 0.016146 0.032407
1 0.426823 0.034722 0.015104 0.030556
1 0.353646 0.090741 0.017708 0.037037
4 0.355990 0.128704 0.013021 0.018519
1 0.394792 0.092130 0.019792 0.039815
1 0.442188 0.105556 0.021875 0.038889
4 0.427865 0.068056 0.018229 0.015741
1 0.468750 0.030556 0.015625 0.029630
1 0.474740 0.081481 0.020313 0.040741
4 0.428125 0.128241 0.015625 0.023148
4 0.481771 0.122685 0.019792 0.030556
4 0.388542 0.130556 0.014583 0.025926
1 0.512240 0.030556 0.016146 0.033333
6 0.512240 0.070833 0.018229 0.015741
5 0.534115 0.077778 0.024479 0.020370
1 0.549740 0.043519 0.016146 0.031481
6 0.544792 0.067593 0.017708 0.022222
1 0.592969 0.034722 0.017188 0.037963
1 0.566667 0.080556 0.020833 0.035185
4 0.591667 0.062963 0.014583 0.018519
1 0.651563 0.081019 0.017708 0.041667
9 0.618490 0.115278 0.050521 0.073148
1 0.635938 0.099074 0.017708 0.042593
1 0.643490 0.042593 0.016146 0.037037
1 0.657813 0.143056 0.019792 0.045370
1 0.709115 0.160648 0.020313 0.043519
1 0.576042 0.139352 0.025000 0.047222
4 0.580990 0.188426 0.021354 0.023148
1 0.507292 0.131019 0.020833 0.047222
4 0.499219 0.197685 0.017188 0.030556
1 0.452865 0.139815 0.023438 0.046296
3 0.454167 0.193056 0.011458 0.019444
2 0.404948 0.140741 0.024479 0.050000
1 0.302865 0.168519 0.022396 0.040741
1 0.272917 0.173148 0.019792 0.044444
4 0.280990 0.207407 0.016146 0.025926
4 0.309115 0.211111 0.022396 0.020370
1 0.332813 0.213426 0.025000 0.056481
6 0.340625 0.280556 0.037500 0.044444
3 0.361198 0.292130 0.013021 0.026852
1 0.403646 0.218056 0.027083 0.056481
1 0.472917 0.243056 0.027083 0.058333
4 0.464583 0.279167 0.026042 0.025000
1 0.534115 0.224537 0.027604 0.054630
3 0.524219 0.294907 0.014063 0.025000
1 0.701562 0.242593 0.023958 0.051852
4 0.702344 0.294907 0.024479 0.025000
1 0.760417 0.240278 0.026042 0.058333
4 0.758594 0.317593 0.025521 0.027778
1 0.930469 0.478704 0.023438 0.057407
4 0.929948 0.543519 0.018229 0.024074
1 0.863542 0.318519 0.020833 0.051852
4 0.868490 0.386574 0.016146 0.026852
1 0.892188 0.307407 0.018750 0.046296
1 0.804688 0.155556 0.019792 0.042593
1 0.822917 0.159259 0.016667 0.038889
2 0.790365 0.097222 0.017188 0.031481
1 0.771615 0.108796 0.020313 0.041667
4 0.773438 0.153704 0.016667 0.020370
0 0.738542 0.059259 0.014583 0.033333
0 0.769792 0.070833 0.014583 0.036111
1 0.718490 0.028241 0.014063 0.032407
9 0.747656 0.054630 0.025521 0.042593
1 0.749740 0.046759 0.013021 0.026852
