5 0.119792 0.403704 0.026042 0.025926
6 0.125521 0.368519 0.031250 0.037037
3 0.137240 0.380556 0.014063 0.020370
1 0.124740 0.330556 0.018229 0.040741
8 0.132292 0.343056 0.055208 0.067593
0 0.142448 0.218056 0.015104 0.037963
8 0.154167 0.230556 0.038542 0.077778
1 0.188542 0.155556 0.014583 0.029630
1 0.180990 0.191667 0.010937 0.014815
5 0.179688 0.205093 0.015625 0.017593
4 0.215365 0.184722 0.010937 0.019444
9 0.188542 0.168519 0.032292 0.059259
1 0.218490 0.143056 0.016146 0.034259
8 0.216146 0.161111 0.040625 0.068519
1 0.207813 0.109259 0.010417 0.031481
4 0.205990 0.139352 0.013021 0.013889
8 0.210938 0.118519 0.027083 0.048148
1 0.230990 0.097222 0.014063 0.031481
9 0.242188 0.109722 0.035417 0.056481
1 0.264844 0.068519 0.014063 0.029630
4 0.263542 0.091667 0.010417 0.014815
9 0.277865 0.068519 0.039062 0.037037
1 0.276042 0.030556 0.012500 0.027778
9 0.277865 0.037037 0.030729 0.044444
1 0.304167 0.018056 0.011458 0.025000
4 0.302344 0.052778 0.010937 0.012963
8 0.309115 0.031019 0.030729 0.052778
1 0.352865 0.082407 0.015104 0.031481
1 0.395313 0.068056 0.017708 0.034259
1 0.426563 0.031481 0.012500 0.031481
1 0.442188 0.095833 0.019792 0.030556
4 0.355469 0.117130 0.013021 0.015741
4 0.427865 0.118056 0.014063 0.021296
4 0.428646 0.068519 0.017708 0.012963
5 0.357292 0.141204 0.017708 0.019444
5 0.390365 0.131019 0.021354 0.019444
8 0.355990 0.103704 0.041146 0.068519
8 0.397396 0.089815 0.042708 0.077778
8 0.430990 0.043981 0.042188 0.056481
9 0.435417 0.098611 0.041667 0.043519
1 0.468490 0.030556 0.011979 0.027778
1 0.513542 0.031019 0.012500 0.030556
1 0.480990 0.080093 0.018229 0.036111
1 0.552344 0.040278 0.013021 0.028704
1 0.566667 0.079167 0.015625 0.032407
4 0.467969 0.059259 0.017188 0.005556
4 0.477344 0.118056 0.018229 0.013889
5 0.480990 0.130556 0.018229 0.022222
5 0.533594 0.123611 0.017188 0.019444
5 0.532813 0.077778 0.025000 0.016667
6 0.515365 0.068056 0.023438 0.015741
6 0.545573 0.067130 0.019271 0.019444
8 0.469792 0.043056 0.035417 0.050926
9 0.477865 0.093056 0.049479 0.067593
8 0.510938 0.043056 0.037500 0.056481
9 0.549740 0.043519 0.042188 0.050000
9 0.569792 0.093519 0.044792 0.066667
1 0.618750 0.076389 0.015625 0.037963
4 0.615365 0.118056 0.016146 0.019444
8 0.614323 0.093056 0.041146 0.076852
4 0.592969 0.065278 0.017188 0.015741
1 0.594792 0.030556 0.014583 0.033333
8 0.590365 0.043056 0.039062 0.058333
1 0.646094 0.043056 0.013021 0.028704
1 0.655990 0.081019 0.017188 0.034259
8 0.640365 0.055093 0.035937 0.049074
8 0.654167 0.097222 0.039583 0.068519
2 0.708594 0.143519 0.021354 0.044444
1 0.657292 0.139815 0.019792 0.040741
6 0.710938 0.206019 0.020833 0.030556
5 0.660417 0.218519 0.041667 0.029630
5 0.621615 0.202778 0.023438 0.025926
4 0.663021 0.193519 0.016667 0.016667
8 0.654167 0.157407 0.051042 0.081481
8 0.705469 0.168056 0.049479 0.095370
1 0.572917 0.142130 0.020833 0.041667
1 0.509375 0.129630 0.018750 0.044444
4 0.497917 0.193056 0.016667 0.028704
4 0.576042 0.193519 0.021875 0.018519
5 0.513542 0.201852 0.020833 0.025926
5 0.576042 0.205556 0.023958 0.016667
8 0.507292 0.152315 0.057292 0.091667
8 0.571615 0.156481 0.058854 0.081481
2 0.410938 0.132407 0.023958 0.044444
1 0.446615 0.144907 0.020313 0.043519
8 0.404167 0.155556 0.054167 0.092593
4 0.445573 0.197685 0.021354 0.019444
9 0.454167 0.165741 0.048958 0.088889
5 0.264844 0.230093 0.021354 0.023148
4 0.277865 0.208796 0.016146 0.019444
4 0.311719 0.207870 0.023438 0.019444
1 0.274219 0.168519 0.018229 0.037037
2 0.302344 0.155556 0.021354 0.044444
9 0.271615 0.187500 0.041146 0.075000
9 0.317188 0.178704 0.053125 0.081481
5 0.319271 0.218519 0.018750 0.016667
4 0.229167 0.306944 0.023958 0.028704
1 0.230469 0.240741 0.021354 0.046296
8 0.239844 0.268519 0.057813 0.105556
5 0.285938 0.304630 0.026042 0.031481
1 0.347396 0.248148 0.021875 0.044444
6 0.340365 0.291667 0.023438 0.035185
5 0.361719 0.302778 0.029687 0.038889
9 0.341667 0.255556 0.064583 0.075926
4 0.405990 0.272685 0.026562 0.019444
5 0.395313 0.293519 0.031250 0.025926
1 0.404167 0.218519 0.023958 0.051852
9 0.408073 0.240278 0.065104 0.097222
1 0.466146 0.240741 0.020833 0.038889
4 0.463542 0.277778 0.025000 0.025926
4 0.533594 0.280556 0.027604 0.033333
3 0.523438 0.293056 0.010417 0.019444
9 0.468750 0.243519 0.056250 0.077778
1 0.535417 0.218056 0.023958 0.050926
8 0.531771 0.243519 0.069792 0.100000
4 0.702344 0.293981 0.026562 0.023148
5 0.721094 0.312037 0.020313 0.031481
4 0.762240 0.318519 0.017188 0.020370
1 0.697917 0.243519 0.019792 0.048148
8 0.695573 0.260648 0.058854 0.093519
1 0.761719 0.243056 0.023438 0.050926
8 0.753646 0.268981 0.057292 0.110185
4 0.782813 0.420833 0.027083 0.030556
1 0.784896 0.356019 0.022917 0.050926
9 0.776823 0.380556 0.068229 0.101852
7 0.724219 0.394444 0.032813 0.050000
7 0.661719 0.380556 0.027604 0.055556
3 0.647917 0.430556 0.016667 0.029630
9 0.715365 0.393519 0.061979 0.101852
9 0.655469 0.368056 0.059896 0.126852
1 0.590365 0.343056 0.027604 0.052778
4 0.580990 0.406019 0.025521 0.037963
9 0.578125 0.350000 0.081250 0.118519
5 0.530990 0.418519 0.028646 0.048148
5 0.460938 0.405556 0.038542 0.037037
5 0.369792 0.423148 0.038542 0.031481
4 0.317188 0.405556 0.033333 0.031481
4 0.255469 0.417130 0.020313 0.030556
1 0.252865 0.367593 0.025521 0.048148
1 0.315365 0.353704 0.026562 0.055556
9 0.260417 0.368519 0.053125 0.103704
9 0.322917 0.368519 0.082292 0.098148
4 0.193490 0.430556 0.016146 0.022222
1 0.190365 0.370833 0.024479 0.043519
9 0.200521 0.388889 0.059375 0.101852
4 0.143750 0.599074 0.015625 0.031481
1 0.132292 0.551852 0.022917 0.046296
9 0.146615 0.562037 0.069271 0.105556
3 0.194792 0.606019 0.014583 0.032407
5 0.196615 0.609259 0.032813 0.055556
2 0.266146 0.505556 0.030208 0.061111
9 0.239323 0.530556 0.083854 0.114815
5 0.263542 0.611111 0.033333 0.055556
4 0.277865 0.600000 0.028646 0.044444
1 0.294792 0.552778 0.033333 0.055556
9 0.296094 0.568981 0.076563 0.125000
3 0.352344 0.611111 0.017188 0.044444
3 0.425521 0.593519 0.014583 0.037037
5 0.432292 0.593519 0.060417 0.070370
2 0.346615 0.467593 0.029687 0.062963
2 0.402865 0.467593 0.042188 0.062963
8 0.355990 0.514352 0.068229 0.163889
8 0.425521 0.504630 0.087500 0.138889
6 0.597396 0.605556 0.048958 0.077778
3 0.617188 0.589815 0.025000 0.025926
1 0.622917 0.518056 0.035417 0.071296
8 0.595313 0.529630 0.093750 0.129630
4 0.684115 0.605556 0.033854 0.040741
1 0.687240 0.505556 0.031771 0.070370
8 0.682813 0.536574 0.080208 0.169444
5 0.693490 0.618519 0.034896 0.061111
0 0.769792 0.490278 0.026042 0.067593
4 0.767969 0.610185 0.021354 0.031481
8 0.756771 0.540741 0.066667 0.170370
1 0.840365 0.523148 0.029687 0.066667
9 0.824740 0.549074 0.070312 0.168519
4 0.837240 0.604167 0.020313 0.026852
4 0.984115 0.754630 0.015104 0.037037
4 0.929167 0.540278 0.017708 0.021296
5 0.926042 0.544907 0.022917 0.043519
1 0.930469 0.478241 0.020313 0.052778
8 0.907292 0.493981 0.067708 0.104630
4 0.866667 0.380556 0.014583 0.022222
5 0.863542 0.390278 0.026042 0.034259
1 0.865365 0.318519 0.020313 0.046296
1 0.900521 0.318519 0.018750 0.040741
9 0.857292 0.343519 0.044792 0.092593
8 0.892969 0.335185 0.034896 0.081481
1 0.847917 0.174074 0.016667 0.044444
8 0.841667 0.216204 0.060417 0.126852
1 0.801042 0.163889 0.017708 0.037037
8 0.792969 0.180093 0.038021 0.073148
1 0.824219 0.156019 0.017188 0.036111
1 0.774740 0.108796 0.017188 0.037963
1 0.806250 0.106019 0.012500 0.034259
4 0.772396 0.152778 0.014583 0.016667
9 0.766146 0.124074 0.039583 0.068519
8 0.800521 0.118981 0.033333 0.062037
6 0.741667 0.102778 0.020833 0.016667
1 0.744792 0.070833 0.011458 0.023148
9 0.740625 0.081019 0.031250 0.049074
1 0.779167 0.068519 0.013542 0.027778
8 0.775000 0.081481 0.034375 0.057407
1 0.719271 0.027778 0.011458 0.027778
8 0.713021 0.041204 0.030208 0.054630
1 0.747917 0.043056 0.011458 0.025000
9 0.741667 0.051389 0.027083 0.037963
5 0.730990 0.843981 0.048438 0.089815
1 0.691667 0.736111 0.038542 0.070370
4 0.699740 0.820833 0.026562 0.041667
8 0.667188 0.755093 0.127083 0.169444
