5 0.118490 0.402315 0.025521 0.026852
5 0.129688 0.372685 0.022917 0.032407
3 0.137240 0.380556 0.015104 0.020370
1 0.126042 0.328241 0.020833 0.036111
8 0.139063 0.334722 0.045833 0.056481
4 0.141667 0.274074 0.014583 0.018519
1 0.141667 0.227315 0.015625 0.036111
8 0.149740 0.243519 0.046354 0.074074
4 0.179688 0.192593 0.012500 0.014815
5 0.180469 0.204630 0.014063 0.016667
5 0.217448 0.191667 0.019271 0.022222
1 0.183594 0.164815 0.014063 0.027778
1 0.215365 0.143056 0.014063 0.037963
9 0.190365 0.168981 0.033854 0.050926
8 0.226042 0.155556 0.038542 0.062963
0 0.209115 0.109259 0.010937 0.031481
1 0.244792 0.096759 0.012500 0.030556
8 0.210938 0.118056 0.023958 0.049074
8 0.244792 0.111111 0.034375 0.055556
4 0.263021 0.090278 0.010417 0.013889
1 0.264844 0.068519 0.014063 0.027778
9 0.277865 0.072685 0.041146 0.043519
1 0.276042 0.031019 0.012500 0.026852
9 0.279167 0.036574 0.028125 0.043519
4 0.302344 0.052315 0.011979 0.012037
1 0.301042 0.018981 0.013542 0.025000
8 0.309115 0.031019 0.030729 0.049074
1 0.394792 0.048611 0.010417 0.030556
1 0.352344 0.092130 0.015104 0.032407
1 0.393490 0.092130 0.018229 0.034259
2 0.439063 0.035648 0.013542 0.030556
1 0.440365 0.093981 0.018229 0.034259
9 0.390365 0.055556 0.038021 0.048148
9 0.434115 0.102315 0.043229 0.049074
4 0.356771 0.129630 0.012500 0.014815
4 0.388021 0.129630 0.014583 0.020370
4 0.427865 0.118519 0.014063 0.020370
4 0.427344 0.068519 0.019271 0.016667
5 0.357292 0.141204 0.016667 0.019444
8 0.355990 0.105556 0.039062 0.061111
8 0.396615 0.101852 0.040104 0.064815
8 0.432292 0.049074 0.041667 0.055556
1 0.480990 0.068519 0.017188 0.037037
1 0.468490 0.031019 0.013021 0.026852
1 0.514844 0.031019 0.011979 0.028704
1 0.551042 0.043056 0.014583 0.028704
1 0.567448 0.080556 0.016146 0.035185
4 0.466667 0.060648 0.015625 0.008333
6 0.515365 0.068519 0.023438 0.016667
5 0.533594 0.077778 0.024479 0.016667
6 0.544792 0.066667 0.017708 0.020370
5 0.532813 0.125463 0.017708 0.019444
8 0.480990 0.086574 0.055729 0.069444
8 0.469792 0.043056 0.036458 0.049074
8 0.509115 0.043519 0.038021 0.057407
9 0.549740 0.043519 0.042188 0.051852
8 0.569271 0.093519 0.045833 0.064815
3 0.612240 0.128704 0.009896 0.012963
5 0.613542 0.129167 0.020833 0.021296
1 0.624740 0.075926 0.018229 0.037037
1 0.653125 0.080556 0.015625 0.035185
1 0.644271 0.040278 0.015625 0.036111
1 0.593490 0.030556 0.016146 0.035185
4 0.593490 0.065278 0.017188 0.015741
9 0.591667 0.043056 0.043750 0.056481
8 0.613542 0.091667 0.040625 0.066667
8 0.654167 0.093519 0.042708 0.070370
8 0.638542 0.047222 0.035417 0.055556
1 0.709896 0.156019 0.017708 0.034259
1 0.654167 0.134722 0.018750 0.043519
4 0.662240 0.193519 0.011979 0.018519
6 0.710938 0.206481 0.021875 0.027778
8 0.655990 0.155556 0.048438 0.087037
8 0.705990 0.172222 0.048438 0.081481
5 0.660417 0.218056 0.039583 0.026852
5 0.621615 0.203241 0.023438 0.025000
1 0.576042 0.136574 0.022917 0.043519
4 0.580990 0.186574 0.020313 0.019444
4 0.497917 0.194907 0.015625 0.026852
5 0.576042 0.204167 0.025000 0.021296
1 0.507292 0.130093 0.017708 0.045370
8 0.509375 0.153704 0.065625 0.094444
8 0.565365 0.156019 0.047396 0.082407
3 0.454167 0.193519 0.008333 0.014815
5 0.454688 0.195370 0.020833 0.025926
2 0.452865 0.130556 0.022396 0.042593
2 0.405990 0.137037 0.020313 0.044444
8 0.402344 0.156019 0.057813 0.087963
8 0.452865 0.155556 0.046354 0.100000
4 0.279948 0.208796 0.018229 0.019444
4 0.309115 0.208796 0.022396 0.019444
1 0.271615 0.173148 0.018229 0.033333
1 0.302865 0.168519 0.021354 0.035185
9 0.272396 0.188426 0.042708 0.076852
9 0.317188 0.180556 0.047917 0.072222
0 0.230469 0.205556 0.020313 0.040741
8 0.239063 0.243519 0.056250 0.116667
5 0.285417 0.305556 0.026042 0.033333
6 0.339323 0.281481 0.038021 0.033333
5 0.366667 0.314352 0.023958 0.036111
5 0.396094 0.293519 0.030729 0.025926
1 0.334896 0.218519 0.021875 0.051852
1 0.402865 0.218056 0.023438 0.049074
8 0.342969 0.244444 0.064062 0.112963
4 0.404167 0.269907 0.028125 0.023148
3 0.361198 0.291667 0.011979 0.020370
8 0.407813 0.240278 0.063542 0.099074
1 0.470313 0.240278 0.022917 0.045370
4 0.465365 0.278241 0.023438 0.025000
4 0.533594 0.279630 0.029687 0.029630
3 0.523438 0.293056 0.010417 0.019444
9 0.468490 0.246759 0.054688 0.080556
1 0.534115 0.223148 0.024479 0.044444
8 0.530990 0.241667 0.069271 0.092593
4 0.701042 0.293056 0.023958 0.021296
4 0.757292 0.318056 0.026042 0.025000
1 0.698438 0.243056 0.021875 0.047222
1 0.759896 0.239815 0.020833 0.051852
8 0.696094 0.259722 0.058854 0.093519
8 0.751823 0.268056 0.056771 0.113889
5 0.721094 0.314815 0.020313 0.029630
4 0.779167 0.427315 0.023958 0.026852
1 0.789844 0.380556 0.026562 0.046296
9 0.777865 0.393056 0.067187 0.091667
7 0.722917 0.398148 0.033333 0.053704
9 0.716667 0.393519 0.063542 0.101852
3 0.647917 0.430556 0.016667 0.029630
7 0.660417 0.380556 0.028125 0.050000
9 0.654167 0.368519 0.062500 0.122222
4 0.596615 0.409259 0.027604 0.031481
1 0.594271 0.330556 0.026042 0.057407
8 0.587240 0.356019 0.073438 0.130556
5 0.531771 0.418981 0.029167 0.047222
5 0.369792 0.424074 0.038542 0.031481
5 0.461198 0.406944 0.038021 0.037963
4 0.315365 0.402778 0.030729 0.029630
4 0.255990 0.425926 0.029687 0.025926
4 0.192969 0.429630 0.018229 0.024074
2 0.194792 0.343519 0.026042 0.050000
1 0.253646 0.360648 0.021875 0.045370
1 0.316667 0.344907 0.026042 0.058333
9 0.322917 0.368519 0.079167 0.100000
9 0.252865 0.376389 0.060937 0.113889
8 0.199740 0.375463 0.055729 0.119444
4 0.141667 0.596296 0.021875 0.038889
1 0.139063 0.506481 0.023958 0.053704
8 0.151042 0.546296 0.058333 0.137037
4 0.193490 0.593981 0.015104 0.047222
4 0.240365 0.544444 0.024479 0.040741
5 0.196615 0.606019 0.032813 0.050926
5 0.262240 0.611574 0.031771 0.056481
2 0.216146 0.488889 0.025000 0.061111
8 0.210417 0.527778 0.048958 0.142593
0 0.242188 0.490741 0.026042 0.068519
8 0.264844 0.521296 0.090104 0.135185
3 0.351562 0.612500 0.018750 0.041667
3 0.423438 0.593519 0.017708 0.037037
1 0.344271 0.470370 0.028125 0.062963
8 0.352865 0.517130 0.071354 0.160185
5 0.431510 0.599537 0.059896 0.065741
1 0.415365 0.466204 0.031771 0.071296
8 0.426563 0.504167 0.075000 0.147222
5 0.597917 0.615278 0.047917 0.058333
5 0.692969 0.619907 0.035937 0.060185
4 0.683594 0.606019 0.033854 0.041667
2 0.620313 0.505556 0.036458 0.066667
1 0.684115 0.494444 0.028646 0.075926
8 0.594271 0.524074 0.089583 0.135185
8 0.683594 0.539352 0.084896 0.173148
4 0.771615 0.607407 0.026562 0.027778
4 0.837240 0.616667 0.029687 0.033333
1 0.780990 0.521296 0.031771 0.055556
1 0.839323 0.524537 0.030729 0.058333
8 0.759896 0.552778 0.071875 0.138889
8 0.824740 0.546296 0.065104 0.161111
5 0.730990 0.843056 0.049479 0.089815
4 0.699219 0.822222 0.026562 0.044444
1 0.694792 0.731944 0.038542 0.073148
8 0.669792 0.755556 0.125000 0.175926
4 0.984115 0.754630 0.015104 0.037037
4 0.929948 0.542130 0.019271 0.021296
4 0.926042 0.544907 0.022917 0.045370
1 0.931771 0.477778 0.020833 0.053704
8 0.907292 0.495370 0.069792 0.107407
4 0.868490 0.386111 0.014063 0.018519
5 0.865365 0.390741 0.024479 0.033333
1 0.863542 0.317130 0.019792 0.045370
1 0.892969 0.307407 0.018229 0.040741
8 0.854688 0.343056 0.047917 0.102778
8 0.887240 0.331944 0.026562 0.087963
3 0.792188 0.230093 0.009375 0.015741
1 0.806771 0.160185 0.015625 0.037037
1 0.824219 0.155556 0.014063 0.035185
8 0.790625 0.180556 0.046875 0.077778
8 0.823438 0.178704 0.020833 0.081481
1 0.770312 0.106019 0.015625 0.036111
4 0.772917 0.153241 0.013542 0.019444
8 0.762240 0.124074 0.042188 0.068519
2 0.795573 0.100463 0.015104 0.030556
8 0.794792 0.116667 0.036458 0.062963
1 0.736719 0.061111 0.014063 0.031481
8 0.735938 0.077315 0.028125 0.060185
1 0.715365 0.029167 0.013021 0.028704
1 0.749740 0.044444 0.011979 0.024074
8 0.712240 0.037963 0.029687 0.044444
9 0.746615 0.054167 0.026562 0.039815
