9 0.119792 0.403241 0.026042 0.025000
6 0.124740 0.372222 0.031771 0.038889
3 0.138021 0.380556 0.014583 0.020370
1 0.126042 0.330556 0.017708 0.037037
8 0.133073 0.342593 0.055729 0.070370
1 0.141667 0.217593 0.014583 0.038889
8 0.153646 0.233333 0.040625 0.075926
1 0.187240 0.161111 0.015104 0.029630
1 0.217188 0.134722 0.014583 0.030556
1 0.207813 0.111111 0.010417 0.029630
1 0.232292 0.100926 0.013542 0.025926
4 0.180990 0.193056 0.011979 0.013889
4 0.205990 0.139815 0.010937 0.012963
5 0.179688 0.205093 0.014583 0.013889
5 0.217448 0.193056 0.019271 0.021296
9 0.188542 0.172222 0.033333 0.055556
9 0.242188 0.109259 0.035417 0.048148
8 0.225521 0.154167 0.037500 0.067593
8 0.210938 0.118519 0.026042 0.048148
1 0.264844 0.069444 0.014063 0.029630
1 0.277865 0.032407 0.011979 0.025926
1 0.301563 0.020833 0.012500 0.023148
1 0.263542 0.091667 0.010417 0.016667
9 0.278646 0.074074 0.041667 0.040741
9 0.279948 0.040741 0.028646 0.040741
4 0.302344 0.052778 0.010937 0.011111
8 0.309115 0.031944 0.032813 0.049074
1 0.718490 0.028241 0.011979 0.028704
1 0.749219 0.043519 0.011979 0.024074
8 0.712240 0.041204 0.029687 0.056481
9 0.741667 0.049537 0.029167 0.032407
6 0.742188 0.101389 0.018750 0.019444
1 0.747917 0.069444 0.014583 0.024074
1 0.782292 0.090278 0.016667 0.025000
8 0.741146 0.081019 0.035417 0.047222
1 0.773698 0.110648 0.018229 0.032407
4 0.772917 0.152315 0.014583 0.015741
8 0.764844 0.124537 0.043229 0.069444
1 0.806771 0.109722 0.013542 0.030556
8 0.799740 0.122685 0.035937 0.056481
4 0.797917 0.205556 0.016667 0.016667
1 0.801042 0.159259 0.017708 0.037037
1 0.824219 0.155556 0.014063 0.037037
8 0.792448 0.179167 0.036979 0.073148
8 0.821094 0.179630 0.023438 0.081481
4 0.865365 0.381019 0.015104 0.019444
5 0.865365 0.390278 0.025521 0.032407
1 0.893490 0.309259 0.017188 0.038889
1 0.864844 0.319907 0.018229 0.043519
9 0.854688 0.343519 0.050000 0.090741
8 0.887240 0.331019 0.028646 0.084259
4 0.929167 0.540741 0.018750 0.018519
5 0.926042 0.546759 0.021875 0.043519
1 0.929948 0.479167 0.021354 0.050926
8 0.904687 0.494907 0.068750 0.104630
4 0.984115 0.753241 0.015104 0.039815
5 0.731771 0.843981 0.046875 0.089815
4 0.698438 0.825463 0.025000 0.043519
1 0.691146 0.731481 0.038542 0.072222
8 0.667969 0.759722 0.127604 0.180556
4 0.145573 0.596759 0.015104 0.036111
3 0.195573 0.605556 0.013021 0.033333
5 0.139323 0.601389 0.027604 0.052778
5 0.197396 0.609722 0.034375 0.056481
1 0.131771 0.555556 0.026042 0.051852
9 0.148698 0.562963 0.068229 0.105556
4 0.279167 0.599074 0.030208 0.044444
1 0.293490 0.555556 0.034896 0.055556
5 0.264323 0.612037 0.033854 0.059259
2 0.265365 0.506019 0.029687 0.060185
9 0.239063 0.531944 0.082292 0.117593
9 0.294792 0.570370 0.076042 0.124074
3 0.352344 0.612963 0.017188 0.042593
3 0.424740 0.593056 0.015104 0.037963
5 0.432292 0.595370 0.060417 0.070370
2 0.404167 0.469444 0.041667 0.064815
1 0.341667 0.468981 0.028125 0.065741
8 0.355990 0.515741 0.070312 0.157407
8 0.426563 0.506019 0.086458 0.136111
2 0.613542 0.504630 0.037500 0.062963
6 0.597917 0.603704 0.047917 0.083333
3 0.617969 0.589815 0.026562 0.024074
8 0.591667 0.525463 0.091667 0.130556
4 0.691667 0.600926 0.021875 0.031481
5 0.691667 0.620370 0.037500 0.062963
2 0.701042 0.470370 0.038542 0.057407
8 0.682292 0.525000 0.097917 0.181481
4 0.772396 0.611111 0.027083 0.031481
4 0.839063 0.603704 0.019792 0.027778
5 0.766667 0.618519 0.030208 0.055556
5 0.835417 0.618519 0.037500 0.046296
1 0.781771 0.530556 0.030208 0.061111
1 0.840365 0.530093 0.029687 0.058333
9 0.759115 0.556019 0.074479 0.132407
9 0.826042 0.543519 0.067708 0.144444
4 0.782813 0.420833 0.027083 0.026852
1 0.785417 0.356019 0.021875 0.049074
9 0.776563 0.381481 0.065625 0.100000
7 0.724740 0.398148 0.032813 0.046296
7 0.660417 0.380556 0.028125 0.053704
3 0.647917 0.431019 0.016667 0.028704
9 0.716667 0.395370 0.061458 0.100000
9 0.654167 0.368519 0.061458 0.125926
5 0.530990 0.419444 0.028646 0.048148
4 0.582292 0.405093 0.023958 0.039815
1 0.589844 0.346296 0.026562 0.051852
9 0.577865 0.350463 0.082812 0.119444
5 0.369792 0.424537 0.038542 0.032407
5 0.460938 0.407870 0.038542 0.037963
3 0.257292 0.421759 0.018750 0.019444
4 0.316667 0.405556 0.033333 0.031481
1 0.251563 0.356944 0.022917 0.047222
1 0.315365 0.350926 0.028646 0.055556
9 0.321615 0.370370 0.081771 0.098148
9 0.261719 0.365278 0.052604 0.095370
4 0.194271 0.432407 0.016667 0.024074
1 0.190365 0.381481 0.025521 0.048148
9 0.201563 0.387037 0.060417 0.103704
4 0.230990 0.312963 0.019271 0.024074
1 0.229167 0.243519 0.018750 0.044444
5 0.286198 0.305556 0.025521 0.029630
8 0.239063 0.269907 0.059375 0.104630
6 0.340365 0.291204 0.024479 0.036111
5 0.362240 0.302778 0.030729 0.038889
0 0.346615 0.229630 0.020313 0.055556
8 0.344792 0.253704 0.063542 0.105556
8 0.405469 0.272222 0.026562 0.024074
5 0.396094 0.294907 0.031771 0.023148
1 0.403646 0.218519 0.022917 0.051852
8 0.407813 0.241204 0.065625 0.099074
4 0.466667 0.279630 0.020833 0.022222
4 0.533594 0.280556 0.028646 0.025926
3 0.524219 0.294907 0.010937 0.019444
1 0.471094 0.242593 0.022396 0.048148
9 0.468490 0.245833 0.054688 0.076852
1 0.534115 0.220370 0.023438 0.050000
8 0.532813 0.243056 0.068750 0.097222
4 0.701042 0.296759 0.027083 0.023148
4 0.757292 0.317130 0.025000 0.025000
5 0.721094 0.313426 0.020313 0.030556
5 0.697917 0.242593 0.020833 0.048148
5 0.759115 0.240741 0.020313 0.053704
8 0.694792 0.261574 0.058333 0.093519
8 0.751823 0.268056 0.055729 0.113889
4 0.663542 0.193056 0.016667 0.019444
1 0.657292 0.140741 0.017708 0.040741
1 0.708594 0.155556 0.017188 0.035185
6 0.710938 0.209722 0.021875 0.030556
5 0.662240 0.218056 0.040104 0.028704
5 0.621615 0.203241 0.023438 0.025000
8 0.655990 0.159259 0.049479 0.085185
8 0.705990 0.172222 0.048438 0.081481
4 0.497917 0.198148 0.015625 0.020370
4 0.580990 0.186574 0.022396 0.019444
5 0.513542 0.200926 0.019792 0.024074
5 0.576042 0.205556 0.023958 0.022222
1 0.512240 0.130556 0.019271 0.042593
1 0.576042 0.140741 0.022917 0.040741
8 0.507292 0.156019 0.059375 0.097222
8 0.566667 0.157407 0.051042 0.079630
2 0.416667 0.141667 0.022917 0.044444
1 0.448698 0.143519 0.021354 0.042593
4 0.444792 0.199537 0.019792 0.021296
8 0.405469 0.159722 0.054688 0.086111
8 0.452865 0.163889 0.048438 0.087037
4 0.277865 0.210648 0.016146 0.019444
4 0.310417 0.211111 0.021875 0.018519
5 0.264844 0.230093 0.021354 0.021296
5 0.319271 0.218056 0.018750 0.017593
1 0.274219 0.170833 0.018229 0.037963
1 0.306771 0.156481 0.019792 0.042593
9 0.273438 0.186574 0.045833 0.078704
9 0.319792 0.178241 0.047917 0.084259
1 0.353646 0.085185 0.014583 0.031481
1 0.394792 0.044444 0.013542 0.022222
1 0.392188 0.073148 0.018750 0.033333
1 0.426563 0.034259 0.012500 0.027778
1 0.443490 0.094907 0.019271 0.032407
5 0.357292 0.141204 0.016667 0.019444
5 0.391667 0.131481 0.021875 0.020370
4 0.428646 0.068519 0.017708 0.012963
4 0.427865 0.119907 0.014063 0.019444
8 0.355990 0.101852 0.040104 0.068519
8 0.397396 0.092593 0.042708 0.072222
8 0.430990 0.048611 0.042188 0.056481
9 0.432292 0.100926 0.043750 0.044444
4 0.477344 0.118519 0.018229 0.014815
5 0.482292 0.131019 0.018750 0.021296
1 0.481771 0.081019 0.016667 0.034259
9 0.479167 0.093056 0.052083 0.067593
1 0.468490 0.031019 0.011979 0.026852
4 0.466667 0.061111 0.016667 0.009259
8 0.469792 0.043519 0.036458 0.050000
5 0.533594 0.126389 0.017188 0.019444
5 0.533594 0.076389 0.023438 0.019444
6 0.515365 0.069444 0.023438 0.014815
6 0.544792 0.067130 0.016667 0.017593
4 0.594271 0.066204 0.015625 0.013889
4 0.615365 0.120370 0.018229 0.020370
1 0.512240 0.030556 0.014063 0.029630
8 0.511719 0.044907 0.035937 0.056481
1 0.552344 0.040278 0.014063 0.028704
1 0.593490 0.032407 0.014063 0.033333
1 0.567448 0.078704 0.016146 0.031481
1 0.618490 0.076389 0.017188 0.039815
9 0.569271 0.093056 0.044792 0.065741
9 0.549740 0.045370 0.043229 0.050000
9 0.591146 0.043519 0.041667 0.055556
8 0.613542 0.093056 0.042708 0.076852
1 0.646094 0.044444 0.014063 0.029630
1 0.651042 0.079167 0.017708 0.036111
8 0.654948 0.097222 0.041146 0.075926
8 0.641146 0.052315 0.036458 0.047222
