5 0.119792 0.403704 0.026042 0.025926
3 0.138021 0.381019 0.015625 0.021296
6 0.125521 0.372222 0.032292 0.044444
1 0.124740 0.328241 0.019271 0.037963
8 0.137240 0.342130 0.048438 0.065741
1 0.143490 0.218519 0.016146 0.035185
8 0.154688 0.238426 0.040625 0.073148
5 0.180469 0.202315 0.014063 0.021296
5 0.217448 0.192130 0.019271 0.021296
2 0.191667 0.133333 0.014583 0.031481
1 0.217969 0.134259 0.014063 0.031481
8 0.192969 0.155556 0.029687 0.070370
8 0.224740 0.152778 0.036979 0.066667
1 0.207813 0.108333 0.011458 0.031481
1 0.230469 0.100463 0.014063 0.025000
8 0.210938 0.118056 0.022917 0.047222
9 0.241146 0.109259 0.035417 0.055556
1 0.265365 0.068519 0.014063 0.027778
4 0.263542 0.090741 0.011458 0.016667
9 0.277865 0.072685 0.039062 0.043519
9 0.279948 0.040741 0.028646 0.040741
1 0.278646 0.031019 0.012500 0.025000
4 0.302344 0.053241 0.010937 0.010185
1 0.301563 0.018519 0.012500 0.024074
8 0.309115 0.030556 0.030729 0.050000
4 0.354167 0.118981 0.012500 0.013889
4 0.428646 0.118056 0.013542 0.019444
4 0.427865 0.068056 0.019271 0.013889
5 0.357292 0.142130 0.017708 0.021296
5 0.391667 0.131019 0.022917 0.019444
1 0.351042 0.081019 0.015625 0.034259
1 0.393490 0.068981 0.018229 0.036111
1 0.441667 0.094907 0.017708 0.030556
1 0.427865 0.034259 0.013021 0.031481
8 0.355990 0.101852 0.039062 0.072222
8 0.397396 0.091204 0.042708 0.073148
9 0.432292 0.103241 0.043750 0.045370
8 0.431771 0.047222 0.040625 0.055556
4 0.477344 0.118519 0.017188 0.014815
4 0.482292 0.130556 0.018750 0.022222
1 0.480990 0.080556 0.017188 0.035185
9 0.477865 0.093056 0.049479 0.065741
1 0.468750 0.031019 0.012500 0.026852
1 0.513542 0.031019 0.013542 0.028704
1 0.553646 0.039815 0.014583 0.027778
1 0.568490 0.079167 0.016146 0.034259
5 0.533594 0.127778 0.017188 0.020370
4 0.466667 0.056944 0.017708 0.012037
6 0.515365 0.068519 0.023438 0.014815
5 0.533594 0.078241 0.024479 0.017593
6 0.546094 0.067593 0.017188 0.016667
8 0.470313 0.043519 0.035417 0.050000
9 0.569792 0.091667 0.045833 0.062963
9 0.549740 0.043519 0.043229 0.051852
8 0.510417 0.043056 0.035417 0.058333
4 0.616146 0.118981 0.017708 0.019444
2 0.624219 0.078704 0.017188 0.038889
1 0.650521 0.077778 0.015625 0.035185
1 0.592969 0.031019 0.014063 0.034259
1 0.646094 0.043056 0.014063 0.026852
9 0.591667 0.043056 0.042708 0.056481
8 0.640365 0.054167 0.034896 0.049074
8 0.613542 0.093056 0.042708 0.073148
8 0.652865 0.096759 0.041146 0.080556
4 0.662240 0.193056 0.015104 0.019444
6 0.710938 0.206944 0.021875 0.030556
5 0.660417 0.217593 0.041667 0.029630
5 0.621615 0.203241 0.023438 0.025000
1 0.655990 0.139815 0.018229 0.040741
1 0.709115 0.156019 0.017188 0.037963
8 0.655469 0.159259 0.050521 0.081481
8 0.705990 0.171759 0.048438 0.080556
4 0.582292 0.180556 0.023958 0.022222
5 0.576042 0.203704 0.023958 0.022222
1 0.575521 0.136111 0.021875 0.044444
8 0.568490 0.155556 0.051562 0.081481
4 0.498698 0.193519 0.013021 0.027778
5 0.513542 0.200926 0.019792 0.024074
1 0.507292 0.131019 0.017708 0.043519
8 0.509896 0.153704 0.065625 0.087037
1 0.459896 0.132407 0.018750 0.044444
2 0.413542 0.143519 0.022917 0.042593
4 0.450521 0.188426 0.015625 0.025000
5 0.454948 0.194907 0.021354 0.025000
8 0.402865 0.159259 0.059896 0.081481
8 0.457292 0.153704 0.044792 0.081481
4 0.288542 0.210648 0.018750 0.019444
4 0.309115 0.210185 0.022396 0.018519
2 0.276042 0.175463 0.020833 0.030556
1 0.305469 0.159259 0.021354 0.044444
9 0.276042 0.181944 0.042708 0.075000
9 0.316667 0.180556 0.047917 0.081481
5 0.319271 0.218056 0.019792 0.019444
5 0.285938 0.305093 0.027083 0.030556
1 0.227865 0.223611 0.021354 0.043519
3 0.223438 0.310648 0.010417 0.019444
8 0.243490 0.254630 0.061979 0.100000
6 0.340365 0.290741 0.023438 0.035185
5 0.362240 0.301852 0.026562 0.037037
0 0.343490 0.230093 0.019271 0.054630
8 0.343490 0.254630 0.063021 0.103704
5 0.395313 0.293056 0.031250 0.026852
1 0.401823 0.218056 0.022396 0.052778
1 0.472917 0.230556 0.020833 0.040741
4 0.405990 0.269444 0.026562 0.024074
4 0.465365 0.276852 0.023438 0.027778
8 0.407813 0.242130 0.065625 0.097222
8 0.532292 0.243519 0.069792 0.096296
1 0.535417 0.218056 0.023958 0.049074
9 0.469271 0.243519 0.053125 0.075926
4 0.533594 0.280556 0.028646 0.025926
3 0.523438 0.293056 0.010417 0.019444
4 0.701042 0.294907 0.026042 0.019444
4 0.758073 0.316667 0.024479 0.025926
5 0.721615 0.314815 0.020313 0.029630
1 0.696615 0.243056 0.020313 0.043519
8 0.694792 0.259259 0.058333 0.094444
1 0.759115 0.239815 0.021354 0.051852
8 0.751563 0.268056 0.055208 0.115741
4 0.782813 0.418981 0.029167 0.025000
1 0.785417 0.356481 0.020833 0.050000
9 0.776823 0.381019 0.068229 0.097222
3 0.647917 0.431019 0.014583 0.028704
7 0.660417 0.380556 0.026042 0.050000
7 0.724219 0.400926 0.032813 0.051852
9 0.654167 0.368056 0.061458 0.125000
9 0.716146 0.393056 0.060417 0.100926
5 0.531771 0.418519 0.028125 0.046296
4 0.580990 0.405556 0.025521 0.038889
1 0.590365 0.343519 0.027604 0.053704
9 0.578646 0.351852 0.082292 0.114815
5 0.370573 0.423611 0.038021 0.030556
5 0.460938 0.405556 0.038542 0.035185
4 0.316667 0.406019 0.035417 0.032407
4 0.256771 0.423148 0.029167 0.029630
1 0.316667 0.350000 0.027083 0.055556
1 0.254167 0.364352 0.021875 0.049074
1 0.190365 0.380556 0.023438 0.046296
4 0.194271 0.431481 0.017708 0.024074
9 0.197917 0.389352 0.055208 0.099074
9 0.254688 0.373611 0.059375 0.119444
9 0.322917 0.368056 0.079167 0.100926
9 0.148438 0.562037 0.069792 0.105556
1 0.129688 0.560185 0.028125 0.055556
4 0.145313 0.593519 0.014583 0.035185
5 0.139323 0.601389 0.027604 0.049074
4 0.194792 0.598611 0.014583 0.043519
5 0.194792 0.606481 0.031250 0.053704
2 0.227865 0.505556 0.028646 0.057407
8 0.221094 0.538889 0.067187 0.127778
4 0.277344 0.591204 0.029687 0.043519
5 0.260417 0.613426 0.028125 0.056481
1 0.288542 0.542593 0.033333 0.055556
9 0.290365 0.562963 0.078646 0.118519
3 0.352344 0.611574 0.017188 0.043519
1 0.341667 0.468981 0.028125 0.065741
8 0.353646 0.517593 0.069792 0.159259
3 0.424740 0.593519 0.015104 0.037037
5 0.432292 0.593981 0.060417 0.069444
2 0.401042 0.481019 0.038542 0.069444
8 0.424740 0.506481 0.086979 0.127778
6 0.597917 0.606019 0.047917 0.076852
3 0.617188 0.588426 0.026042 0.026852
1 0.621615 0.531019 0.034896 0.073148
9 0.594792 0.529630 0.091667 0.135185
4 0.684896 0.605093 0.033333 0.041667
5 0.695573 0.618981 0.031771 0.060185
2 0.684115 0.481019 0.034896 0.075000
8 0.682813 0.533333 0.085417 0.181481
1 0.780990 0.530556 0.029687 0.061111
4 0.771094 0.611111 0.025521 0.031481
4 0.841667 0.606019 0.020833 0.030556
1 0.843490 0.530093 0.029687 0.062037
5 0.766667 0.618056 0.029167 0.056481
5 0.835417 0.618056 0.036458 0.047222
9 0.760417 0.555556 0.076042 0.138889
9 0.827344 0.543056 0.066146 0.145370
5 0.730990 0.843056 0.048438 0.089815
4 0.698698 0.825000 0.025521 0.044444
1 0.689844 0.738426 0.035937 0.073148
8 0.667969 0.757407 0.126562 0.177778
4 0.984896 0.753704 0.014583 0.038889
4 0.929167 0.542130 0.017708 0.021296
5 0.926042 0.545833 0.021875 0.043519
1 0.930469 0.477315 0.021354 0.050926
8 0.907292 0.497222 0.066667 0.105556
4 0.868490 0.385185 0.015104 0.020370
5 0.865365 0.390278 0.024479 0.034259
1 0.864583 0.310648 0.020833 0.043519
8 0.855469 0.342593 0.047396 0.107407
1 0.892969 0.308796 0.017188 0.039815
8 0.888542 0.331019 0.026042 0.086111
1 0.799740 0.168056 0.017188 0.039815
8 0.790625 0.177315 0.037500 0.073148
1 0.825000 0.156019 0.015625 0.036111
8 0.821094 0.179630 0.026562 0.079630
3 0.792188 0.230093 0.009375 0.015741
4 0.772917 0.150926 0.014583 0.018519
1 0.772917 0.106481 0.016667 0.037037
8 0.763542 0.124537 0.042708 0.069444
1 0.805990 0.107870 0.013021 0.032407
8 0.800000 0.121296 0.034375 0.061111
1 0.747917 0.068981 0.014583 0.025000
6 0.745313 0.103241 0.020833 0.017593
8 0.741146 0.081019 0.035417 0.049074
1 0.719271 0.027778 0.011458 0.027778
8 0.712240 0.041667 0.030729 0.055556
1 0.746615 0.041667 0.010937 0.025926
9 0.742448 0.045370 0.027604 0.037037
