8 0.135417 0.339352 0.047917 0.065741
5 0.129688 0.372222 0.023958 0.038889
5 0.120313 0.404630 0.027083 0.027778
8 0.152865 0.243056 0.044271 0.076852
8 0.189844 0.172222 0.034896 0.055556
8 0.225521 0.243056 0.086458 0.167593
8 0.213542 0.118519 0.030208 0.055556
8 0.243490 0.112037 0.039062 0.059259
9 0.276042 0.074537 0.041667 0.043519
9 0.390365 0.056019 0.039062 0.052778
8 0.357292 0.101389 0.040625 0.076852
9 0.397396 0.100926 0.042708 0.068519
8 0.429688 0.046759 0.040625 0.060185
8 0.469271 0.043056 0.037500 0.052778
8 0.510938 0.043981 0.037500 0.063889
5 0.534375 0.128241 0.018750 0.023148
9 0.548438 0.044444 0.042708 0.053704
9 0.591667 0.043519 0.044792 0.059259
8 0.638542 0.050463 0.039583 0.056481
8 0.655208 0.094907 0.042708 0.071296
9 0.569271 0.092130 0.044792 0.073148
9 0.705469 0.173611 0.051562 0.082407
8 0.654167 0.166204 0.043750 0.093519
5 0.622917 0.203241 0.023958 0.030556
5 0.288542 0.304167 0.029167 0.034259
4 0.405469 0.272222 0.024479 0.024074
9 0.469271 0.245370 0.058333 0.079630
8 0.532292 0.243056 0.072917 0.097222
4 0.529948 0.280556 0.021354 0.029630
8 0.696094 0.261574 0.060937 0.093519
8 0.751563 0.269907 0.057292 0.121296
9 0.778646 0.393056 0.067708 0.097222
9 0.716667 0.397222 0.064583 0.105556
9 0.655469 0.368519 0.064062 0.129630
8 0.588542 0.355556 0.079167 0.135185
5 0.532292 0.419907 0.030208 0.050926
5 0.461719 0.409259 0.040104 0.038889
5 0.371094 0.422685 0.039062 0.037963
8 0.322917 0.367593 0.080208 0.105556
9 0.254688 0.373611 0.067708 0.119444
9 0.200521 0.385185 0.058333 0.105556
8 0.263021 0.520833 0.091667 0.141667
8 0.427865 0.505093 0.076563 0.158333
8 0.760417 0.549074 0.076042 0.144444
9 0.823438 0.547685 0.070833 0.169444
8 0.712760 0.038889 0.030729 0.050000
8 0.734635 0.078704 0.030729 0.053704
8 0.797396 0.118056 0.035417 0.063889
8 0.827865 0.184259 0.027604 0.094444
8 0.855208 0.344444 0.048958 0.109259
8 0.887240 0.331019 0.030729 0.095370
8 0.968750 0.715741 0.062500 0.094444
5 0.366667 0.314815 0.025000 0.038889
8 0.479948 0.090278 0.047396 0.069444
8 0.566667 0.156481 0.051042 0.083333
8 0.342969 0.242593 0.068229 0.124074
8 0.407813 0.240278 0.066667 0.102778
5 0.730990 0.844444 0.048438 0.092593
8 0.906510 0.500000 0.071354 0.114815
8 0.792448 0.180093 0.050521 0.078704
8 0.764844 0.120370 0.039062 0.081481
6 0.663021 0.214815 0.041667 0.035185
8 0.309896 0.032870 0.033333 0.052778
9 0.367969 0.021296 0.035937 0.040741
8 0.509115 0.152315 0.067187 0.099074
8 0.452865 0.157407 0.049479 0.103704
8 0.402865 0.157870 0.057813 0.099074
5 0.610417 0.078704 0.020833 0.016667
8 0.151042 0.543519 0.060417 0.144444
8 0.208594 0.526389 0.051562 0.156481
8 0.353646 0.520833 0.070833 0.169444
8 0.594792 0.522222 0.092708 0.144444
8 0.681771 0.537500 0.089583 0.178704
8 0.671094 0.755556 0.123438 0.177778
3 0.138542 0.381481 0.016667 0.022222
5 0.180469 0.203704 0.014063 0.020370
9 0.280990 0.038426 0.027604 0.043519
8 0.435417 0.091667 0.042708 0.079630
9 0.315365 0.183333 0.050521 0.075926
9 0.272917 0.187963 0.044792 0.081481
7 0.662240 0.380556 0.031771 0.057407
3 0.647917 0.430556 0.017708 0.033333
7 0.725521 0.403704 0.036458 0.057407
4 0.984896 0.753241 0.017708 0.045370
3 0.792188 0.229630 0.011458 0.020370
9 0.747396 0.054630 0.026042 0.042593
1 0.123958 0.330556 0.023958 0.046296
1 0.141667 0.228241 0.016667 0.039815
4 0.140365 0.274074 0.014063 0.018519
1 0.184115 0.162963 0.017188 0.031481
1 0.212240 0.184722 0.023438 0.050926
4 0.210938 0.286574 0.014583 0.026852
0 0.212240 0.105556 0.014063 0.025926
1 0.244792 0.098148 0.014583 0.031481
1 0.265625 0.068056 0.015625 0.032407
1 0.278646 0.033333 0.014583 0.031481
1 0.302344 0.021296 0.014063 0.025926
4 0.302865 0.052778 0.013021 0.014815
1 0.394792 0.050000 0.014583 0.031481
1 0.356771 0.081481 0.017708 0.037037
5 0.359115 0.140741 0.019271 0.024074
1 0.394271 0.091667 0.020833 0.038889
1 0.435417 0.070370 0.019792 0.042593
1 0.427865 0.034722 0.015104 0.030556
1 0.477865 0.076852 0.019271 0.040741
4 0.388542 0.130556 0.015625 0.022222
4 0.427865 0.118981 0.015104 0.025000
1 0.470313 0.031019 0.014583 0.032407
1 0.514844 0.030556 0.014063 0.033333
6 0.513542 0.068519 0.020833 0.020370
4 0.476042 0.117593 0.014583 0.018519
5 0.533594 0.077315 0.024479 0.021296
1 0.551042 0.037963 0.016667 0.031481
6 0.544792 0.068519 0.016667 0.018519
1 0.591667 0.034722 0.017708 0.043519
1 0.568490 0.076852 0.019271 0.038889
9 0.620313 0.115278 0.054167 0.073148
1 0.638542 0.100000 0.019792 0.042593
1 0.651563 0.080556 0.018750 0.038889
1 0.658594 0.142130 0.021354 0.045370
1 0.710417 0.156944 0.020833 0.043519
6 0.711719 0.210185 0.023438 0.031481
1 0.760417 0.240278 0.026042 0.058333
4 0.757292 0.317130 0.026042 0.026852
1 0.701042 0.243519 0.022917 0.050000
4 0.702344 0.293519 0.022396 0.025926
1 0.576042 0.138889 0.023958 0.044444
4 0.580990 0.187037 0.023438 0.018519
2 0.509896 0.125000 0.025000 0.044444
4 0.497917 0.197222 0.016667 0.025926
6 0.514583 0.196296 0.023958 0.035185
2 0.454167 0.131481 0.026042 0.050000
6 0.452865 0.196759 0.026562 0.030556
3 0.454167 0.193519 0.010417 0.018519
2 0.407813 0.134722 0.023958 0.050926
1 0.304948 0.169444 0.022396 0.040741
4 0.309115 0.209259 0.023438 0.022222
1 0.272396 0.174074 0.020833 0.044444
1 0.280469 0.213889 0.017188 0.022222
1 0.334115 0.210648 0.025521 0.056481
6 0.341667 0.282870 0.034375 0.045370
3 0.361198 0.291204 0.013021 0.026852
1 0.402865 0.218519 0.026562 0.059259
1 0.471615 0.243519 0.028646 0.055556
4 0.466667 0.278704 0.023958 0.027778
1 0.534896 0.224074 0.026042 0.055556
3 0.524219 0.295370 0.014063 0.025926
1 0.788542 0.380556 0.028125 0.055556
4 0.781771 0.429167 0.023958 0.026852
1 0.596094 0.332407 0.029687 0.062963
4 0.596875 0.410185 0.031250 0.031481
1 0.317188 0.348611 0.029167 0.065741
4 0.316146 0.400000 0.031250 0.031481
4 0.257292 0.425000 0.028125 0.031481
4 0.192188 0.427778 0.018750 0.024074
1 0.255990 0.349537 0.025521 0.056481
1 0.190885 0.376389 0.027604 0.050926
1 0.141146 0.505556 0.028125 0.059259
4 0.143490 0.597685 0.024479 0.043519
2 0.212240 0.482870 0.029687 0.067593
4 0.196094 0.594907 0.017188 0.049074
1 0.240365 0.489352 0.029687 0.075000
4 0.235937 0.543519 0.028125 0.040741
5 0.262240 0.613889 0.033854 0.061111
1 0.346615 0.473611 0.030729 0.069444
3 0.352865 0.612500 0.020313 0.043519
2 0.415365 0.465741 0.040104 0.074074
3 0.423438 0.594444 0.020833 0.042593
5 0.430990 0.600000 0.061979 0.068519
2 0.618490 0.499074 0.035937 0.077778
5 0.597396 0.618056 0.048958 0.050926
1 0.686719 0.493981 0.034896 0.082407
4 0.684115 0.605556 0.035937 0.042593
1 0.781771 0.520370 0.033333 0.062963
4 0.771875 0.606944 0.028125 0.028704
1 0.839323 0.525000 0.034896 0.066667
4 0.837760 0.614815 0.030729 0.035185
1 0.690365 0.731019 0.042188 0.080556
4 0.698438 0.824074 0.027083 0.040741
1 0.930469 0.479167 0.023438 0.054630
4 0.929688 0.543981 0.019792 0.025000
1 0.862760 0.317130 0.022396 0.050926
4 0.868490 0.385648 0.015104 0.025000
1 0.892188 0.307870 0.020833 0.047222
1 0.824740 0.156944 0.017188 0.037963
1 0.805990 0.163426 0.019271 0.041667
4 0.835938 0.217130 0.014583 0.028704
2 0.796615 0.105093 0.017188 0.034259
1 0.769271 0.101852 0.018750 0.044444
4 0.773438 0.152778 0.015625 0.020370
1 0.735417 0.068056 0.014583 0.030556
1 0.716146 0.031019 0.014583 0.030556
