5 0.119792 0.403704 0.025000 0.025926
6 0.124740 0.368981 0.031771 0.043519
3 0.138021 0.380556 0.015625 0.020370
1 0.124740 0.329167 0.020313 0.039815
8 0.135417 0.342593 0.050000 0.066667
0 0.142448 0.218056 0.015104 0.036111
8 0.154688 0.231019 0.038542 0.075000
1 0.188021 0.155556 0.014583 0.031481
4 0.180990 0.192593 0.010937 0.012963
4 0.217188 0.177778 0.010417 0.012963
1 0.218490 0.133333 0.011979 0.031481
1 0.207292 0.105556 0.010417 0.031481
1 0.231771 0.100926 0.014583 0.025926
9 0.190365 0.168056 0.034896 0.052778
9 0.242969 0.106019 0.035937 0.049074
8 0.210938 0.118519 0.027083 0.051852
8 0.224740 0.154630 0.033854 0.068519
5 0.180990 0.204630 0.015104 0.014815
5 0.217188 0.192593 0.020833 0.020370
4 0.263542 0.090741 0.011458 0.014815
1 0.264844 0.068056 0.014063 0.026852
9 0.278125 0.068056 0.040625 0.037963
1 0.274740 0.030556 0.013021 0.025926
1 0.301042 0.018519 0.011458 0.024074
9 0.277865 0.039815 0.030729 0.040741
8 0.307292 0.031019 0.031250 0.047222
1 0.718490 0.026389 0.011979 0.026852
1 0.747917 0.043056 0.011458 0.023148
8 0.713542 0.040741 0.028125 0.057407
9 0.742188 0.043056 0.029167 0.030556
6 0.743490 0.102778 0.021354 0.016667
1 0.747917 0.068056 0.014583 0.025000
1 0.783073 0.090278 0.015104 0.023148
8 0.741146 0.081019 0.036458 0.049074
1 0.774219 0.106019 0.016146 0.036111
1 0.805990 0.105556 0.011979 0.031481
4 0.772917 0.153241 0.014583 0.015741
8 0.765365 0.120833 0.040104 0.069444
8 0.799740 0.118519 0.033854 0.057407
8 0.790365 0.181019 0.036979 0.071296
8 0.821615 0.180556 0.023438 0.081481
1 0.801042 0.165278 0.014583 0.037963
1 0.824740 0.155556 0.016146 0.035185
4 0.866667 0.380556 0.014583 0.020370
5 0.863542 0.390741 0.026042 0.033333
1 0.865365 0.318056 0.019271 0.043519
9 0.854688 0.343519 0.047917 0.090741
0 0.888021 0.293519 0.017708 0.044444
8 0.884115 0.326389 0.024479 0.099074
4 0.929167 0.540278 0.017708 0.021296
5 0.926823 0.543056 0.021354 0.043519
1 0.930469 0.478241 0.020313 0.052778
8 0.905990 0.496759 0.069271 0.106481
4 0.984115 0.753704 0.015104 0.038889
1 0.353646 0.081481 0.015625 0.031481
1 0.393490 0.072685 0.018229 0.030556
1 0.394792 0.043056 0.011458 0.023148
1 0.426823 0.030556 0.011979 0.027778
1 0.442969 0.093981 0.018229 0.030556
4 0.354167 0.117130 0.013542 0.015741
4 0.428646 0.118056 0.013542 0.019444
4 0.427865 0.068519 0.017188 0.014815
8 0.355990 0.102778 0.040104 0.066667
8 0.397396 0.092593 0.042708 0.072222
8 0.429948 0.043981 0.041146 0.056481
9 0.433073 0.103704 0.044271 0.048148
4 0.476042 0.118519 0.017708 0.014815
1 0.480990 0.080093 0.017188 0.036111
1 0.468490 0.031019 0.013021 0.026852
1 0.513021 0.030556 0.013542 0.029630
1 0.551823 0.035185 0.015104 0.031481
1 0.566667 0.078704 0.016667 0.033333
4 0.466667 0.056019 0.018750 0.012037
6 0.515365 0.068519 0.023438 0.014815
6 0.544792 0.066667 0.018750 0.020370
5 0.482292 0.130556 0.018750 0.024074
5 0.532813 0.124074 0.017708 0.018519
5 0.533594 0.074537 0.024479 0.019444
4 0.571615 0.118056 0.019271 0.017593
8 0.510417 0.043519 0.036458 0.057407
9 0.477865 0.093056 0.049479 0.069444
8 0.469271 0.043056 0.036458 0.050926
9 0.549740 0.043519 0.043229 0.050000
9 0.568490 0.093519 0.044271 0.066667
4 0.593490 0.066204 0.014063 0.013889
1 0.593490 0.030093 0.015104 0.032407
4 0.616667 0.121759 0.017708 0.019444
1 0.619271 0.076852 0.015625 0.037037
1 0.651823 0.079630 0.015104 0.035185
1 0.645573 0.043519 0.013021 0.029630
8 0.591667 0.043519 0.040625 0.059259
8 0.613542 0.093056 0.042708 0.075000
8 0.652865 0.095833 0.041146 0.080556
8 0.640365 0.053704 0.034896 0.048148
6 0.710938 0.206944 0.022917 0.030556
4 0.662240 0.193519 0.017188 0.020370
5 0.660417 0.218056 0.042708 0.028704
5 0.621615 0.202778 0.023438 0.025926
1 0.657292 0.138889 0.017708 0.038889
1 0.709115 0.155556 0.018229 0.037037
8 0.654167 0.156019 0.051042 0.087963
8 0.705990 0.170833 0.048438 0.080556
4 0.497917 0.193519 0.015625 0.029630
4 0.579688 0.186574 0.021875 0.019444
5 0.513542 0.200926 0.020833 0.024074
5 0.574740 0.204167 0.024479 0.023148
0 0.510417 0.123611 0.018750 0.043519
1 0.571094 0.143056 0.020313 0.036111
8 0.507292 0.149537 0.058333 0.093519
8 0.568490 0.158333 0.046354 0.068519
2 0.416667 0.143519 0.023958 0.044444
4 0.444792 0.198148 0.021875 0.018519
1 0.446615 0.142593 0.019271 0.038889
8 0.404167 0.161111 0.055208 0.081481
8 0.453646 0.162500 0.047917 0.093519
4 0.277865 0.209722 0.016146 0.019444
4 0.312240 0.207870 0.023438 0.019444
5 0.263542 0.230093 0.022917 0.021296
5 0.318490 0.218056 0.019271 0.017593
1 0.274219 0.168519 0.018229 0.037037
2 0.302344 0.156481 0.020313 0.044444
9 0.272917 0.185185 0.044792 0.068519
9 0.316667 0.178704 0.048958 0.081481
4 0.230469 0.306019 0.019271 0.025000
1 0.229948 0.241667 0.019271 0.044444
8 0.239323 0.268056 0.058854 0.106481
5 0.285417 0.305556 0.026042 0.031481
6 0.340365 0.291204 0.024479 0.036111
5 0.362240 0.301852 0.028646 0.037037
0 0.346615 0.228704 0.022396 0.055556
4 0.405469 0.269444 0.024479 0.024074
5 0.395313 0.293519 0.031250 0.024074
8 0.343490 0.254630 0.064062 0.109259
1 0.402344 0.218519 0.023438 0.051852
8 0.407813 0.242130 0.063542 0.097222
4 0.464844 0.277315 0.025521 0.026852
4 0.533594 0.280556 0.026562 0.029630
3 0.523438 0.293519 0.010417 0.020370
1 0.470313 0.231944 0.020833 0.037963
1 0.533594 0.218519 0.020313 0.050000
9 0.468490 0.243056 0.054688 0.075000
8 0.532292 0.243056 0.069792 0.095370
4 0.701823 0.293981 0.025521 0.023148
5 0.721094 0.312037 0.020313 0.031481
1 0.697396 0.241667 0.020833 0.050000
1 0.758594 0.241204 0.020313 0.052778
4 0.757292 0.316667 0.026042 0.025926
8 0.695573 0.261111 0.058854 0.094444
8 0.752865 0.268056 0.052604 0.113889
4 0.782813 0.419444 0.028125 0.025926
1 0.785417 0.355556 0.020833 0.050000
9 0.776823 0.380556 0.068229 0.098148
3 0.646615 0.431019 0.016146 0.028704
7 0.661719 0.381019 0.028646 0.052778
7 0.724219 0.400463 0.032813 0.049074
9 0.655469 0.368519 0.060937 0.124074
9 0.715365 0.395833 0.061979 0.106481
5 0.530990 0.418056 0.028646 0.047222
4 0.581771 0.403704 0.025000 0.042593
1 0.590365 0.343519 0.026562 0.050000
9 0.577865 0.351389 0.083854 0.112037
5 0.369792 0.423148 0.038542 0.031481
5 0.460938 0.406019 0.037500 0.037963
4 0.315365 0.406019 0.033854 0.032407
4 0.257292 0.416204 0.019792 0.032407
4 0.193490 0.430556 0.016146 0.022222
1 0.188542 0.381019 0.023958 0.049074
1 0.252865 0.365278 0.026562 0.047222
1 0.316667 0.353241 0.026042 0.058333
9 0.322917 0.369444 0.081250 0.098148
9 0.260417 0.368519 0.057292 0.100000
9 0.201042 0.386111 0.060417 0.094444
4 0.141667 0.594444 0.020833 0.035185
5 0.139063 0.601389 0.027083 0.050926
1 0.133594 0.552315 0.024479 0.047222
9 0.147917 0.561111 0.069792 0.105556
3 0.194792 0.605556 0.013542 0.033333
5 0.196875 0.608333 0.034375 0.055556
4 0.279167 0.602778 0.027083 0.044444
5 0.264323 0.613426 0.033854 0.062037
2 0.266146 0.505556 0.030208 0.059259
9 0.239323 0.530556 0.083854 0.114815
9 0.296094 0.569907 0.076563 0.125000
3 0.352344 0.614352 0.017188 0.039815
3 0.424740 0.593519 0.014063 0.038889
1 0.346094 0.468519 0.028646 0.064815
1 0.410417 0.470833 0.038542 0.069444
8 0.355990 0.513426 0.067187 0.156481
8 0.429688 0.506019 0.080208 0.137963
5 0.432292 0.593519 0.059375 0.064815
6 0.597917 0.605556 0.048958 0.075926
3 0.617969 0.589815 0.025521 0.025926
4 0.683594 0.605556 0.035937 0.042593
1 0.617969 0.515278 0.033854 0.069444
8 0.595313 0.529630 0.090625 0.133333
5 0.693490 0.619444 0.034896 0.061111
1 0.690365 0.495833 0.031771 0.075000
8 0.682813 0.540278 0.085417 0.176852
1 0.782292 0.518519 0.030208 0.062963
1 0.841667 0.518056 0.031250 0.067593
4 0.772917 0.613889 0.025000 0.038889
4 0.839063 0.603241 0.020833 0.028704
5 0.766667 0.618056 0.029167 0.054630
5 0.838021 0.618056 0.032292 0.043519
8 0.761198 0.552778 0.074479 0.129630
8 0.828646 0.546759 0.062500 0.162037
5 0.730990 0.843519 0.046354 0.087037
4 0.698438 0.825000 0.026042 0.044444
1 0.690365 0.731944 0.038021 0.073148
8 0.667448 0.756019 0.127604 0.176852
