4 0.145313 0.594907 0.014583 0.036111
4 0.194792 0.593981 0.015625 0.047222
4 0.259115 0.617130 0.033854 0.028704
1 0.129167 0.559722 0.030208 0.056481
9 0.148438 0.561111 0.068750 0.105556
2 0.224740 0.518056 0.026562 0.062037
8 0.213542 0.543519 0.051042 0.112963
1 0.257292 0.547685 0.031250 0.056481
9 0.268490 0.568519 0.089063 0.120370
5 0.194792 0.605556 0.029167 0.051852
3 0.352344 0.611574 0.018229 0.043519
1 0.341667 0.468056 0.029167 0.067593
1 0.407813 0.468056 0.031250 0.071296
8 0.352865 0.518056 0.070312 0.169444
8 0.421094 0.535648 0.068229 0.206481
5 0.432292 0.595833 0.059375 0.062037
6 0.596615 0.606019 0.049479 0.073148
3 0.617969 0.587963 0.025521 0.024074
2 0.613542 0.502778 0.034375 0.070370
8 0.593490 0.527778 0.093229 0.140741
4 0.683594 0.605093 0.034896 0.037963
5 0.691667 0.618519 0.036458 0.061111
5 0.766146 0.618519 0.030208 0.055556
1 0.678646 0.510648 0.030208 0.069444
8 0.680469 0.540278 0.085938 0.171296
4 0.772917 0.608333 0.028125 0.031481
4 0.832292 0.610185 0.021875 0.031481
1 0.780990 0.518056 0.032813 0.060185
1 0.839844 0.531019 0.031771 0.062037
8 0.759115 0.554167 0.073438 0.141667
9 0.827865 0.543056 0.067187 0.154630
5 0.837240 0.618519 0.033854 0.048148
1 0.787240 0.380556 0.024479 0.048148
4 0.779167 0.424074 0.023958 0.031481
9 0.777865 0.393056 0.069271 0.093519
7 0.722917 0.401389 0.034375 0.052778
9 0.715365 0.395833 0.061979 0.106481
3 0.647917 0.430556 0.016667 0.029630
7 0.660417 0.380556 0.026042 0.055556
9 0.654167 0.368056 0.060417 0.121296
5 0.530990 0.418519 0.028646 0.048148
3 0.586198 0.416667 0.011979 0.029630
1 0.589063 0.284722 0.025000 0.056481
8 0.585417 0.326852 0.073958 0.140741
5 0.369792 0.423611 0.038542 0.030556
5 0.461198 0.405556 0.038021 0.037037
4 0.317188 0.406019 0.034375 0.030556
4 0.255990 0.426389 0.029687 0.025000
4 0.194792 0.430556 0.016667 0.024074
1 0.191146 0.377315 0.026042 0.049074
1 0.251563 0.364815 0.025000 0.050000
1 0.315365 0.348148 0.028646 0.055556
9 0.322917 0.368519 0.083333 0.103704
9 0.197917 0.385185 0.055208 0.105556
9 0.254688 0.376852 0.059375 0.114815
1 0.221615 0.218981 0.019271 0.043519
1 0.272917 0.170833 0.018750 0.037963
1 0.303646 0.168056 0.021875 0.036111
8 0.234115 0.252315 0.058854 0.102778
5 0.286198 0.305093 0.025521 0.032407
5 0.318490 0.218056 0.020313 0.017593
4 0.277865 0.210185 0.018229 0.018519
4 0.309115 0.208796 0.022396 0.019444
9 0.272396 0.189352 0.041667 0.078704
9 0.317448 0.181019 0.049479 0.071296
6 0.340365 0.290741 0.024479 0.037037
5 0.362240 0.302315 0.028646 0.037963
5 0.396094 0.293519 0.031771 0.024074
1 0.351042 0.234259 0.021875 0.055556
8 0.343490 0.253704 0.064062 0.088889
1 0.402865 0.218519 0.021354 0.053704
4 0.404167 0.268981 0.026042 0.023148
8 0.407813 0.241667 0.066667 0.100000
4 0.465365 0.278241 0.023438 0.025000
4 0.532813 0.280556 0.030208 0.027778
3 0.524219 0.293056 0.010937 0.019444
1 0.470313 0.242130 0.025000 0.049074
1 0.535417 0.218056 0.025000 0.050926
9 0.468490 0.243519 0.055729 0.074074
8 0.532292 0.241204 0.070833 0.097222
4 0.701042 0.295370 0.026042 0.024074
4 0.758073 0.318519 0.024479 0.025926
5 0.721615 0.312037 0.019271 0.031481
0 0.697917 0.232407 0.020833 0.050000
8 0.694792 0.256019 0.058333 0.097222
8 0.751823 0.268519 0.052604 0.112963
1 0.759115 0.242593 0.023438 0.048148
4 0.656771 0.194907 0.019792 0.019444
5 0.621615 0.203704 0.023438 0.025926
5 0.660417 0.218056 0.040625 0.026852
6 0.711719 0.205556 0.022396 0.027778
0 0.654167 0.131944 0.016667 0.037963
1 0.708594 0.144444 0.017188 0.037037
8 0.704688 0.168981 0.050000 0.086111
8 0.652865 0.156944 0.044271 0.089815
1 0.576042 0.136111 0.022917 0.044444
1 0.508073 0.129630 0.018229 0.044444
4 0.496615 0.194907 0.014063 0.026852
4 0.581771 0.186574 0.021875 0.019444
5 0.513542 0.201852 0.020833 0.024074
5 0.576042 0.205093 0.025000 0.021296
8 0.509115 0.153704 0.067187 0.094444
8 0.565365 0.156019 0.046354 0.082407
3 0.454167 0.193056 0.008333 0.013889
5 0.454688 0.195370 0.020833 0.025926
1 0.450521 0.130556 0.020833 0.044444
2 0.404167 0.133333 0.020833 0.044444
8 0.401042 0.155556 0.056250 0.094444
8 0.452865 0.161111 0.046354 0.105556
1 0.349740 0.086111 0.014063 0.031481
1 0.387240 0.069444 0.017188 0.035185
1 0.443490 0.093519 0.018229 0.035185
1 0.427865 0.035185 0.013021 0.031481
4 0.427865 0.068519 0.018229 0.014815
4 0.427865 0.119907 0.014063 0.019444
5 0.357292 0.141667 0.016667 0.020370
1 0.395573 0.043519 0.015104 0.025926
8 0.354167 0.103704 0.037500 0.066667
8 0.394792 0.093056 0.038542 0.078704
8 0.430469 0.047222 0.042188 0.055556
9 0.434375 0.102778 0.040625 0.050000
9 0.390365 0.056019 0.036979 0.047222
1 0.482292 0.080556 0.018750 0.037037
1 0.468750 0.030556 0.012500 0.027778
1 0.513021 0.030556 0.013542 0.029630
1 0.552344 0.042130 0.014063 0.026852
4 0.476823 0.118056 0.018229 0.015741
4 0.468490 0.060185 0.020313 0.007407
6 0.514844 0.068519 0.024479 0.016667
6 0.544792 0.068519 0.016667 0.018519
5 0.533594 0.125926 0.018229 0.018519
5 0.482292 0.131019 0.018750 0.023148
5 0.532813 0.075926 0.025000 0.018519
8 0.468490 0.043056 0.036979 0.050926
9 0.477865 0.093056 0.049479 0.065741
8 0.511198 0.043056 0.036979 0.056481
9 0.549740 0.043981 0.042188 0.049074
9 0.566667 0.080556 0.017708 0.033333
9 0.569792 0.093056 0.045833 0.063889
9 0.591667 0.031019 0.015625 0.036111
2 0.622917 0.068519 0.017708 0.037037
1 0.643490 0.038889 0.014063 0.037037
1 0.652865 0.080093 0.017188 0.036111
4 0.593490 0.066667 0.016146 0.014815
4 0.618490 0.124074 0.019271 0.018519
9 0.591667 0.042593 0.042708 0.061111
8 0.614323 0.093519 0.041146 0.083333
8 0.640365 0.048148 0.031771 0.055556
8 0.652865 0.093519 0.041146 0.072222
5 0.118490 0.403241 0.025521 0.026852
6 0.129948 0.368519 0.024479 0.037037
3 0.137240 0.381019 0.014063 0.021296
1 0.124740 0.331019 0.017188 0.041667
8 0.137240 0.338426 0.046354 0.062037
4 0.141667 0.272685 0.012500 0.019444
1 0.141667 0.227778 0.016667 0.037037
8 0.152344 0.243519 0.043229 0.075926
1 0.184896 0.160648 0.013542 0.030556
1 0.226042 0.156019 0.013542 0.037963
4 0.180990 0.193519 0.010937 0.014815
5 0.217188 0.192130 0.020833 0.019444
5 0.179688 0.200926 0.014583 0.018519
8 0.226042 0.161574 0.038542 0.056481
9 0.190365 0.170370 0.033854 0.055556
0 0.208594 0.108333 0.011979 0.031481
4 0.208594 0.138889 0.013021 0.014815
8 0.210938 0.118519 0.026042 0.050000
1 0.239844 0.092593 0.011979 0.027778
8 0.243490 0.106481 0.033854 0.062963
4 0.263542 0.091667 0.010417 0.014815
1 0.265365 0.068056 0.014063 0.028704
9 0.278646 0.072685 0.042708 0.043519
1 0.276823 0.030556 0.013021 0.027778
1 0.301563 0.018519 0.011458 0.024074
9 0.279167 0.037500 0.028125 0.043519
8 0.309115 0.031019 0.031771 0.049074
1 0.716667 0.029167 0.012500 0.026852
1 0.751563 0.043056 0.011458 0.023148
1 0.746615 0.059259 0.011979 0.031481
1 0.772917 0.106019 0.016667 0.039815
1 0.805990 0.105556 0.011979 0.033333
8 0.713021 0.042593 0.029167 0.053704
8 0.742448 0.076852 0.033854 0.059259
8 0.766667 0.119907 0.039583 0.073148
8 0.799740 0.118056 0.034896 0.056481
4 0.772917 0.151852 0.014583 0.014815
1 0.804167 0.156019 0.017708 0.037963
1 0.824219 0.155556 0.015104 0.035185
3 0.791667 0.230093 0.010417 0.015741
8 0.792188 0.181019 0.041667 0.084259
8 0.822917 0.179167 0.020833 0.080556
1 0.882292 0.314352 0.023958 0.060185
8 0.863542 0.381481 0.063542 0.200000
4 0.929688 0.543056 0.018750 0.021296
5 0.926042 0.544907 0.022917 0.043519
1 0.930990 0.477315 0.021354 0.052778
8 0.905990 0.497685 0.068229 0.106481
4 0.984115 0.756019 0.015104 0.034259
5 0.730469 0.843056 0.048438 0.087963
4 0.698438 0.823611 0.026042 0.043519
1 0.689323 0.734259 0.036979 0.068519
8 0.668490 0.756019 0.125521 0.176852
