5 0.120313 0.403704 0.026042 0.024074
3 0.138021 0.382407 0.014583 0.020370
6 0.125260 0.374074 0.031771 0.042593
1 0.125521 0.330556 0.018750 0.038889
8 0.134115 0.342593 0.051562 0.062963
9 0.322917 0.373611 0.082292 0.102778
8 0.666667 0.747685 0.126042 0.156481
4 0.700260 0.823611 0.024479 0.041667
5 0.730469 0.843519 0.048438 0.087037
8 0.152865 0.235648 0.042188 0.080556
8 0.187240 0.168519 0.027604 0.055556
4 0.183594 0.190278 0.014063 0.012037
5 0.180469 0.203704 0.014063 0.014815
9 0.216667 0.171296 0.048958 0.057407
8 0.210938 0.119444 0.026042 0.046296
9 0.240365 0.113889 0.035937 0.051852
9 0.277865 0.072222 0.039062 0.040741
9 0.280208 0.039815 0.028125 0.040741
8 0.309896 0.033333 0.030208 0.048148
9 0.148438 0.564352 0.067708 0.100926
4 0.144792 0.600463 0.016667 0.030556
5 0.139063 0.602315 0.026042 0.049074
9 0.201042 0.390741 0.059375 0.094444
4 0.193750 0.431019 0.015625 0.023148
8 0.239844 0.268519 0.057813 0.107407
4 0.229167 0.312963 0.021875 0.018519
9 0.272917 0.184259 0.041667 0.068519
4 0.279167 0.208796 0.014583 0.019444
5 0.265365 0.230093 0.020313 0.019444
9 0.317188 0.176389 0.046875 0.087963
4 0.311719 0.210648 0.023438 0.019444
5 0.317969 0.218519 0.020313 0.016667
8 0.355990 0.102315 0.040104 0.069444
4 0.355469 0.116204 0.013021 0.013889
5 0.357812 0.142130 0.017708 0.017593
9 0.367188 0.020370 0.032292 0.038889
5 0.367188 0.038889 0.012500 0.011111
4 0.399219 0.019444 0.013021 0.011111
8 0.396094 0.091667 0.042188 0.079630
4 0.393490 0.119444 0.018229 0.012963
5 0.392188 0.132407 0.021875 0.018519
9 0.343490 0.261574 0.064062 0.080556
6 0.339844 0.294907 0.022396 0.025000
5 0.362240 0.303704 0.027604 0.037037
9 0.240625 0.531019 0.081250 0.115741
5 0.196615 0.610185 0.033854 0.055556
3 0.194792 0.606019 0.012500 0.032407
9 0.296615 0.571759 0.073438 0.126852
4 0.280469 0.602778 0.026562 0.042593
5 0.262240 0.610185 0.030729 0.055556
8 0.355469 0.516667 0.067187 0.153704
8 0.427344 0.506944 0.084896 0.130556
5 0.432292 0.597222 0.060417 0.068519
3 0.425260 0.593519 0.014063 0.035185
1 0.407813 0.240278 0.063542 0.099074
4 0.405990 0.272222 0.027604 0.022222
5 0.396094 0.294907 0.030729 0.026852
9 0.409115 0.163426 0.042188 0.080556
3 0.388021 0.209259 0.008333 0.014815
9 0.433594 0.105556 0.042188 0.046296
4 0.427865 0.118981 0.014063 0.015741
8 0.430469 0.048148 0.042188 0.055556
5 0.435417 0.075926 0.026042 0.012963
4 0.467187 0.060185 0.018750 0.011111
5 0.464844 0.069444 0.011979 0.012963
9 0.479167 0.092593 0.048958 0.061111
5 0.482292 0.131944 0.017708 0.021296
9 0.452344 0.166204 0.046354 0.087963
4 0.446615 0.199537 0.019271 0.019444
9 0.468490 0.246296 0.055729 0.075926
4 0.464583 0.278241 0.025000 0.023148
8 0.532292 0.243519 0.069792 0.098148
4 0.533333 0.281481 0.028125 0.027778
5 0.523438 0.295833 0.010417 0.019444
5 0.369792 0.424074 0.038542 0.031481
5 0.460938 0.408796 0.038542 0.036111
5 0.531771 0.419444 0.028125 0.048148
8 0.596094 0.524074 0.095312 0.131481
6 0.597396 0.601852 0.048958 0.081481
3 0.617708 0.588889 0.025000 0.022222
8 0.682813 0.537037 0.080208 0.168519
4 0.684635 0.605556 0.033854 0.038889
5 0.693490 0.620370 0.036979 0.062963
8 0.752344 0.524537 0.063021 0.119444
5 0.764844 0.617593 0.032813 0.053704
9 0.579688 0.349074 0.084375 0.116667
4 0.581771 0.405556 0.025000 0.037037
8 0.507292 0.155093 0.058333 0.095370
4 0.496615 0.196296 0.014063 0.024074
5 0.513542 0.201389 0.019792 0.025000
5 0.534115 0.126389 0.016146 0.017593
8 0.510938 0.043056 0.037500 0.054630
5 0.515365 0.070370 0.023438 0.014815
5 0.532813 0.077778 0.023958 0.016667
9 0.549219 0.044907 0.041146 0.052778
8 0.590365 0.043056 0.039062 0.054630
5 0.593490 0.071759 0.017188 0.012037
9 0.569792 0.093056 0.042708 0.060185
8 0.571615 0.157870 0.056771 0.078704
4 0.577865 0.189352 0.023438 0.013889
5 0.576042 0.205093 0.022917 0.017593
9 0.654948 0.368519 0.059896 0.124074
5 0.663542 0.431019 0.027083 0.034259
3 0.647917 0.430556 0.014583 0.027778
9 0.716146 0.395370 0.061458 0.101852
8 0.696094 0.257870 0.058854 0.087963
4 0.702083 0.293981 0.023958 0.023148
5 0.721094 0.313426 0.020313 0.030556
8 0.655990 0.166667 0.049479 0.077778
4 0.662760 0.195370 0.024479 0.018519
5 0.622396 0.203704 0.021875 0.022222
5 0.661719 0.218056 0.041146 0.026852
8 0.706771 0.168519 0.048958 0.087037
6 0.711458 0.210185 0.021875 0.029630
8 0.613542 0.093056 0.042708 0.075000
4 0.616146 0.123148 0.018750 0.016667
9 0.654167 0.096759 0.038542 0.065741
9 0.640365 0.052778 0.035937 0.044444
8 0.644792 0.023611 0.035417 0.045370
9 0.714063 0.040278 0.029167 0.054630
9 0.741667 0.052315 0.026042 0.034259
9 0.740365 0.079167 0.031771 0.047222
5 0.740885 0.105093 0.021354 0.013889
1 0.783333 0.089815 0.015625 0.022222
1 0.766146 0.128241 0.037500 0.073148
4 0.772917 0.150000 0.015625 0.018519
1 0.801042 0.119907 0.033333 0.058333
1 0.800260 0.165741 0.016146 0.038889
1 0.834115 0.172685 0.015104 0.032407
1 0.857292 0.218056 0.013542 0.039815
8 0.752344 0.271759 0.054688 0.113889
4 0.759115 0.317593 0.023438 0.027778
9 0.777865 0.381944 0.063021 0.099074
4 0.781771 0.424537 0.029167 0.026852
9 0.821615 0.541667 0.075521 0.146296
4 0.838542 0.604167 0.020833 0.026852
5 0.835417 0.619444 0.036458 0.044444
8 0.967969 0.705093 0.064062 0.093519
4 0.984896 0.754630 0.014583 0.038889
5 0.984896 0.768519 0.019792 0.038889
8 0.907813 0.493519 0.069792 0.103704
4 0.929688 0.541667 0.016667 0.014815
5 0.926042 0.544444 0.022917 0.040741
1 0.867969 0.318056 0.020313 0.045370
4 0.867188 0.380556 0.014583 0.016667
5 0.864844 0.390741 0.025521 0.031481
1 0.900521 0.326389 0.017708 0.039815
1 0.930469 0.479167 0.021354 0.052778
9 0.856771 0.343056 0.044792 0.095370
8 0.892969 0.335648 0.032813 0.080556
8 0.848437 0.244444 0.035417 0.094444
8 0.792188 0.179167 0.038542 0.073148
8 0.827083 0.191204 0.034375 0.071296
1 0.746615 0.070833 0.013021 0.025000
1 0.717448 0.025926 0.011979 0.029630
1 0.747917 0.045370 0.012500 0.024074
1 0.646094 0.044907 0.015104 0.030556
4 0.592708 0.066204 0.018750 0.013889
1 0.595313 0.031019 0.016667 0.032407
1 0.553385 0.039815 0.015104 0.029630
6 0.545312 0.067130 0.018750 0.019444
1 0.512760 0.031481 0.014063 0.029630
1 0.468490 0.031944 0.011979 0.026852
8 0.469792 0.043056 0.036458 0.049074
1 0.427083 0.035185 0.012500 0.027778
4 0.427865 0.068981 0.019271 0.013889
1 0.352865 0.085185 0.014063 0.031481
1 0.395573 0.070833 0.019271 0.037963
1 0.439063 0.102315 0.017708 0.034259
4 0.477344 0.119444 0.017188 0.014815
1 0.481510 0.080556 0.018229 0.035185
1 0.510938 0.129630 0.018750 0.046296
1 0.572135 0.142130 0.021354 0.041667
1 0.565885 0.079630 0.018229 0.031481
1 0.618490 0.075926 0.016146 0.038889
1 0.656771 0.081944 0.017708 0.036111
1 0.656510 0.143519 0.018229 0.033333
2 0.709115 0.144907 0.021354 0.041667
1 0.445833 0.144907 0.021875 0.043519
2 0.411719 0.144444 0.023438 0.040741
0 0.305469 0.152778 0.020313 0.040741
1 0.273438 0.169444 0.017708 0.037037
1 0.230208 0.240278 0.019792 0.047222
5 0.285938 0.305093 0.026042 0.030556
1 0.346615 0.244907 0.021354 0.045370
1 0.402344 0.218056 0.023438 0.050926
1 0.470833 0.231944 0.021875 0.039815
1 0.535417 0.220370 0.025000 0.050000
1 0.699740 0.243519 0.021354 0.048148
1 0.763542 0.243519 0.022917 0.051852
1 0.784896 0.359722 0.020833 0.050926
7 0.724740 0.399537 0.034896 0.052778
7 0.661458 0.381481 0.028125 0.055556
1 0.590365 0.346759 0.027604 0.050926
4 0.316667 0.405093 0.035417 0.032407
1 0.315365 0.353241 0.028646 0.058333
4 0.256771 0.415741 0.019792 0.031481
1 0.254688 0.368056 0.022917 0.047222
9 0.259896 0.369907 0.055208 0.097222
1 0.188542 0.375000 0.026042 0.044444
1 0.132292 0.553704 0.023958 0.046296
2 0.265365 0.505556 0.029687 0.059259
1 0.295312 0.550463 0.034375 0.056481
3 0.352344 0.612963 0.018229 0.040741
1 0.344010 0.472222 0.028646 0.062963
2 0.407292 0.476389 0.042708 0.063889
2 0.622396 0.508333 0.036458 0.074074
1 0.686719 0.504630 0.032813 0.074074
1 0.766667 0.506481 0.029167 0.057407
1 0.840365 0.528241 0.030729 0.060185
1 0.694792 0.733333 0.037500 0.072222
0 0.141667 0.218519 0.014583 0.040741
1 0.213542 0.162037 0.015625 0.035185
4 0.215365 0.188426 0.013021 0.013889
1 0.231510 0.100926 0.013021 0.024074
1 0.208073 0.112500 0.009896 0.028704
4 0.208073 0.138426 0.015104 0.012037
1 0.265365 0.066667 0.014063 0.025926
1 0.276562 0.032407 0.011458 0.025926
1 0.303646 0.023148 0.012500 0.024074
4 0.302344 0.052315 0.010937 0.010185
