4 0.192188 0.429167 0.017708 0.021296
1 0.190365 0.378704 0.023438 0.040741
9 0.201563 0.390741 0.058333 0.101852
4 0.249740 0.432407 0.033854 0.025926
1 0.250521 0.336111 0.021875 0.044444
8 0.258333 0.377778 0.054167 0.144444
4 0.311719 0.412963 0.039062 0.029630
1 0.312240 0.336111 0.025521 0.055556
8 0.320573 0.368056 0.072396 0.123148
5 0.370312 0.424074 0.036458 0.031481
5 0.461198 0.408333 0.038021 0.033333
5 0.530990 0.419907 0.027604 0.045370
5 0.656771 0.420833 0.048958 0.049074
3 0.667969 0.418056 0.017188 0.025000
4 0.591667 0.406481 0.028125 0.027778
1 0.594271 0.324537 0.026042 0.056481
8 0.589063 0.355093 0.070833 0.137963
1 0.659635 0.271296 0.025521 0.059259
8 0.651042 0.318519 0.060417 0.155556
4 0.728646 0.424537 0.034375 0.028704
1 0.729167 0.328704 0.027083 0.055556
8 0.716146 0.368056 0.063542 0.136111
4 0.784115 0.431019 0.026562 0.026852
5 0.799219 0.424074 0.044271 0.035185
1 0.784115 0.343519 0.021354 0.050000
8 0.780469 0.379167 0.060937 0.130556
4 0.759896 0.599074 0.028125 0.042593
5 0.762240 0.604630 0.033854 0.055556
4 0.831771 0.600463 0.023958 0.030556
5 0.832292 0.622685 0.027083 0.032407
1 0.771615 0.535648 0.029687 0.054630
1 0.834115 0.505556 0.030729 0.061111
9 0.750521 0.542130 0.081250 0.115741
8 0.820573 0.534722 0.065104 0.160185
1 0.926562 0.478704 0.022917 0.046296
8 0.910156 0.498611 0.065104 0.102778
5 0.861719 0.386111 0.023438 0.031481
4 0.901563 0.387963 0.017708 0.018519
8 0.891146 0.350000 0.041667 0.092593
1 0.901563 0.327315 0.016667 0.041667
5 0.126562 0.375000 0.019792 0.031481
3 0.135417 0.388889 0.013542 0.018519
1 0.129167 0.309722 0.020833 0.036111
8 0.140365 0.326389 0.057813 0.086111
4 0.152865 0.266204 0.014063 0.019444
1 0.154688 0.218981 0.016667 0.034259
8 0.159115 0.236111 0.035937 0.072222
5 0.222396 0.187963 0.022917 0.018519
5 0.179167 0.203241 0.017708 0.019444
3 0.197917 0.189815 0.011458 0.005556
2 0.191667 0.131944 0.014583 0.026852
8 0.194271 0.155556 0.034375 0.074074
2 0.227344 0.123148 0.017188 0.031481
8 0.232813 0.147222 0.033333 0.085185
4 0.204167 0.117593 0.014583 0.016667
0 0.207813 0.106019 0.012500 0.015741
8 0.208594 0.118056 0.021354 0.043519
0 0.239844 0.090278 0.010937 0.023148
8 0.247917 0.102778 0.029167 0.053704
5 0.266667 0.093056 0.016667 0.013889
5 0.288542 0.298148 0.022917 0.025926
4 0.396094 0.276389 0.026562 0.019444
5 0.395313 0.293056 0.030208 0.015741
1 0.393490 0.219444 0.023438 0.050000
8 0.398438 0.239352 0.068750 0.093519
3 0.470313 0.281481 0.009375 0.016667
1 0.461719 0.224537 0.022396 0.043519
8 0.467969 0.239815 0.054688 0.075926
3 0.527865 0.288426 0.010937 0.017593
5 0.529167 0.296296 0.027083 0.033333
1 0.534115 0.207407 0.023438 0.048148
8 0.528385 0.229167 0.066146 0.095370
4 0.701042 0.298148 0.023958 0.020370
1 0.701042 0.242593 0.019792 0.044444
8 0.699740 0.262963 0.050521 0.094444
4 0.760938 0.317130 0.022917 0.025000
1 0.761198 0.243056 0.021354 0.049074
8 0.753385 0.271296 0.050521 0.111111
0 0.831510 0.181019 0.015104 0.032407
8 0.821875 0.193056 0.037500 0.058333
0 0.804688 0.113889 0.012500 0.031481
8 0.794792 0.131481 0.036458 0.070370
4 0.757292 0.093981 0.014583 0.013889
1 0.760938 0.069444 0.012500 0.024074
8 0.764583 0.079167 0.031250 0.047222
4 0.745573 0.067593 0.013021 0.012963
1 0.749740 0.045370 0.010937 0.022222
9 0.743490 0.053241 0.026562 0.039815
1 0.717969 0.030556 0.010937 0.024074
8 0.714063 0.042130 0.033333 0.050926
5 0.713542 0.208796 0.023958 0.015741
5 0.666667 0.203704 0.027083 0.016667
5 0.628646 0.208796 0.020833 0.019444
5 0.508073 0.198611 0.018229 0.025000
5 0.449740 0.200926 0.017188 0.018519
5 0.416146 0.200000 0.026042 0.020370
5 0.351042 0.209722 0.021875 0.023148
4 0.358594 0.130556 0.014063 0.012963
5 0.358594 0.140741 0.015104 0.011111
1 0.356771 0.096296 0.014583 0.029630
8 0.355469 0.106481 0.038021 0.053704
5 0.390885 0.136574 0.018229 0.019444
4 0.395833 0.120833 0.021875 0.015741
1 0.396615 0.075000 0.017188 0.031481
8 0.399740 0.092130 0.044271 0.069444
5 0.491146 0.125000 0.017708 0.018519
6 0.521615 0.121759 0.032813 0.028704
5 0.574740 0.127778 0.018229 0.020370
8 0.546615 0.083796 0.066146 0.071296
4 0.592969 0.124074 0.015104 0.022222
1 0.603646 0.075926 0.015625 0.037037
8 0.602344 0.094444 0.039062 0.077778
5 0.613542 0.131019 0.016667 0.012037
4 0.654167 0.131481 0.018750 0.016667
1 0.649219 0.078241 0.017188 0.034259
8 0.648958 0.099074 0.040625 0.081481
5 0.429167 0.073611 0.014583 0.012037
0 0.427865 0.025463 0.010937 0.025000
8 0.430990 0.040278 0.040104 0.060185
5 0.463542 0.068519 0.014583 0.012963
2 0.478125 0.020833 0.015625 0.028704
8 0.473438 0.034722 0.034375 0.060185
4 0.507812 0.024537 0.014583 0.013889
5 0.494792 0.029167 0.011458 0.012037
1 0.540885 0.021296 0.013021 0.025926
8 0.539844 0.034722 0.039062 0.060185
5 0.538542 0.068519 0.020833 0.016667
5 0.585938 0.069907 0.015625 0.019444
1 0.584115 0.028704 0.014063 0.027778
8 0.583073 0.040278 0.036979 0.054630
1 0.638542 0.028704 0.012500 0.025926
8 0.634896 0.042130 0.037500 0.054630
5 0.365365 0.041667 0.011979 0.009259
5 0.398438 0.036574 0.014583 0.008333
4 0.979948 0.749074 0.016146 0.027778
5 0.983594 0.770833 0.020313 0.036111
8 0.962500 0.700926 0.071875 0.107407
