3 0.135417 0.388889 0.011458 0.018519
6 0.126042 0.376852 0.022917 0.035185
1 0.120573 0.325463 0.016146 0.030556
8 0.139323 0.342593 0.055729 0.090741
4 0.152865 0.267593 0.013021 0.018519
1 0.154688 0.218519 0.016667 0.035185
8 0.159115 0.232870 0.036979 0.069444
5 0.218490 0.190278 0.018229 0.017593
5 0.178646 0.205556 0.017708 0.014815
1 0.183594 0.168056 0.013021 0.023148
1 0.215365 0.149074 0.014063 0.033333
8 0.185417 0.173611 0.026042 0.045370
8 0.224740 0.155556 0.036979 0.050000
4 0.199740 0.123148 0.014063 0.020370
0 0.204687 0.109722 0.012500 0.021296
8 0.207813 0.121296 0.029167 0.050000
4 0.239844 0.129630 0.014063 0.012963
1 0.240365 0.093519 0.011979 0.025926
4 0.191667 0.429630 0.015625 0.018519
4 0.248438 0.431944 0.029167 0.026852
1 0.191667 0.381019 0.021875 0.041667
9 0.200521 0.386111 0.059375 0.096296
1 0.250521 0.327315 0.020833 0.054630
8 0.257292 0.371296 0.054167 0.150000
4 0.312500 0.410648 0.034375 0.030556
1 0.310417 0.335185 0.026042 0.055556
8 0.319792 0.366667 0.070833 0.120370
5 0.369792 0.423611 0.034375 0.030556
5 0.461719 0.407407 0.036979 0.031481
5 0.530990 0.418519 0.027604 0.044444
4 0.590365 0.406481 0.025521 0.027778
1 0.593490 0.324074 0.029687 0.064815
8 0.589063 0.356019 0.073958 0.137963
4 0.660417 0.413889 0.026042 0.027778
5 0.662500 0.435648 0.028125 0.019444
0 0.654167 0.317130 0.026042 0.062037
8 0.654167 0.353704 0.057292 0.140741
4 0.729167 0.423611 0.033333 0.030556
0 0.722917 0.317593 0.023958 0.059259
8 0.717969 0.361574 0.063021 0.156481
4 0.784115 0.427315 0.025521 0.023148
1 0.782292 0.351852 0.020833 0.053704
9 0.779167 0.380556 0.061458 0.112963
5 0.799219 0.425000 0.042188 0.033333
5 0.759115 0.598611 0.026562 0.043519
5 0.763542 0.615278 0.029167 0.034259
5 0.832292 0.620370 0.027083 0.033333
4 0.832292 0.593056 0.027083 0.023148
1 0.774740 0.529630 0.029687 0.057407
1 0.835938 0.506944 0.031250 0.060185
9 0.749740 0.541204 0.082812 0.115741
9 0.821094 0.529630 0.064062 0.150000
4 0.760417 0.317130 0.022917 0.026852
4 0.701042 0.297685 0.023958 0.019444
1 0.702865 0.242593 0.021354 0.044444
8 0.696875 0.261111 0.056250 0.092593
1 0.760938 0.243981 0.021875 0.049074
8 0.751563 0.272222 0.053125 0.105556
4 0.524740 0.281944 0.017188 0.026852
5 0.529167 0.295833 0.029167 0.030556
1 0.530990 0.230093 0.023438 0.045370
9 0.527865 0.243056 0.073438 0.095370
1 0.467969 0.226389 0.023438 0.047222
8 0.467969 0.239352 0.054688 0.076852
3 0.470573 0.282407 0.009896 0.018519
5 0.395573 0.291667 0.030729 0.018519
4 0.395313 0.274537 0.026042 0.019444
1 0.392188 0.218056 0.023958 0.052778
8 0.398438 0.237963 0.067708 0.094444
5 0.288021 0.298148 0.023958 0.029630
5 0.350521 0.209259 0.023958 0.025926
5 0.416667 0.200463 0.027083 0.019444
5 0.453646 0.201389 0.028125 0.025000
5 0.509896 0.197685 0.023958 0.026852
5 0.627865 0.207870 0.020313 0.019444
5 0.667188 0.204630 0.028125 0.018519
5 0.712240 0.207407 0.024479 0.016667
4 0.652865 0.130556 0.014063 0.014815
4 0.637240 0.125463 0.017188 0.017593
2 0.622917 0.078704 0.017708 0.035185
1 0.646615 0.081019 0.016146 0.034259
9 0.613021 0.098611 0.038542 0.080556
8 0.651823 0.101389 0.038021 0.075000
5 0.610938 0.129630 0.020833 0.014815
5 0.574740 0.131019 0.017188 0.010185
4 0.567969 0.118056 0.017188 0.015741
1 0.566667 0.069907 0.017708 0.036111
8 0.565365 0.089815 0.048438 0.075926
5 0.532292 0.128704 0.016667 0.018519
5 0.491146 0.124537 0.016667 0.019444
5 0.391667 0.136111 0.017708 0.018519
4 0.396615 0.118981 0.021354 0.015741
5 0.357292 0.135648 0.014583 0.017593
0 0.349740 0.082407 0.017188 0.031481
8 0.354167 0.102778 0.039583 0.074074
8 0.399740 0.093056 0.045312 0.076852
5 0.429167 0.072222 0.014583 0.012963
0 0.424740 0.022685 0.011979 0.026852
4 0.423438 0.055556 0.011458 0.014815
8 0.430469 0.037963 0.040104 0.059259
5 0.463542 0.068519 0.014583 0.012963
1 0.471615 0.015278 0.013021 0.026852
8 0.471615 0.032407 0.042188 0.062963
4 0.505469 0.025463 0.009896 0.012037
1 0.541146 0.019444 0.014583 0.027778
5 0.538542 0.068056 0.023958 0.017593
8 0.540365 0.035648 0.040104 0.056481
1 0.580990 0.017130 0.014063 0.028704
5 0.585938 0.069907 0.014583 0.017593
8 0.582292 0.032870 0.038542 0.063889
1 0.638542 0.038426 0.014583 0.030556
8 0.639583 0.047222 0.038542 0.055556
5 0.365365 0.041204 0.013021 0.010185
5 0.398698 0.035648 0.016146 0.008333
5 0.266667 0.093519 0.016667 0.012963
4 0.980469 0.745833 0.014063 0.028704
5 0.982292 0.768981 0.020833 0.037963
1 0.992188 0.704630 0.015625 0.055556
8 0.963021 0.699537 0.073958 0.106481
1 0.927865 0.476852 0.023438 0.050000
8 0.909115 0.499074 0.067187 0.109259
5 0.861719 0.385648 0.024479 0.030556
4 0.901563 0.387963 0.017708 0.018519
1 0.901563 0.343981 0.017708 0.036111
9 0.890365 0.352315 0.043229 0.089815
1 0.828125 0.175000 0.015625 0.033333
8 0.821094 0.190741 0.032813 0.066667
1 0.802344 0.111111 0.014063 0.031481
8 0.794792 0.130093 0.038542 0.069444
4 0.757812 0.093056 0.015625 0.015741
1 0.760938 0.068056 0.012500 0.026852
8 0.765365 0.079167 0.030729 0.047222
4 0.745573 0.067130 0.011979 0.013889
4 0.716667 0.059259 0.013542 0.012963
1 0.751042 0.043981 0.012500 0.023148
1 0.713021 0.028704 0.011458 0.025926
8 0.713542 0.042130 0.030208 0.054630
9 0.743490 0.052315 0.029687 0.039815
1 0.397396 0.076389 0.021875 0.043519
