8 0.131771 0.343056 0.054167 0.084259
8 0.154688 0.228704 0.043750 0.088889
8 0.195573 0.159722 0.033854 0.069444
8 0.227344 0.162500 0.040104 0.056481
5 0.179688 0.199537 0.016667 0.019444
5 0.217188 0.191204 0.020833 0.023148
8 0.212240 0.118056 0.029687 0.052778
8 0.246615 0.108333 0.035937 0.055556
5 0.365365 0.040741 0.014063 0.014815
8 0.352344 0.110648 0.045312 0.069444
8 0.399740 0.095833 0.048438 0.078704
9 0.442188 0.101389 0.042708 0.056481
8 0.430990 0.046296 0.040104 0.062963
8 0.468750 0.042593 0.040625 0.057407
8 0.509896 0.043519 0.033333 0.055556
8 0.546615 0.043056 0.047396 0.063889
8 0.590365 0.042593 0.043229 0.062963
8 0.637240 0.050463 0.042188 0.049074
8 0.649740 0.099074 0.042188 0.085185
8 0.607812 0.093519 0.043750 0.077778
5 0.574740 0.131019 0.020313 0.015741
8 0.564844 0.093519 0.045312 0.075926
5 0.532292 0.128704 0.019792 0.022222
5 0.491667 0.124537 0.019792 0.021296
5 0.351042 0.209722 0.023958 0.030556
5 0.416667 0.202315 0.029167 0.028704
5 0.510417 0.197685 0.023958 0.030556
5 0.288021 0.297685 0.027083 0.030556
8 0.397917 0.238426 0.070833 0.106481
8 0.466667 0.223148 0.058333 0.118519
8 0.529167 0.243519 0.078125 0.100000
5 0.628646 0.209722 0.022917 0.019444
8 0.696094 0.266667 0.069271 0.103704
8 0.752865 0.268056 0.058854 0.126852
9 0.776563 0.385648 0.063542 0.093519
8 0.716667 0.368519 0.063542 0.148148
8 0.655469 0.357870 0.064062 0.149074
8 0.587240 0.356019 0.080729 0.145370
5 0.532292 0.418981 0.030208 0.045370
5 0.460417 0.406944 0.041667 0.036111
5 0.370573 0.426389 0.041146 0.037963
9 0.322917 0.369907 0.087500 0.100926
9 0.257292 0.378704 0.055208 0.125926
9 0.204167 0.378704 0.063542 0.105556
4 0.254167 0.428241 0.027083 0.025000
8 0.744792 0.543981 0.086458 0.126852
8 0.817448 0.527778 0.075521 0.159259
8 0.962240 0.703704 0.074479 0.120370
4 0.982292 0.754630 0.020833 0.040741
5 0.985938 0.777778 0.023958 0.038889
8 0.907813 0.505556 0.067708 0.114815
9 0.855469 0.347222 0.051562 0.105556
8 0.894271 0.340741 0.038542 0.092593
8 0.820573 0.186111 0.049479 0.081481
8 0.794792 0.128241 0.035417 0.063889
8 0.766146 0.074537 0.032292 0.056481
8 0.743490 0.044907 0.032813 0.052778
5 0.119271 0.403704 0.025000 0.025926
6 0.127083 0.378241 0.021875 0.032407
3 0.137240 0.386574 0.015104 0.021296
1 0.117969 0.327315 0.023438 0.049074
1 0.146615 0.205556 0.019271 0.042593
4 0.156771 0.230556 0.015625 0.029630
1 0.188542 0.145370 0.015625 0.033333
1 0.219792 0.155556 0.016667 0.042593
1 0.207813 0.109722 0.015625 0.030556
1 0.240625 0.095833 0.015625 0.034259
5 0.265365 0.093056 0.020313 0.019444
1 0.394792 0.027778 0.014583 0.035185
8 0.391667 0.043519 0.041667 0.068519
2 0.431771 0.031019 0.017708 0.032407
3 0.359115 0.135185 0.015104 0.012963
5 0.359375 0.139815 0.018750 0.020370
1 0.394792 0.080556 0.022917 0.042593
4 0.390365 0.124537 0.022396 0.019444
1 0.443490 0.093519 0.020313 0.038889
1 0.470313 0.030556 0.015625 0.035185
5 0.465365 0.068519 0.018229 0.020370
1 0.510938 0.032870 0.016667 0.034259
1 0.549740 0.030556 0.017188 0.037037
6 0.542188 0.069444 0.028125 0.020370
1 0.592969 0.030556 0.017188 0.037037
4 0.593750 0.062963 0.015625 0.018519
4 0.572917 0.119907 0.018750 0.017593
1 0.569792 0.079167 0.020833 0.039815
1 0.615365 0.078241 0.019271 0.043519
4 0.613542 0.120370 0.019792 0.022222
1 0.649740 0.077778 0.020313 0.040741
4 0.656771 0.131944 0.013542 0.019444
1 0.534115 0.227778 0.027604 0.053704
0 0.465625 0.193981 0.025000 0.054630
3 0.466667 0.281019 0.014583 0.025000
4 0.531771 0.281019 0.029167 0.026852
5 0.527865 0.299537 0.028646 0.030556
1 0.393490 0.217593 0.028646 0.061111
4 0.393490 0.274074 0.026562 0.022222
1 0.195573 0.375463 0.030729 0.056481
1 0.246615 0.373148 0.026562 0.055556
1 0.312240 0.352778 0.030729 0.061111
4 0.313542 0.399074 0.033333 0.031481
1 0.594792 0.331481 0.032292 0.064815
4 0.596094 0.407870 0.026562 0.034259
1 0.657813 0.321759 0.031250 0.075000
4 0.660417 0.418056 0.025000 0.028704
1 0.717448 0.330556 0.028646 0.066667
1 0.793490 0.380556 0.025521 0.053704
4 0.784115 0.419907 0.022396 0.030556
6 0.722135 0.417130 0.028646 0.047222
1 0.767188 0.538426 0.033333 0.069444
4 0.754167 0.593056 0.026042 0.036111
5 0.765365 0.614815 0.029687 0.048148
1 0.832292 0.528704 0.037500 0.074074
6 0.829688 0.606019 0.033333 0.063889
1 0.926042 0.481481 0.023958 0.057407
4 0.930990 0.549074 0.016146 0.029630
6 0.865365 0.391667 0.021354 0.033333
1 0.868490 0.330556 0.022396 0.046296
1 0.899740 0.338889 0.024479 0.050000
1 0.831771 0.168056 0.018750 0.039815
1 0.801042 0.115278 0.016667 0.037963
1 0.766146 0.062037 0.015625 0.031481
4 0.755990 0.079630 0.013021 0.018519
1 0.746615 0.034259 0.013021 0.031481
0 0.718490 0.025000 0.014063 0.031481
