8 0.133594 0.352778 0.056771 0.100000
8 0.154167 0.230093 0.042708 0.089815
8 0.212240 0.118056 0.029687 0.052778
8 0.246615 0.110648 0.035937 0.056481
5 0.364844 0.040741 0.014063 0.014815
8 0.355469 0.109259 0.042188 0.064815
8 0.400521 0.096759 0.047917 0.080556
9 0.442188 0.100926 0.042708 0.055556
8 0.432552 0.045833 0.041146 0.065741
8 0.470052 0.042593 0.038021 0.055556
8 0.509115 0.042130 0.034896 0.060185
8 0.545312 0.043981 0.045833 0.063889
8 0.590365 0.042593 0.043229 0.062963
8 0.638802 0.050463 0.041146 0.049074
8 0.649219 0.099537 0.042188 0.086111
8 0.608333 0.094444 0.043750 0.077778
5 0.574740 0.130556 0.020313 0.016667
8 0.565625 0.095370 0.046875 0.075926
5 0.532292 0.128241 0.019792 0.023148
5 0.491927 0.125926 0.019271 0.020370
5 0.352083 0.210648 0.023958 0.028704
5 0.416667 0.202315 0.029167 0.028704
5 0.455729 0.204630 0.033333 0.027778
5 0.510417 0.199537 0.023958 0.028704
5 0.288802 0.298611 0.025521 0.030556
8 0.397135 0.239815 0.072396 0.101852
9 0.468490 0.247685 0.059896 0.071296
8 0.529687 0.239815 0.076042 0.116667
5 0.628906 0.211574 0.022396 0.023148
8 0.686719 0.257870 0.060937 0.093519
8 0.748698 0.273148 0.064062 0.116667
8 0.777083 0.385185 0.062500 0.098148
8 0.717187 0.369444 0.062500 0.146296
8 0.654167 0.359259 0.065625 0.148148
8 0.587760 0.356944 0.080729 0.145370
5 0.530990 0.421759 0.030729 0.047222
5 0.461198 0.409259 0.040104 0.038889
5 0.370833 0.425926 0.039583 0.033333
9 0.323698 0.367130 0.086979 0.108333
9 0.255469 0.381019 0.054688 0.130556
9 0.203385 0.380556 0.058854 0.109259
3 0.253385 0.430093 0.019271 0.021296
8 0.745313 0.538426 0.086458 0.119444
8 0.819271 0.525926 0.072917 0.166667
8 0.962240 0.703704 0.074479 0.120370
4 0.982292 0.754630 0.020833 0.040741
5 0.985938 0.777778 0.023958 0.038889
8 0.907813 0.505556 0.067708 0.114815
9 0.855469 0.347685 0.051562 0.104630
8 0.894792 0.348611 0.039583 0.097222
8 0.821615 0.189352 0.047396 0.078704
8 0.795052 0.129630 0.034896 0.066667
8 0.766146 0.074074 0.033333 0.057407
8 0.743490 0.045370 0.031771 0.053704
8 0.710938 0.036574 0.031250 0.060185
5 0.266146 0.093056 0.020833 0.019444
1 0.117188 0.331019 0.023958 0.050926
5 0.119271 0.403704 0.027083 0.025926
5 0.129167 0.376852 0.023958 0.040741
3 0.137240 0.387963 0.014063 0.024074
1 0.145573 0.205556 0.019271 0.040741
4 0.154688 0.232407 0.015625 0.027778
1 0.179167 0.190278 0.022917 0.039815
8 0.205469 0.221759 0.076563 0.139815
1 0.187240 0.147685 0.017188 0.032407
1 0.206510 0.111574 0.015104 0.032407
1 0.238021 0.100926 0.014583 0.031481
4 0.237240 0.130093 0.014063 0.015741
1 0.357292 0.096759 0.019792 0.039815
3 0.359115 0.134722 0.017188 0.012037
5 0.358594 0.140278 0.018229 0.021296
1 0.393750 0.028241 0.014583 0.034259
8 0.393490 0.043981 0.040104 0.071296
2 0.437500 0.030556 0.015625 0.035185
6 0.433333 0.074074 0.029167 0.016667
1 0.394010 0.082407 0.022396 0.040741
4 0.390104 0.125463 0.025000 0.021296
1 0.436719 0.093519 0.020313 0.038889
4 0.437500 0.119907 0.026042 0.021296
1 0.471615 0.032870 0.016146 0.034259
0 0.510938 0.030093 0.015625 0.034259
5 0.465885 0.071296 0.017188 0.018519
1 0.548177 0.034259 0.017188 0.035185
6 0.542188 0.069907 0.027083 0.021296
1 0.570573 0.080093 0.021354 0.041667
1 0.591927 0.030093 0.018229 0.037963
4 0.592708 0.063426 0.016667 0.017593
1 0.614583 0.080093 0.020833 0.043519
4 0.612760 0.118981 0.020313 0.019444
1 0.639583 0.043519 0.015625 0.035185
1 0.649479 0.078241 0.020833 0.041667
4 0.657292 0.132870 0.013542 0.019444
1 0.761979 0.245370 0.027083 0.059259
4 0.760938 0.318519 0.023958 0.025926
1 0.536719 0.212963 0.027604 0.057407
4 0.531771 0.281944 0.027083 0.028704
5 0.528125 0.300463 0.028125 0.028704
1 0.467969 0.240741 0.028646 0.053704
4 0.472656 0.275926 0.020313 0.033333
1 0.391667 0.218056 0.028125 0.058333
4 0.394010 0.274537 0.027604 0.025000
1 0.196094 0.376389 0.026562 0.052778
1 0.244010 0.371759 0.026562 0.054630
4 0.197656 0.423611 0.017188 0.021296
1 0.316406 0.346759 0.029687 0.062037
4 0.314583 0.398611 0.032292 0.034259
1 0.596094 0.329630 0.033854 0.070370
4 0.596094 0.410648 0.028646 0.036111
1 0.657292 0.324074 0.029167 0.072222
4 0.660937 0.416667 0.027083 0.027778
1 0.716927 0.329630 0.028646 0.064815
6 0.723958 0.417130 0.029167 0.049074
1 0.793229 0.382407 0.026042 0.055556
1 0.785937 0.421759 0.022917 0.032407
6 0.830469 0.609722 0.033854 0.058333
1 0.833854 0.516667 0.034375 0.066667
1 0.767448 0.533333 0.035937 0.066667
4 0.754427 0.590741 0.027604 0.044444
5 0.764062 0.613426 0.033333 0.052778
1 0.404687 0.468056 0.041667 0.076852
3 0.433333 0.591667 0.018750 0.042593
5 0.430469 0.604167 0.034896 0.071296
8 0.422396 0.500463 0.089583 0.149074
8 0.290365 0.497222 0.072396 0.168519
1 0.282292 0.447685 0.031250 0.069444
8 0.217708 0.518056 0.077083 0.149074
1 0.205729 0.480093 0.031250 0.067593
4 0.180729 0.554630 0.025000 0.031481
3 0.203125 0.612037 0.023958 0.037037
1 0.926302 0.481944 0.026562 0.056481
4 0.931250 0.549537 0.015625 0.028704
1 0.867969 0.330093 0.023438 0.049074
6 0.866667 0.391667 0.020833 0.033333
1 0.903385 0.327778 0.019271 0.050000
1 0.831250 0.170833 0.018750 0.039815
1 0.802604 0.116204 0.017708 0.037963
1 0.765625 0.062500 0.015625 0.034259
1 0.747135 0.035648 0.013021 0.030556
4 0.747135 0.061574 0.016146 0.013889
0 0.717448 0.023611 0.014063 0.032407
