8 0.138542 0.343519 0.055208 0.085185
8 0.154688 0.228241 0.042708 0.089815
8 0.194792 0.160185 0.034375 0.068519
8 0.226042 0.164352 0.042708 0.060185
5 0.179688 0.200000 0.015625 0.020370
5 0.217188 0.191667 0.020833 0.024074
8 0.209115 0.115741 0.031771 0.057407
5 0.365365 0.040741 0.014063 0.014815
8 0.351042 0.106019 0.042708 0.075000
8 0.399740 0.095833 0.049479 0.076852
9 0.442188 0.104167 0.042708 0.056481
8 0.430469 0.043056 0.042188 0.069444
8 0.468490 0.037963 0.039062 0.062963
8 0.512240 0.043056 0.034896 0.052778
8 0.547917 0.038889 0.044792 0.061111
8 0.590365 0.041204 0.043229 0.063889
8 0.637240 0.050463 0.036979 0.050926
8 0.649219 0.098148 0.042188 0.083333
8 0.609375 0.093519 0.043750 0.077778
5 0.574740 0.131019 0.020313 0.015741
8 0.564063 0.093981 0.046875 0.076852
5 0.532292 0.129167 0.018750 0.021296
5 0.491667 0.124537 0.019792 0.021296
5 0.351042 0.208333 0.026042 0.025926
5 0.417187 0.202315 0.026042 0.026852
5 0.456771 0.203704 0.032292 0.029630
5 0.510417 0.197685 0.023958 0.030556
5 0.287240 0.298148 0.026562 0.031481
8 0.398438 0.238426 0.072917 0.112037
8 0.467969 0.243056 0.057813 0.078704
8 0.529167 0.243981 0.077083 0.100926
5 0.628646 0.208796 0.022917 0.019444
8 0.677865 0.243056 0.055729 0.106481
8 0.749219 0.272685 0.064062 0.119444
9 0.777344 0.384722 0.060937 0.093519
8 0.716667 0.368519 0.063542 0.146296
8 0.655469 0.358333 0.061979 0.144444
8 0.587240 0.356019 0.080729 0.145370
5 0.532292 0.419907 0.031250 0.049074
5 0.460417 0.406944 0.040625 0.036111
5 0.370573 0.426389 0.041146 0.037963
9 0.319792 0.368519 0.090625 0.101852
9 0.256771 0.379167 0.054167 0.128704
9 0.207813 0.375000 0.055208 0.100000
4 0.254688 0.431019 0.025000 0.028704
8 0.743490 0.543056 0.086979 0.123148
8 0.818490 0.538889 0.076563 0.161111
8 0.962240 0.703704 0.074479 0.120370
4 0.982292 0.754630 0.020833 0.040741
5 0.985938 0.777778 0.023958 0.038889
8 0.907813 0.505556 0.067708 0.114815
9 0.855469 0.347685 0.051562 0.099074
8 0.893490 0.337037 0.039062 0.094444
9 0.825521 0.196296 0.045833 0.062963
8 0.796615 0.130093 0.031771 0.067593
8 0.766146 0.076389 0.033333 0.060185
8 0.744010 0.044907 0.030729 0.054630
8 0.712240 0.037500 0.031771 0.056481
2 0.093490 0.434722 0.032813 0.063889
8 0.114844 0.495370 0.076563 0.188889
2 0.157292 0.380556 0.030208 0.061111
8 0.180469 0.465278 0.074479 0.230556
5 0.119271 0.404630 0.025000 0.025926
6 0.127865 0.376852 0.024479 0.040741
1 0.126042 0.331019 0.022917 0.045370
3 0.137240 0.386111 0.014063 0.022222
1 0.146615 0.205093 0.019271 0.041667
4 0.155990 0.227778 0.016146 0.029630
1 0.189323 0.143519 0.016146 0.033333
1 0.221094 0.155556 0.017188 0.042593
0 0.205990 0.104630 0.016146 0.029630
1 0.239063 0.098611 0.016667 0.030556
0 0.254688 0.080093 0.018750 0.039815
8 0.265365 0.156019 0.048438 0.197222
1 0.341667 0.086111 0.019792 0.033333
4 0.357292 0.133333 0.017708 0.016667
1 0.394271 0.081019 0.020833 0.039815
4 0.390365 0.124537 0.023438 0.021296
5 0.392188 0.140741 0.019792 0.016667
8 0.392448 0.046759 0.041146 0.069444
2 0.395313 0.028704 0.017708 0.031481
0 0.427865 0.025463 0.016146 0.030556
4 0.429688 0.071296 0.017708 0.012963
2 0.466146 0.022685 0.017708 0.030556
5 0.465365 0.068981 0.016146 0.017593
1 0.443490 0.094444 0.019271 0.038889
4 0.437240 0.119444 0.020313 0.016667
2 0.513542 0.031019 0.018750 0.030556
1 0.547917 0.029167 0.017708 0.034259
5 0.543490 0.070370 0.026562 0.016667
1 0.591667 0.028704 0.016667 0.037037
4 0.594271 0.062963 0.018750 0.018519
1 0.638542 0.043056 0.015625 0.034259
1 0.649740 0.078704 0.020313 0.040741
4 0.659115 0.131944 0.014063 0.017593
1 0.613542 0.077778 0.019792 0.044444
4 0.612240 0.118981 0.018229 0.023148
1 0.570573 0.078704 0.022396 0.040741
0 0.393490 0.210185 0.029687 0.057407
4 0.393490 0.277778 0.029687 0.025926
1 0.466667 0.231019 0.025000 0.052778
4 0.471094 0.278241 0.020313 0.028704
1 0.534115 0.226852 0.024479 0.051852
4 0.531771 0.280556 0.029167 0.027778
5 0.527865 0.301852 0.028646 0.027778
2 0.694010 0.215278 0.023438 0.045370
3 0.701042 0.301852 0.013542 0.022222
1 0.762240 0.244444 0.026562 0.061111
4 0.759896 0.318519 0.023958 0.025926
1 0.793490 0.381019 0.026562 0.052778
4 0.784896 0.418981 0.023958 0.030556
1 0.716667 0.330556 0.029167 0.064815
6 0.722917 0.416667 0.029167 0.048148
4 0.659896 0.418519 0.026042 0.027778
1 0.594792 0.331019 0.032292 0.067593
4 0.594792 0.408333 0.027083 0.035185
1 0.312240 0.352778 0.031771 0.062963
4 0.311719 0.400463 0.035937 0.030556
1 0.247396 0.369444 0.026042 0.051852
1 0.196615 0.376852 0.027604 0.053704
1 0.767188 0.530556 0.032292 0.066667
4 0.752865 0.592593 0.031771 0.038889
1 0.834115 0.527315 0.035937 0.071296
5 0.765365 0.615278 0.031771 0.049074
4 0.832292 0.601389 0.027083 0.032407
1 0.926562 0.481481 0.023958 0.057407
4 0.931250 0.547685 0.015625 0.026852
2 0.897917 0.311574 0.023958 0.043519
1 0.867969 0.330556 0.023438 0.050000
6 0.865885 0.392593 0.021354 0.031481
1 0.838021 0.193981 0.018750 0.043519
1 0.801823 0.115741 0.018229 0.037037
1 0.766146 0.062963 0.015625 0.031481
4 0.755990 0.078704 0.013021 0.018519
1 0.746615 0.034722 0.014063 0.030556
1 0.720313 0.025463 0.015625 0.028704
2 0.763021 0.112037 0.023958 0.046296
8 0.757812 0.154630 0.050000 0.133333
