8 0.137240 0.343519 0.053646 0.087037
8 0.162240 0.224537 0.045312 0.097222
5 0.119792 0.403704 0.025000 0.027778
5 0.180990 0.199074 0.010937 0.018519
5 0.217969 0.192130 0.019271 0.021296
8 0.194271 0.164815 0.030208 0.064815
8 0.227083 0.163889 0.038542 0.055556
8 0.211719 0.121759 0.029687 0.052778
8 0.244792 0.110648 0.033333 0.056481
5 0.265365 0.093519 0.019271 0.018519
5 0.364063 0.041204 0.014583 0.013889
9 0.388542 0.055093 0.041667 0.056481
9 0.441146 0.106019 0.046875 0.056481
8 0.429688 0.046759 0.042708 0.063889
9 0.355469 0.106019 0.042188 0.065741
8 0.398438 0.096296 0.045833 0.075926
5 0.491667 0.125926 0.019792 0.024074
5 0.530990 0.128241 0.019271 0.021296
8 0.565365 0.092130 0.049479 0.082407
8 0.609635 0.090278 0.044271 0.073148
8 0.649219 0.095833 0.041146 0.073148
9 0.512240 0.049074 0.035937 0.053704
8 0.546615 0.043519 0.038021 0.070370
8 0.590365 0.038889 0.044271 0.068519
8 0.638542 0.047685 0.035417 0.049074
8 0.470313 0.043519 0.038542 0.053704
5 0.351042 0.211111 0.023958 0.031481
5 0.287240 0.299074 0.026562 0.033333
5 0.414844 0.201389 0.031771 0.025000
5 0.396615 0.285648 0.031771 0.030556
5 0.509896 0.196759 0.023958 0.030556
5 0.617188 0.200463 0.021875 0.030556
5 0.454948 0.203241 0.027604 0.028704
8 0.472135 0.230556 0.060937 0.101852
8 0.533594 0.238426 0.072396 0.112037
8 0.686719 0.257870 0.059896 0.100926
8 0.751563 0.272222 0.066667 0.118519
9 0.779167 0.386111 0.068750 0.100000
8 0.715885 0.368056 0.063021 0.145370
8 0.652344 0.359259 0.070312 0.144444
8 0.584115 0.330556 0.077604 0.142593
5 0.460938 0.406019 0.038542 0.039815
5 0.530990 0.419444 0.029687 0.050000
5 0.369792 0.426389 0.038542 0.037963
8 0.321615 0.368056 0.084896 0.117593
9 0.254688 0.375000 0.058333 0.131481
9 0.199740 0.382870 0.060937 0.113889
8 0.232813 0.499537 0.056250 0.163889
5 0.184896 0.603241 0.035417 0.062037
8 0.272135 0.543056 0.090104 0.141667
5 0.294792 0.630556 0.037500 0.072222
6 0.431771 0.600000 0.038542 0.072222
8 0.425260 0.514815 0.075521 0.172222
8 0.743490 0.539815 0.085938 0.114815
9 0.821094 0.541667 0.079687 0.159259
8 0.965365 0.704630 0.068229 0.112963
4 0.984115 0.750463 0.017188 0.030556
5 0.987240 0.774074 0.020313 0.031481
9 0.855469 0.349074 0.059896 0.094444
8 0.895833 0.346296 0.037500 0.100000
8 0.804688 0.181019 0.066667 0.086111
8 0.796615 0.129167 0.036979 0.067593
8 0.764844 0.073148 0.030729 0.062963
8 0.712240 0.038889 0.030729 0.057407
6 0.130469 0.375926 0.029687 0.037037
1 0.127865 0.330093 0.022396 0.047222
1 0.157292 0.198148 0.020833 0.044444
1 0.189844 0.149537 0.017188 0.032407
4 0.189844 0.182870 0.016146 0.013889
1 0.217969 0.158796 0.016146 0.041667
1 0.206771 0.112037 0.016667 0.031481
1 0.238542 0.099537 0.015625 0.030556
4 0.237240 0.130093 0.015104 0.015741
1 0.427344 0.033796 0.016146 0.032407
4 0.427083 0.069907 0.018750 0.015741
1 0.357292 0.097685 0.020833 0.039815
4 0.357812 0.131944 0.017708 0.017593
5 0.359115 0.141667 0.018229 0.022222
4 0.389583 0.124537 0.015625 0.023148
1 0.396615 0.083333 0.022396 0.044444
4 0.430990 0.126389 0.017188 0.023148
1 0.443490 0.096759 0.021354 0.037963
1 0.392448 0.046759 0.018229 0.034259
1 0.471094 0.032407 0.017188 0.033333
4 0.468490 0.060648 0.018229 0.013889
5 0.466146 0.070833 0.016667 0.015741
1 0.517708 0.041667 0.018750 0.035185
6 0.518490 0.074074 0.026562 0.018519
1 0.544271 0.028704 0.016667 0.033333
0 0.569792 0.073611 0.020833 0.041667
4 0.572917 0.123611 0.019792 0.019444
1 0.591667 0.024537 0.017708 0.036111
4 0.594271 0.062963 0.017708 0.020370
5 0.614062 0.128704 0.020833 0.022222
2 0.621615 0.077778 0.020313 0.042593
1 0.650521 0.081019 0.019792 0.043519
1 0.640365 0.043519 0.017188 0.037037
2 0.703646 0.126852 0.020833 0.048148
1 0.660417 0.118981 0.020833 0.047222
8 0.660417 0.143056 0.046875 0.097222
8 0.700521 0.150463 0.050000 0.093519
5 0.696094 0.201852 0.022396 0.025926
2 0.530990 0.212500 0.027604 0.054630
2 0.480469 0.206481 0.029687 0.053704
4 0.536719 0.282407 0.023438 0.029630
5 0.528646 0.296296 0.029167 0.040741
3 0.456771 0.286574 0.014583 0.026852
1 0.190365 0.369907 0.027604 0.050926
4 0.189062 0.430556 0.017708 0.022222
4 0.259896 0.421759 0.029167 0.026852
1 0.254167 0.366667 0.029167 0.055556
1 0.312240 0.340278 0.032813 0.063889
4 0.312500 0.406944 0.031250 0.034259
1 0.591667 0.298148 0.031250 0.057407
1 0.650521 0.329167 0.030208 0.071296
4 0.588542 0.355556 0.022917 0.037037
6 0.660417 0.427778 0.033333 0.048148
1 0.695833 0.237500 0.025000 0.052778
1 0.763542 0.243056 0.027083 0.058333
4 0.760938 0.318519 0.023958 0.029630
4 0.698438 0.300000 0.019792 0.027778
1 0.729167 0.332870 0.031250 0.067593
4 0.727865 0.420833 0.026562 0.034259
4 0.782813 0.418056 0.031250 0.037963
1 0.792188 0.370370 0.030208 0.055556
4 0.830990 0.605556 0.024479 0.031481
4 0.754687 0.588889 0.026042 0.048148
5 0.763021 0.606481 0.034375 0.061111
1 0.768490 0.531944 0.033854 0.067593
1 0.838021 0.536111 0.036458 0.070370
4 0.402344 0.574074 0.021354 0.046296
1 0.421094 0.474537 0.036979 0.080556
1 0.265365 0.519907 0.033854 0.069444
4 0.264062 0.595370 0.029167 0.031481
4 0.224219 0.519444 0.026562 0.031481
1 0.220312 0.454167 0.030208 0.065741
1 0.873437 0.335648 0.023958 0.050926
1 0.901042 0.324074 0.020833 0.048148
4 0.865625 0.387963 0.018750 0.031481
4 0.902865 0.384722 0.017188 0.025000
2 0.822135 0.158796 0.022396 0.037963
1 0.804948 0.115278 0.016146 0.037963
1 0.743490 0.046296 0.017188 0.037037
8 0.734635 0.082870 0.043229 0.110185
1 0.764583 0.064352 0.015625 0.036111
4 0.757292 0.084259 0.014583 0.016667
0 0.719010 0.026852 0.015104 0.031481
