4 0.257292 0.593056 0.020833 0.025000
3 0.198698 0.605556 0.018229 0.033333
2 0.217188 0.468056 0.033333 0.069444
1 0.263542 0.505556 0.029167 0.066667
8 0.272917 0.534259 0.083333 0.131481
8 0.228125 0.506019 0.062500 0.137963
5 0.429688 0.605556 0.034375 0.064815
4 0.414844 0.518056 0.026562 0.028704
0 0.421094 0.431019 0.035937 0.071296
8 0.427344 0.480556 0.068229 0.181481
5 0.371094 0.425926 0.036979 0.037037
5 0.460938 0.405556 0.036458 0.037037
5 0.530990 0.418056 0.026562 0.045370
4 0.594792 0.406019 0.027083 0.025000
1 0.596094 0.326389 0.029687 0.063889
8 0.588542 0.355556 0.081250 0.140741
4 0.660417 0.417130 0.026042 0.026852
8 0.658594 0.356019 0.065104 0.134259
4 0.309896 0.406019 0.029167 0.026852
4 0.251563 0.429167 0.021875 0.023148
1 0.302865 0.340741 0.031771 0.061111
1 0.244792 0.368056 0.026042 0.049074
8 0.318490 0.368056 0.080729 0.117593
9 0.252865 0.373611 0.056771 0.106481
1 0.192188 0.376852 0.027083 0.051852
4 0.190365 0.429630 0.017188 0.020370
9 0.201563 0.380556 0.061458 0.096296
3 0.138542 0.384259 0.011458 0.018519
1 0.122396 0.334722 0.026042 0.043519
6 0.124740 0.384722 0.032813 0.056481
9 0.132292 0.345370 0.058333 0.074074
1 0.149740 0.201852 0.016146 0.037037
4 0.147396 0.231019 0.020833 0.028704
8 0.152865 0.218056 0.043229 0.080556
5 0.288542 0.293056 0.020833 0.030556
5 0.396615 0.284722 0.032813 0.030556
4 0.463542 0.278241 0.019792 0.021296
4 0.530990 0.280556 0.028646 0.024074
5 0.527865 0.300926 0.030729 0.025926
1 0.534896 0.220833 0.025000 0.052778
1 0.468490 0.238889 0.026562 0.050000
8 0.529167 0.243519 0.073958 0.098148
8 0.468490 0.243519 0.056771 0.070370
5 0.218490 0.190278 0.019271 0.023148
5 0.180990 0.193056 0.017188 0.019444
4 0.188542 0.180556 0.019792 0.016667
1 0.214844 0.154630 0.016146 0.035185
1 0.188542 0.147222 0.017708 0.031481
8 0.225521 0.157407 0.041667 0.055556
8 0.192969 0.159722 0.032813 0.063889
1 0.239844 0.099537 0.014063 0.030556
5 0.266667 0.093056 0.017708 0.015741
8 0.246615 0.109259 0.035937 0.055556
1 0.207292 0.112037 0.017708 0.031481
8 0.210938 0.119444 0.031250 0.048148
4 0.755469 0.583333 0.029687 0.044444
5 0.762500 0.606019 0.031250 0.052778
4 0.834115 0.604167 0.029687 0.026852
5 0.830990 0.605556 0.029687 0.055556
1 0.835938 0.518519 0.035417 0.064815
1 0.769792 0.531019 0.032292 0.056481
8 0.818490 0.535648 0.071354 0.143519
8 0.743490 0.535185 0.084896 0.105556
5 0.351042 0.205556 0.023958 0.025926
5 0.415365 0.200926 0.029687 0.025926
5 0.455990 0.205093 0.030729 0.025000
5 0.509115 0.195833 0.021354 0.030556
4 0.389844 0.126852 0.022396 0.022222
3 0.359115 0.130556 0.014063 0.005556
5 0.358594 0.142593 0.017188 0.012963
1 0.355469 0.093519 0.017188 0.037037
9 0.355469 0.105556 0.041146 0.062963
1 0.392969 0.079167 0.020313 0.034259
8 0.399740 0.093056 0.047396 0.073148
5 0.392188 0.139815 0.017708 0.014815
1 0.392188 0.043056 0.015625 0.032407
8 0.391146 0.053241 0.041667 0.056481
1 0.427865 0.031019 0.014063 0.032407
8 0.430990 0.043056 0.040104 0.056481
4 0.427344 0.068056 0.013021 0.012037
4 0.468490 0.057870 0.019271 0.019444
5 0.465365 0.068056 0.014063 0.012037
1 0.471615 0.031019 0.013021 0.032407
8 0.470313 0.035648 0.038542 0.056481
4 0.929688 0.543056 0.015625 0.025000
1 0.926042 0.480556 0.019792 0.053704
8 0.905990 0.506019 0.063021 0.115741
1 0.902865 0.329167 0.018229 0.045370
4 0.904167 0.380556 0.018750 0.031481
4 0.864844 0.389352 0.016146 0.023148
1 0.874219 0.330556 0.021354 0.044444
8 0.896615 0.343056 0.033854 0.089815
9 0.855990 0.348148 0.054688 0.090741
1 0.655990 0.325926 0.028646 0.068519
1 0.727865 0.327778 0.029687 0.062963
4 0.729688 0.419907 0.025000 0.032407
8 0.721615 0.366667 0.064062 0.138889
6 0.788021 0.425926 0.032292 0.050000
1 0.798438 0.343056 0.025000 0.060185
8 0.782813 0.380556 0.066667 0.129630
1 0.762240 0.243056 0.025521 0.058333
4 0.760938 0.316667 0.022917 0.020370
8 0.750521 0.274537 0.064583 0.117593
6 0.704167 0.304167 0.033333 0.041667
1 0.694792 0.230556 0.020833 0.044444
8 0.684115 0.255556 0.057813 0.098148
1 0.830990 0.181019 0.018229 0.039815
8 0.819792 0.193056 0.041667 0.063889
1 0.801562 0.115741 0.015625 0.037037
8 0.794792 0.128704 0.034375 0.062963
5 0.627865 0.206944 0.020313 0.025000
1 0.648438 0.074074 0.018750 0.044444
4 0.654167 0.131019 0.017708 0.015741
8 0.649740 0.096296 0.040104 0.088889
1 0.765365 0.065741 0.016146 0.035185
8 0.765365 0.074074 0.028646 0.055556
5 0.491667 0.123611 0.018750 0.021296
5 0.532292 0.128704 0.017708 0.018519
4 0.571094 0.118519 0.018229 0.016667
5 0.574740 0.130093 0.019271 0.021296
4 0.612240 0.118519 0.017188 0.018519
1 0.617188 0.090741 0.017708 0.035185
1 0.569792 0.080093 0.020833 0.036111
8 0.565365 0.093519 0.044271 0.075926
9 0.609115 0.096296 0.045312 0.074074
1 0.746615 0.037037 0.011979 0.031481
8 0.743490 0.043056 0.028646 0.047222
0 0.715365 0.018056 0.010937 0.032407
8 0.713021 0.031481 0.029167 0.055556
8 0.697917 0.014352 0.026042 0.026852
6 0.518490 0.070370 0.020313 0.011111
1 0.513542 0.031481 0.016667 0.033333
8 0.510417 0.048611 0.035417 0.056481
1 0.552865 0.030556 0.014063 0.031481
8 0.549740 0.043519 0.042188 0.053704
1 0.593490 0.031019 0.014063 0.034259
8 0.591667 0.042593 0.045833 0.061111
1 0.640365 0.043519 0.015104 0.029630
8 0.638542 0.053241 0.044792 0.058333
8 0.507292 0.015741 0.041667 0.029630
8 0.584115 0.018519 0.071354 0.035185
4 0.434896 0.118519 0.015625 0.014815
1 0.440365 0.093519 0.017188 0.031481
9 0.442188 0.100926 0.040625 0.051852
6 0.543490 0.068056 0.025521 0.021296
