8 0.137500 0.344907 0.053125 0.089815
8 0.154167 0.233333 0.044792 0.087037
5 0.119792 0.403704 0.025000 0.027778
5 0.179688 0.199537 0.014583 0.019444
5 0.217969 0.192130 0.019271 0.021296
8 0.194271 0.160185 0.030208 0.068519
8 0.226042 0.164815 0.041667 0.062963
8 0.210417 0.118056 0.030208 0.052778
8 0.244792 0.110185 0.033333 0.055556
5 0.265365 0.093519 0.019271 0.018519
5 0.364063 0.041204 0.014583 0.013889
9 0.388542 0.055093 0.041667 0.056481
9 0.443490 0.099537 0.040104 0.056481
8 0.429688 0.045833 0.042708 0.062037
9 0.354167 0.107407 0.040625 0.062963
9 0.392188 0.101852 0.053125 0.064815
5 0.491667 0.125926 0.019792 0.024074
5 0.532292 0.128241 0.018750 0.021296
8 0.563021 0.094907 0.045833 0.069444
8 0.610417 0.086111 0.042708 0.081481
8 0.646094 0.093519 0.040104 0.081481
8 0.511719 0.040278 0.038021 0.058333
8 0.548438 0.037037 0.041667 0.068519
8 0.590365 0.038426 0.041146 0.069444
8 0.637240 0.047685 0.030729 0.043519
8 0.470313 0.043519 0.038542 0.053704
5 0.351042 0.211111 0.023958 0.031481
5 0.287240 0.296759 0.025521 0.030556
5 0.414844 0.201389 0.031771 0.025000
5 0.396615 0.285648 0.031771 0.030556
5 0.509896 0.196759 0.023958 0.030556
5 0.628646 0.207407 0.022917 0.024074
8 0.470313 0.223148 0.061458 0.118519
8 0.530990 0.243056 0.076563 0.108333
8 0.687240 0.257870 0.059896 0.100926
8 0.749740 0.270833 0.067187 0.119444
9 0.779167 0.384259 0.070833 0.100000
8 0.716146 0.362963 0.063542 0.144444
8 0.651042 0.356019 0.069792 0.145370
8 0.584115 0.330556 0.077604 0.142593
5 0.460938 0.406019 0.038542 0.039815
5 0.530990 0.419444 0.029687 0.050000
5 0.369792 0.426389 0.038542 0.037963
8 0.321615 0.368056 0.084896 0.117593
9 0.254688 0.375000 0.058333 0.131481
9 0.199740 0.381019 0.060937 0.113889
8 0.233594 0.495370 0.055729 0.164815
5 0.184896 0.603241 0.035417 0.062037
8 0.272917 0.543519 0.090625 0.140741
5 0.294792 0.630556 0.037500 0.072222
5 0.429688 0.605556 0.036458 0.068519
8 0.427865 0.501852 0.071354 0.146296
8 0.743490 0.539815 0.085938 0.114815
8 0.819792 0.542593 0.082292 0.155556
8 0.965365 0.704630 0.068229 0.112963
4 0.991146 0.743981 0.017708 0.036111
5 0.987240 0.768056 0.022396 0.041667
9 0.855469 0.349074 0.059896 0.094444
8 0.898698 0.351852 0.041146 0.098148
8 0.814323 0.180556 0.040104 0.088889
8 0.792969 0.132407 0.040104 0.075926
8 0.764583 0.072685 0.031250 0.062037
6 0.130990 0.374074 0.031771 0.040741
1 0.129688 0.328241 0.023958 0.045370
1 0.144792 0.213426 0.021875 0.043519
1 0.191146 0.143981 0.015625 0.034259
1 0.217448 0.156019 0.018229 0.041667
4 0.189062 0.181019 0.015625 0.013889
1 0.205990 0.113426 0.015104 0.030556
1 0.239063 0.099074 0.015625 0.031481
4 0.237240 0.130556 0.016146 0.014815
1 0.392188 0.044444 0.015625 0.031481
1 0.356771 0.099074 0.019792 0.042593
1 0.427865 0.031944 0.017188 0.032407
3 0.359115 0.133796 0.014063 0.013889
5 0.358594 0.141204 0.018229 0.023148
5 0.391667 0.136574 0.020833 0.021296
1 0.379688 0.093981 0.023958 0.041667
4 0.434896 0.118519 0.017708 0.024074
1 0.441146 0.093519 0.020833 0.037037
4 0.427865 0.068981 0.017188 0.015741
5 0.466146 0.069907 0.016667 0.017593
1 0.471615 0.030556 0.017188 0.033333
1 0.515365 0.028704 0.017188 0.033333
2 0.546094 0.021296 0.018229 0.035185
6 0.545312 0.068981 0.025000 0.023148
1 0.591667 0.026852 0.017708 0.038889
1 0.640365 0.043056 0.017188 0.036111
4 0.594271 0.061111 0.017708 0.018519
1 0.569792 0.083796 0.022917 0.039815
1 0.649219 0.074074 0.021354 0.044444
2 0.618490 0.067130 0.021354 0.043519
3 0.616667 0.128241 0.015625 0.012037
5 0.613542 0.128241 0.019792 0.023148
4 0.572917 0.122222 0.017708 0.018519
1 0.669792 0.105556 0.023958 0.048148
8 0.665625 0.144907 0.059375 0.128704
4 0.644010 0.194444 0.013021 0.024074
1 0.762240 0.243519 0.028646 0.061111
4 0.760938 0.318519 0.025000 0.029630
4 0.697396 0.297685 0.020833 0.025000
1 0.694792 0.237037 0.023958 0.053704
1 0.534115 0.219444 0.026562 0.057407
4 0.532813 0.280556 0.029167 0.027778
5 0.527865 0.300926 0.027604 0.031481
1 0.457292 0.193519 0.026042 0.055556
3 0.457292 0.283333 0.015625 0.024074
1 0.191146 0.368056 0.028125 0.052778
1 0.252865 0.365741 0.028646 0.055556
1 0.310417 0.343981 0.030208 0.063889
4 0.191667 0.428241 0.020833 0.023148
4 0.259115 0.426852 0.028646 0.025926
4 0.312240 0.406944 0.033854 0.034259
1 0.591146 0.296759 0.030208 0.056481
4 0.591667 0.356019 0.026042 0.034259
1 0.651563 0.322222 0.030208 0.068519
6 0.659115 0.427778 0.034896 0.050000
4 0.727865 0.420370 0.025521 0.033333
1 0.726042 0.325926 0.032292 0.068519
4 0.784115 0.418056 0.029687 0.034259
1 0.791667 0.368519 0.029167 0.053704
1 0.834115 0.535185 0.034896 0.068519
4 0.830469 0.605556 0.023438 0.031481
4 0.752865 0.590278 0.028646 0.047222
5 0.763542 0.611111 0.033333 0.055556
1 0.769271 0.530556 0.033333 0.066667
1 0.423438 0.471759 0.034375 0.080556
4 0.421094 0.552315 0.028646 0.034259
1 0.264062 0.518519 0.031250 0.072222
4 0.262760 0.593981 0.030729 0.032407
1 0.219792 0.451389 0.030208 0.063889
4 0.221615 0.520370 0.021354 0.029630
4 0.864583 0.387500 0.018750 0.030556
1 0.873437 0.337037 0.023958 0.051852
1 0.905990 0.330556 0.023438 0.046296
4 0.904167 0.389815 0.015625 0.024074
2 0.815885 0.156944 0.022396 0.037963
1 0.801562 0.116204 0.017708 0.037963
1 0.764844 0.061111 0.014063 0.033333
8 0.742188 0.045370 0.033333 0.055556
1 0.747396 0.034722 0.014583 0.030556
4 0.746615 0.060185 0.017188 0.014815
4 0.758594 0.081019 0.014063 0.019444
