8 0.137240 0.345833 0.050521 0.093519
8 0.152865 0.235185 0.036979 0.094444
8 0.195573 0.157870 0.033854 0.065741
8 0.226042 0.154630 0.039583 0.072222
5 0.217188 0.191667 0.020833 0.024074
8 0.212240 0.118056 0.029687 0.052778
8 0.246615 0.110185 0.035937 0.055556
5 0.364844 0.040741 0.014063 0.014815
8 0.354167 0.105093 0.039583 0.073148
8 0.399740 0.096759 0.050521 0.080556
9 0.442188 0.094907 0.042708 0.060185
8 0.430990 0.046759 0.042188 0.062037
8 0.470573 0.043056 0.038021 0.049074
8 0.509115 0.043519 0.032813 0.061111
8 0.546615 0.043056 0.046354 0.063889
8 0.591667 0.041667 0.042708 0.062963
8 0.637240 0.050463 0.035937 0.054630
8 0.649740 0.095833 0.042188 0.089815
8 0.609115 0.093056 0.045312 0.075000
5 0.574740 0.130556 0.020313 0.016667
8 0.564844 0.093056 0.045312 0.073148
5 0.532292 0.128241 0.019792 0.023148
5 0.490365 0.125463 0.019271 0.019444
5 0.351823 0.208796 0.024479 0.030556
5 0.416667 0.202315 0.029167 0.028704
5 0.455990 0.203241 0.033854 0.030556
5 0.510417 0.197685 0.023958 0.030556
5 0.288542 0.299074 0.023958 0.031481
8 0.396615 0.236574 0.075521 0.106481
8 0.468750 0.243056 0.059375 0.076852
8 0.529167 0.243056 0.077083 0.102778
5 0.628646 0.208796 0.022917 0.019444
8 0.686719 0.256019 0.059896 0.093519
8 0.750521 0.269907 0.063542 0.115741
9 0.777344 0.387500 0.061979 0.095370
8 0.718490 0.363426 0.061979 0.143519
8 0.654167 0.357407 0.062500 0.146296
8 0.587240 0.356019 0.080729 0.145370
5 0.530990 0.418056 0.030729 0.047222
5 0.461719 0.406481 0.040104 0.038889
5 0.369792 0.423611 0.039583 0.032407
9 0.321875 0.368056 0.087500 0.100926
9 0.255990 0.372685 0.051562 0.112037
8 0.202865 0.381019 0.059896 0.110185
4 0.251042 0.425000 0.022917 0.029630
8 0.745313 0.537963 0.086458 0.118519
8 0.818490 0.540278 0.074479 0.162037
8 0.962240 0.703704 0.074479 0.120370
4 0.982292 0.754630 0.020833 0.040741
5 0.985938 0.777778 0.023958 0.038889
8 0.907813 0.505556 0.067708 0.114815
9 0.855469 0.350000 0.051562 0.105556
8 0.894792 0.348148 0.039583 0.096296
8 0.820573 0.190278 0.049479 0.076852
8 0.793490 0.129630 0.034896 0.066667
8 0.766146 0.073611 0.033333 0.056481
8 0.743490 0.044444 0.031771 0.053704
8 0.713021 0.038426 0.031250 0.056481
5 0.265365 0.093056 0.020313 0.019444
1 0.390365 0.043519 0.015104 0.031481
9 0.390365 0.053704 0.045312 0.055556
1 0.428646 0.032870 0.014583 0.032407
2 0.357292 0.090741 0.019792 0.038889
1 0.392188 0.080556 0.021875 0.042593
4 0.389844 0.124537 0.023438 0.019444
3 0.359896 0.134722 0.014583 0.012037
5 0.357812 0.140278 0.018750 0.021296
1 0.435417 0.087037 0.020833 0.040741
4 0.432812 0.118519 0.020833 0.018519
1 0.470313 0.035648 0.015625 0.030556
5 0.465365 0.068981 0.017188 0.017593
4 0.467969 0.058333 0.017188 0.012963
0 0.511198 0.030556 0.015104 0.033333
1 0.549219 0.032407 0.017188 0.033333
6 0.542188 0.068519 0.027083 0.022222
1 0.592969 0.029167 0.018229 0.037963
4 0.591667 0.062500 0.015625 0.019444
1 0.640365 0.043519 0.017188 0.035185
1 0.649740 0.074537 0.018229 0.043519
1 0.613542 0.081019 0.020833 0.041667
4 0.653646 0.131019 0.017708 0.021296
4 0.613021 0.118519 0.017708 0.020370
1 0.570573 0.079630 0.021354 0.038889
4 0.572917 0.119907 0.017708 0.015741
5 0.396615 0.287037 0.032813 0.031481
1 0.466667 0.232870 0.026042 0.050926
4 0.470313 0.275926 0.021875 0.031481
1 0.534896 0.219444 0.027083 0.053704
4 0.530990 0.280556 0.028646 0.027778
5 0.527865 0.300463 0.029687 0.030556
1 0.695312 0.239352 0.025000 0.050926
4 0.699740 0.293519 0.020313 0.020370
1 0.761719 0.243056 0.025521 0.060185
4 0.760417 0.318056 0.025000 0.028704
1 0.793490 0.380556 0.026562 0.053704
4 0.784115 0.420833 0.023438 0.028704
1 0.727865 0.323148 0.031771 0.066667
4 0.727865 0.422685 0.030729 0.030556
1 0.657813 0.323148 0.031250 0.068519
4 0.661198 0.416667 0.025521 0.025926
1 0.592969 0.330556 0.032813 0.068519
4 0.592969 0.407870 0.024479 0.032407
1 0.314323 0.351852 0.031771 0.062963
1 0.245573 0.373148 0.028646 0.053704
4 0.197917 0.422222 0.018750 0.024074
2 0.194792 0.361111 0.028125 0.059259
8 0.212240 0.527778 0.067187 0.175926
2 0.210417 0.474074 0.030208 0.068519
4 0.196094 0.594907 0.029687 0.034259
8 0.275000 0.508333 0.081250 0.166667
1 0.263542 0.467130 0.036458 0.075000
3 0.293490 0.612500 0.024479 0.041667
1 0.423438 0.456019 0.032292 0.075000
8 0.429688 0.496296 0.070833 0.159259
4 0.426563 0.540278 0.022917 0.026852
5 0.429948 0.605556 0.036979 0.066667
1 0.769792 0.530556 0.033333 0.064815
4 0.752865 0.592130 0.027604 0.039815
5 0.763542 0.610185 0.032292 0.055556
1 0.832292 0.525000 0.035417 0.068519
4 0.829688 0.606019 0.031250 0.030556
1 0.926042 0.481019 0.025000 0.056481
4 0.931771 0.548148 0.015625 0.031481
1 0.867188 0.329167 0.023958 0.049074
6 0.866667 0.392593 0.020833 0.033333
1 0.901563 0.328241 0.020833 0.047222
4 0.902865 0.382870 0.018229 0.025000
1 0.830990 0.171296 0.018229 0.040741
1 0.802865 0.116204 0.017188 0.037963
1 0.767188 0.061111 0.016667 0.031481
1 0.747396 0.034259 0.013542 0.031481
0 0.719271 0.025926 0.014583 0.031481
4 0.746615 0.061111 0.015104 0.018519
1 0.205990 0.111574 0.015104 0.030556
1 0.239323 0.100926 0.015104 0.031481
1 0.219792 0.137037 0.017708 0.040741
1 0.189323 0.144444 0.016146 0.033333
1 0.173437 0.203241 0.019792 0.041667
8 0.188021 0.219444 0.048958 0.083333
1 0.146094 0.212037 0.020313 0.044444
1 0.126042 0.327315 0.022917 0.049074
6 0.129167 0.377315 0.023958 0.036111
5 0.118490 0.405556 0.026562 0.024074
3 0.139063 0.387963 0.013542 0.025926
