4 0.755990 0.582407 0.029687 0.044444
5 0.762240 0.605556 0.030729 0.059259
5 0.832292 0.605556 0.023958 0.027778
5 0.827344 0.606019 0.030729 0.058333
1 0.835938 0.527315 0.033333 0.065741
1 0.769271 0.531019 0.033333 0.063889
8 0.744792 0.530556 0.088542 0.105556
8 0.819792 0.544907 0.077083 0.167593
4 0.982292 0.753704 0.015625 0.027778
6 0.985417 0.768519 0.022917 0.055556
8 0.967448 0.706019 0.063021 0.130556
4 0.929688 0.548611 0.018750 0.019444
1 0.930990 0.480556 0.022396 0.055556
8 0.908594 0.505556 0.067187 0.112963
4 0.660417 0.417593 0.023958 0.025926
5 0.660417 0.419907 0.026042 0.054630
4 0.730990 0.418519 0.024479 0.027778
4 0.784115 0.419907 0.029687 0.026852
1 0.788542 0.363426 0.023958 0.050926
8 0.780990 0.380556 0.066146 0.100000
1 0.728646 0.328704 0.030208 0.062963
8 0.717969 0.367593 0.065104 0.137037
1 0.657813 0.322222 0.028125 0.068519
8 0.655990 0.356481 0.063021 0.135185
1 0.592969 0.291667 0.026562 0.053704
8 0.585417 0.329167 0.078125 0.139815
4 0.761719 0.318519 0.019271 0.024074
4 0.698438 0.293519 0.031250 0.031481
4 0.864844 0.388426 0.015104 0.026852
1 0.872917 0.333796 0.020833 0.049074
1 0.902865 0.328704 0.018229 0.044444
4 0.904167 0.384722 0.022917 0.019444
8 0.897917 0.348148 0.039583 0.094444
9 0.856510 0.348148 0.055729 0.094444
1 0.763542 0.243519 0.023958 0.057407
8 0.749740 0.268056 0.069271 0.113889
1 0.694792 0.234722 0.022917 0.043519
8 0.684896 0.255556 0.060417 0.100000
1 0.830469 0.180556 0.017188 0.038889
8 0.818490 0.193056 0.042188 0.062037
1 0.802865 0.115741 0.014063 0.035185
8 0.794271 0.127315 0.033333 0.060185
4 0.652865 0.130556 0.019271 0.016667
4 0.612240 0.118519 0.017188 0.016667
4 0.572396 0.118056 0.021875 0.025000
1 0.649219 0.075926 0.017188 0.037037
1 0.616667 0.092593 0.017708 0.035185
1 0.571094 0.081019 0.017188 0.032407
8 0.647917 0.093056 0.041667 0.080556
9 0.607292 0.093981 0.045833 0.065741
8 0.564063 0.096759 0.042708 0.069444
1 0.766146 0.058333 0.014583 0.031481
8 0.764844 0.072685 0.029687 0.056481
1 0.747396 0.035185 0.012500 0.031481
8 0.742448 0.043981 0.030729 0.049074
0 0.716146 0.018056 0.014583 0.030556
8 0.710417 0.031019 0.029167 0.060185
8 0.698438 0.016204 0.026042 0.030556
5 0.430990 0.604630 0.032813 0.064815
4 0.419271 0.555556 0.033333 0.029630
1 0.422917 0.471759 0.029167 0.069444
8 0.430469 0.505556 0.082812 0.142593
5 0.530990 0.418981 0.028646 0.045370
5 0.461198 0.406481 0.038021 0.038889
5 0.369792 0.419907 0.038542 0.030556
4 0.310417 0.409259 0.029167 0.031481
4 0.530990 0.280556 0.024479 0.024074
5 0.528646 0.293056 0.029167 0.037963
8 0.529167 0.242130 0.078125 0.095370
1 0.310417 0.343519 0.028125 0.057407
8 0.322396 0.368519 0.079167 0.112963
5 0.396615 0.291204 0.030729 0.030556
5 0.287240 0.293056 0.025521 0.026852
5 0.414844 0.201852 0.031771 0.022222
5 0.351042 0.207870 0.025000 0.028704
5 0.455990 0.204167 0.032813 0.026852
5 0.510417 0.200926 0.023958 0.024074
5 0.566667 0.204167 0.019792 0.023148
5 0.627865 0.207407 0.021354 0.025926
5 0.491667 0.125926 0.017708 0.024074
3 0.532813 0.128704 0.016667 0.018519
4 0.357292 0.138426 0.017708 0.023148
2 0.362240 0.093056 0.021354 0.030556
4 0.388542 0.121759 0.020833 0.019444
5 0.390365 0.132407 0.019271 0.018519
4 0.435417 0.118519 0.014583 0.014815
1 0.440365 0.093519 0.018229 0.035185
9 0.442969 0.096759 0.039062 0.043519
1 0.392969 0.080093 0.019271 0.039815
8 0.398438 0.093056 0.047917 0.071296
9 0.356771 0.105556 0.043750 0.061111
6 0.515365 0.068519 0.023438 0.014815
2 0.515365 0.036111 0.016146 0.031481
8 0.509896 0.048148 0.036458 0.055556
6 0.546615 0.068519 0.028646 0.022222
4 0.594792 0.058796 0.020833 0.019444
1 0.593750 0.030556 0.015625 0.031481
1 0.638542 0.041667 0.014583 0.031481
8 0.640365 0.052778 0.045312 0.057407
8 0.592448 0.042130 0.049479 0.054630
9 0.549740 0.046296 0.043229 0.048148
1 0.554948 0.043056 0.015104 0.030556
8 0.601042 0.018519 0.037500 0.035185
8 0.571615 0.018056 0.036979 0.034259
1 0.470313 0.031481 0.015625 0.033333
8 0.470313 0.042130 0.038542 0.050926
8 0.507292 0.016204 0.040625 0.030556
1 0.427865 0.034722 0.014063 0.030556
4 0.427865 0.068519 0.017188 0.012963
8 0.429688 0.045833 0.039583 0.060185
1 0.392188 0.043519 0.014583 0.027778
8 0.389844 0.052778 0.039062 0.053704
3 0.197917 0.605556 0.017708 0.033333
5 0.293490 0.631019 0.034896 0.069444
4 0.258594 0.592593 0.021354 0.025926
1 0.261719 0.506481 0.032813 0.068519
8 0.276042 0.540278 0.092708 0.123148
1 0.223438 0.433333 0.029167 0.055556
8 0.219792 0.493056 0.071875 0.176852
1 0.257292 0.343056 0.023958 0.049074
8 0.255990 0.359722 0.056771 0.106481
4 0.259115 0.426389 0.024479 0.023148
1 0.192188 0.379167 0.023958 0.049074
4 0.190365 0.428241 0.019271 0.023148
9 0.201563 0.382407 0.059375 0.105556
1 0.129948 0.304630 0.025521 0.038889
6 0.126042 0.379630 0.035417 0.072222
3 0.138021 0.385185 0.012500 0.018519
8 0.141667 0.320833 0.054167 0.080556
5 0.218490 0.185648 0.019271 0.019444
1 0.212240 0.155093 0.019271 0.032407
1 0.150521 0.203241 0.019792 0.036111
8 0.158594 0.220833 0.050521 0.080556
1 0.189844 0.143519 0.016146 0.029630
4 0.190625 0.181019 0.015625 0.013889
4 0.227865 0.159722 0.044271 0.056481
8 0.192188 0.156019 0.034375 0.062037
4 0.239063 0.129630 0.017708 0.016667
1 0.239063 0.093519 0.014583 0.029630
8 0.244792 0.105556 0.035417 0.059259
1 0.207292 0.108333 0.015625 0.031481
8 0.211719 0.118519 0.031771 0.050000
4 0.463542 0.278704 0.018750 0.027778
4 0.468490 0.056019 0.017188 0.013889
8 0.466667 0.244907 0.060417 0.073148
1 0.468490 0.236111 0.026562 0.053704
1 0.535417 0.218519 0.029167 0.053704
