8 0.135937 0.345833 0.053125 0.086111
8 0.159115 0.226389 0.045312 0.087963
8 0.194792 0.161111 0.034375 0.066667
8 0.226823 0.161111 0.040104 0.057407
5 0.180990 0.199074 0.014063 0.018519
5 0.217969 0.190741 0.019271 0.020370
8 0.212240 0.118981 0.029687 0.052778
8 0.246615 0.110185 0.035937 0.055556
5 0.364844 0.040741 0.014063 0.014815
8 0.357292 0.107407 0.041667 0.068519
8 0.400521 0.096296 0.048958 0.077778
9 0.442188 0.101389 0.042708 0.056481
8 0.430469 0.046759 0.042188 0.063889
8 0.471094 0.043519 0.039062 0.051852
8 0.509375 0.041667 0.034375 0.059259
8 0.547917 0.042130 0.043750 0.058333
8 0.591667 0.037963 0.045833 0.068519
8 0.636198 0.049074 0.034896 0.057407
8 0.648958 0.095833 0.040625 0.089815
8 0.609115 0.092130 0.045312 0.073148
5 0.574740 0.130556 0.020313 0.016667
8 0.564063 0.093519 0.044792 0.074074
5 0.532292 0.128241 0.019792 0.023148
5 0.491667 0.125463 0.019792 0.019444
5 0.351042 0.209259 0.023958 0.027778
5 0.414583 0.200926 0.031250 0.025926
5 0.453646 0.202778 0.029167 0.027778
5 0.510417 0.197685 0.023958 0.030556
5 0.288021 0.297685 0.027083 0.030556
8 0.468490 0.239815 0.057813 0.085185
8 0.529687 0.243981 0.077083 0.104630
5 0.628646 0.208796 0.022917 0.019444
8 0.686458 0.256019 0.059375 0.091667
8 0.749740 0.266667 0.063021 0.107407
8 0.771094 0.344907 0.054688 0.123148
8 0.716667 0.362500 0.062500 0.143519
8 0.655208 0.360185 0.062500 0.142593
8 0.587240 0.356019 0.080729 0.145370
5 0.530990 0.418056 0.030729 0.047222
5 0.461719 0.406481 0.040104 0.038889
5 0.369792 0.423611 0.039583 0.032407
9 0.322917 0.368056 0.085417 0.102778
9 0.255990 0.374537 0.051562 0.110185
9 0.204167 0.380093 0.063542 0.108333
4 0.249740 0.424074 0.023438 0.029630
8 0.746094 0.537500 0.084896 0.110185
8 0.817969 0.539815 0.075521 0.161111
8 0.962240 0.703704 0.074479 0.120370
4 0.982292 0.754630 0.020833 0.040741
5 0.985938 0.777778 0.023958 0.038889
8 0.907813 0.505556 0.067708 0.114815
9 0.855990 0.348611 0.049479 0.102778
8 0.895312 0.349074 0.039583 0.096296
8 0.821094 0.190278 0.047396 0.073148
8 0.794792 0.129630 0.035417 0.066667
8 0.765365 0.073611 0.031771 0.056481
8 0.742708 0.045370 0.031250 0.051852
8 0.712240 0.037963 0.029687 0.057407
5 0.265365 0.093056 0.017188 0.017593
1 0.123438 0.342593 0.025000 0.048148
5 0.119271 0.403241 0.026042 0.028704
6 0.129167 0.376389 0.023958 0.039815
3 0.139063 0.387963 0.014583 0.024074
1 0.154688 0.204630 0.019792 0.042593
1 0.188542 0.147222 0.016667 0.031481
4 0.189844 0.180556 0.017188 0.014815
1 0.218490 0.152315 0.017188 0.041667
1 0.205990 0.111574 0.015104 0.030556
1 0.239063 0.099074 0.016667 0.031481
4 0.236719 0.130556 0.014063 0.014815
2 0.289062 0.013426 0.017708 0.025000
8 0.291667 0.080556 0.042708 0.159259
1 0.392188 0.043056 0.015625 0.032407
9 0.390365 0.053241 0.039062 0.058333
2 0.357812 0.093519 0.020833 0.037037
3 0.359115 0.135185 0.014063 0.011111
5 0.358594 0.140278 0.017188 0.021296
1 0.392708 0.080093 0.021875 0.039815
4 0.390365 0.125926 0.022396 0.020370
1 0.427865 0.032407 0.014063 0.031481
4 0.427865 0.068981 0.017188 0.012037
1 0.438542 0.093056 0.020833 0.037963
4 0.439063 0.119907 0.020833 0.019444
1 0.471615 0.035185 0.015104 0.031481
4 0.468490 0.060648 0.017188 0.013889
5 0.466146 0.070370 0.017708 0.016667
2 0.512240 0.031019 0.017188 0.036111
1 0.549740 0.032407 0.017188 0.035185
6 0.544792 0.067593 0.028125 0.024074
1 0.591667 0.024074 0.018750 0.035185
2 0.633073 0.038889 0.019271 0.031481
1 0.649740 0.074074 0.020313 0.044444
1 0.614062 0.080556 0.019792 0.042593
4 0.612240 0.118519 0.018229 0.020370
1 0.571094 0.078241 0.022396 0.036111
4 0.571615 0.121759 0.016146 0.015741
5 0.396094 0.287500 0.032813 0.030556
1 0.468490 0.225463 0.026562 0.054630
4 0.471615 0.276852 0.020313 0.031481
1 0.534896 0.222222 0.027083 0.055556
4 0.531771 0.280556 0.029167 0.027778
5 0.527865 0.300463 0.028646 0.028704
1 0.694271 0.239815 0.023958 0.051852
4 0.700781 0.293056 0.021354 0.019444
1 0.761719 0.243519 0.026562 0.059259
1 0.772135 0.315741 0.024479 0.061111
3 0.785937 0.427315 0.019792 0.019444
5 0.788021 0.424537 0.038542 0.043519
1 0.727865 0.325926 0.029687 0.068519
1 0.660417 0.325000 0.027083 0.066667
4 0.657813 0.416667 0.019792 0.027778
4 0.727865 0.419907 0.029687 0.026852
2 0.588021 0.317130 0.033333 0.065741
4 0.593490 0.411111 0.026562 0.033333
1 0.312240 0.350926 0.029687 0.061111
4 0.314063 0.399537 0.032292 0.030556
1 0.244792 0.375000 0.026042 0.050000
1 0.194792 0.367593 0.028125 0.053704
4 0.196094 0.424537 0.017188 0.021296
1 0.205469 0.456019 0.028646 0.067593
4 0.196615 0.513426 0.018229 0.032407
8 0.217969 0.499537 0.061979 0.154630
1 0.263021 0.503704 0.033333 0.072222
4 0.260417 0.591204 0.026042 0.034259
8 0.272917 0.540741 0.079167 0.146296
1 0.421875 0.455093 0.034375 0.075000
8 0.426042 0.495833 0.068750 0.160185
4 0.413542 0.540278 0.027083 0.034259
5 0.430469 0.606019 0.035937 0.067593
1 0.769271 0.538889 0.032292 0.068519
4 0.753646 0.589352 0.026042 0.043519
5 0.763542 0.611574 0.033333 0.052778
1 0.834115 0.530556 0.034896 0.072222
4 0.829688 0.606019 0.031250 0.030556
1 0.926042 0.481944 0.022917 0.054630
4 0.932292 0.545833 0.012500 0.025000
1 0.867969 0.329167 0.022396 0.049074
1 0.902865 0.329167 0.020313 0.050926
6 0.866667 0.392130 0.020833 0.032407
4 0.904167 0.382407 0.017708 0.022222
1 0.832292 0.173611 0.018750 0.037963
1 0.801562 0.115741 0.015625 0.038889
1 0.764844 0.062963 0.015104 0.033333
1 0.747135 0.035185 0.013021 0.029630
0 0.718490 0.026389 0.014063 0.030556
4 0.653385 0.131019 0.019271 0.021296
