8 0.136198 0.343056 0.052604 0.087963
5 0.119271 0.404167 0.026042 0.026852
8 0.154688 0.231019 0.041667 0.084259
8 0.194792 0.160648 0.033333 0.069444
5 0.180469 0.198611 0.014063 0.019444
5 0.217188 0.191204 0.019792 0.023148
8 0.226042 0.164815 0.040625 0.059259
8 0.210417 0.118056 0.030208 0.054630
8 0.244792 0.108333 0.032292 0.055556
5 0.266667 0.093056 0.016667 0.017593
5 0.364844 0.041204 0.014063 0.013889
9 0.388542 0.056019 0.040625 0.054630
8 0.430469 0.044907 0.042188 0.062037
8 0.354167 0.106019 0.041667 0.069444
8 0.397917 0.099537 0.044792 0.080556
9 0.442188 0.105556 0.043750 0.055556
8 0.469792 0.043056 0.038542 0.056481
9 0.511719 0.043519 0.033854 0.053704
5 0.491667 0.123148 0.019792 0.018519
5 0.532813 0.129630 0.019792 0.022222
8 0.548698 0.043519 0.041146 0.070370
8 0.565365 0.093519 0.049479 0.077778
8 0.590365 0.039352 0.042188 0.065741
8 0.646615 0.093056 0.042188 0.080556
9 0.633594 0.054167 0.034896 0.050926
8 0.704688 0.155556 0.055208 0.094444
8 0.643490 0.146759 0.057813 0.102778
6 0.625521 0.197685 0.025000 0.030556
5 0.613542 0.129167 0.020833 0.023148
5 0.510938 0.197222 0.026042 0.031481
5 0.455469 0.201852 0.032813 0.027778
5 0.414844 0.200926 0.031771 0.024074
5 0.351042 0.206944 0.023958 0.030556
5 0.288021 0.297222 0.023958 0.031481
5 0.396875 0.286574 0.031250 0.030556
9 0.465365 0.246759 0.055729 0.080556
9 0.533073 0.243519 0.072396 0.096296
8 0.685417 0.256019 0.058333 0.099074
8 0.749219 0.268056 0.064062 0.123148
9 0.779167 0.389815 0.067708 0.101852
8 0.715365 0.368519 0.061979 0.140741
8 0.651823 0.356481 0.069271 0.138889
8 0.584375 0.331019 0.078125 0.145370
5 0.530990 0.418519 0.029687 0.050000
5 0.461198 0.405556 0.038021 0.038889
5 0.369792 0.423148 0.039583 0.044444
8 0.319792 0.367130 0.086458 0.115741
9 0.254688 0.373611 0.060417 0.121296
9 0.197917 0.381481 0.061458 0.112963
5 0.184896 0.601852 0.035417 0.061111
8 0.234115 0.482870 0.056771 0.163889
8 0.273438 0.537500 0.092708 0.143519
5 0.294792 0.631019 0.036458 0.073148
8 0.424219 0.517593 0.086979 0.162963
5 0.435417 0.606019 0.035417 0.067593
8 0.746094 0.524074 0.082812 0.118519
9 0.819792 0.541667 0.079167 0.155556
5 0.763021 0.605556 0.033333 0.059259
1 0.966146 0.705556 0.067708 0.112963
4 0.983594 0.749074 0.017188 0.031481
5 0.988021 0.768056 0.020833 0.039815
9 0.854688 0.347685 0.064583 0.093519
8 0.896615 0.349074 0.038021 0.094444
8 0.821615 0.193519 0.045312 0.068519
8 0.792969 0.130556 0.042188 0.077778
8 0.769792 0.080093 0.034375 0.063889
8 0.714323 0.031944 0.028646 0.052778
1 0.121615 0.331019 0.024479 0.047222
6 0.130469 0.373148 0.031771 0.033333
1 0.144792 0.217130 0.020833 0.045370
1 0.188542 0.146759 0.015625 0.030556
4 0.188542 0.180556 0.017708 0.018519
1 0.215365 0.154630 0.018229 0.040741
1 0.206771 0.109722 0.016667 0.030556
1 0.237240 0.098148 0.016146 0.031481
4 0.238021 0.131019 0.014583 0.015741
8 0.305990 0.080556 0.042188 0.159259
1 0.392969 0.048611 0.015104 0.030556
1 0.355990 0.093519 0.018229 0.040741
4 0.357292 0.131019 0.016667 0.019444
5 0.358594 0.141204 0.018229 0.021296
1 0.396094 0.089815 0.023438 0.040741
4 0.387240 0.129167 0.020313 0.019444
5 0.391667 0.135648 0.017708 0.019444
1 0.444792 0.102315 0.018750 0.034259
1 0.428125 0.030556 0.015625 0.031481
4 0.426563 0.068056 0.016667 0.017593
4 0.467969 0.058796 0.017188 0.019444
1 0.471615 0.031019 0.018229 0.034259
5 0.466667 0.068519 0.016667 0.016667
1 0.517969 0.042130 0.017188 0.032407
2 0.551042 0.023148 0.018750 0.031481
5 0.517188 0.070833 0.026042 0.019444
6 0.552865 0.068519 0.020313 0.020370
1 0.590365 0.026389 0.018229 0.037963
4 0.595313 0.062500 0.019792 0.019444
4 0.571615 0.121759 0.018229 0.019444
1 0.571615 0.080556 0.020313 0.040741
1 0.639844 0.043519 0.017188 0.035185
1 0.675521 0.033333 0.020833 0.044444
8 0.665365 0.071759 0.050521 0.119444
5 0.691667 0.205556 0.020833 0.027778
1 0.651823 0.119907 0.022396 0.043519
1 0.699740 0.133333 0.023438 0.050000
4 0.760417 0.318056 0.023958 0.028704
1 0.762240 0.243519 0.027604 0.059259
4 0.697917 0.298148 0.019792 0.020370
1 0.696615 0.240278 0.024479 0.049074
1 0.530990 0.239815 0.027604 0.050000
3 0.530990 0.284722 0.015104 0.019444
5 0.527865 0.293056 0.026562 0.037963
4 0.452865 0.280556 0.019271 0.029630
1 0.462500 0.242593 0.028125 0.053704
1 0.187240 0.368519 0.028646 0.053704
1 0.252865 0.365741 0.029687 0.051852
1 0.314063 0.343519 0.032292 0.066667
4 0.188542 0.430093 0.017708 0.023148
4 0.260417 0.423611 0.029167 0.021296
4 0.313542 0.405093 0.031250 0.030556
1 0.591146 0.293056 0.031250 0.056481
1 0.653646 0.329630 0.029167 0.072222
6 0.660417 0.428241 0.035417 0.050926
4 0.589844 0.355556 0.022396 0.037037
1 0.727865 0.331481 0.033854 0.068519
4 0.728646 0.419907 0.026042 0.030556
4 0.783594 0.418056 0.030729 0.037963
1 0.791146 0.374074 0.030208 0.055556
1 0.835938 0.536574 0.034375 0.069444
4 0.830469 0.605556 0.023438 0.029630
3 0.757292 0.592593 0.018750 0.037037
1 0.767188 0.517130 0.032292 0.067593
4 0.402865 0.592593 0.023438 0.050000
1 0.429167 0.480556 0.038542 0.083333
4 0.262240 0.593519 0.030729 0.031481
1 0.265365 0.511111 0.032813 0.070370
2 0.229167 0.440278 0.031250 0.067593
1 0.872917 0.334259 0.022917 0.050000
1 0.903646 0.331019 0.018750 0.049074
4 0.865365 0.387037 0.019271 0.031481
4 0.903646 0.386111 0.016667 0.018519
1 0.830990 0.180556 0.020313 0.038889
4 0.831771 0.216667 0.018750 0.018519
1 0.803646 0.113426 0.017708 0.037963
1 0.769792 0.068056 0.014583 0.034259
4 0.762240 0.084259 0.017188 0.018519
8 0.729688 0.076852 0.041667 0.074074
2 0.734115 0.056019 0.018229 0.032407
8 0.746094 0.044444 0.028646 0.059259
1 0.746615 0.034259 0.013021 0.031481
4 0.747396 0.061111 0.014583 0.016667
1 0.718490 0.024537 0.015104 0.030556
