9 0.137240 0.343519 0.051562 0.087037
5 0.119271 0.404167 0.026042 0.026852
8 0.149740 0.242593 0.046354 0.074074
8 0.194792 0.158796 0.033333 0.063889
5 0.180469 0.198148 0.014063 0.018519
5 0.217188 0.191204 0.020833 0.023148
8 0.226042 0.162963 0.037500 0.055556
8 0.210417 0.118519 0.030208 0.053704
8 0.244792 0.109722 0.032292 0.056481
5 0.265365 0.085648 0.019271 0.030556
5 0.364844 0.041204 0.014063 0.013889
8 0.433073 0.043981 0.036979 0.062037
9 0.355990 0.106019 0.042188 0.069444
8 0.402865 0.075463 0.050521 0.106481
9 0.442188 0.105556 0.043750 0.055556
8 0.471094 0.043056 0.039062 0.056481
9 0.511198 0.046296 0.031771 0.050000
5 0.490365 0.124537 0.019271 0.019444
5 0.532813 0.129630 0.019792 0.022222
8 0.550000 0.043056 0.043750 0.062037
8 0.565365 0.093519 0.049479 0.072222
8 0.591146 0.042593 0.041667 0.075926
8 0.652865 0.094907 0.045312 0.084259
9 0.635938 0.052778 0.037500 0.057407
8 0.701823 0.160185 0.063021 0.107407
8 0.650521 0.146296 0.048958 0.094444
5 0.623437 0.198611 0.023958 0.030556
5 0.613542 0.129167 0.020833 0.023148
5 0.510938 0.197685 0.025000 0.030556
5 0.455469 0.201852 0.032813 0.027778
5 0.414844 0.200926 0.031771 0.024074
5 0.352344 0.206944 0.023438 0.028704
5 0.288021 0.296759 0.023958 0.030556
5 0.396875 0.286111 0.031250 0.031481
9 0.466667 0.243519 0.058333 0.085185
9 0.530990 0.243056 0.074479 0.099074
8 0.687240 0.257407 0.057813 0.101852
8 0.749740 0.270833 0.063021 0.119444
9 0.777865 0.387500 0.070312 0.093519
8 0.716667 0.368519 0.061458 0.140741
8 0.651563 0.339352 0.066667 0.126852
8 0.582292 0.331019 0.078125 0.145370
5 0.532292 0.420370 0.029167 0.050000
5 0.461198 0.405556 0.038021 0.038889
5 0.371094 0.423611 0.038021 0.041667
8 0.320573 0.368519 0.083854 0.112963
9 0.254688 0.375926 0.060417 0.124074
9 0.199740 0.384259 0.060937 0.105556
5 0.184896 0.601852 0.035417 0.061111
8 0.234896 0.494444 0.057292 0.159259
8 0.274740 0.541667 0.091146 0.146296
5 0.294792 0.631019 0.036458 0.073148
8 0.427865 0.504630 0.077604 0.157407
5 0.435417 0.606019 0.035417 0.067593
9 0.747396 0.543056 0.083333 0.119444
9 0.819792 0.541667 0.079167 0.155556
5 0.762240 0.605556 0.033854 0.062963
1 0.966146 0.705556 0.067708 0.112963
4 0.983594 0.748611 0.017188 0.030556
5 0.988021 0.768056 0.020833 0.039815
9 0.854688 0.346759 0.061458 0.086111
8 0.896615 0.348611 0.038021 0.093519
8 0.822396 0.193519 0.044792 0.064815
8 0.796094 0.127315 0.038021 0.071296
8 0.771615 0.080556 0.032813 0.059259
8 0.712240 0.038426 0.032813 0.056481
1 0.129167 0.330556 0.025000 0.048148
6 0.129688 0.374537 0.032292 0.032407
1 0.142969 0.230556 0.020313 0.044444
1 0.188542 0.148148 0.017708 0.031481
1 0.217188 0.156944 0.018750 0.041667
4 0.189323 0.180556 0.015104 0.014815
1 0.205469 0.111574 0.014063 0.030556
1 0.239063 0.098611 0.016667 0.030556
4 0.237240 0.129167 0.015104 0.017593
8 0.284115 0.048611 0.040104 0.080556
0 0.277865 0.030556 0.016146 0.031481
1 0.427865 0.031944 0.018229 0.034259
1 0.402344 0.043519 0.024479 0.046296
3 0.390365 0.131019 0.017188 0.013889
5 0.391146 0.133333 0.019792 0.025926
1 0.357292 0.093056 0.019792 0.039815
4 0.355469 0.131944 0.013021 0.021296
5 0.357292 0.141204 0.018750 0.021296
1 0.446615 0.103241 0.022396 0.036111
4 0.432292 0.123148 0.016667 0.029630
1 0.471094 0.030556 0.017188 0.035185
4 0.469271 0.060185 0.017708 0.018519
5 0.466146 0.068519 0.017708 0.018519
1 0.517969 0.040741 0.017188 0.033333
5 0.517448 0.070833 0.024479 0.019444
1 0.552344 0.030093 0.017188 0.034259
6 0.552865 0.068519 0.020313 0.022222
1 0.571615 0.081019 0.021354 0.039815
4 0.573438 0.121759 0.019792 0.019444
1 0.591667 0.025926 0.017708 0.038889
4 0.591667 0.062037 0.016667 0.018519
1 0.639323 0.043056 0.018229 0.036111
1 0.652865 0.077778 0.022396 0.042593
2 0.710938 0.128704 0.026042 0.046296
1 0.654167 0.124537 0.023958 0.043519
6 0.712240 0.212500 0.022396 0.030556
3 0.640365 0.204630 0.016146 0.022222
4 0.454688 0.280556 0.018750 0.031481
1 0.463542 0.240741 0.029167 0.050000
1 0.533594 0.231481 0.026562 0.059259
4 0.529167 0.281019 0.021875 0.030556
5 0.527865 0.297685 0.030729 0.032407
1 0.696615 0.238426 0.023438 0.050926
4 0.698698 0.298611 0.018229 0.021296
1 0.763542 0.243056 0.029167 0.060185
4 0.760417 0.318519 0.025000 0.025926
1 0.791667 0.378704 0.029167 0.057407
1 0.730469 0.330556 0.033854 0.066667
4 0.727865 0.418519 0.025521 0.033333
4 0.784115 0.418519 0.029687 0.033333
1 0.657813 0.306019 0.031250 0.058333
5 0.659896 0.424074 0.035417 0.053704
1 0.590365 0.293519 0.030729 0.059259
4 0.589844 0.355556 0.021354 0.038889
1 0.311719 0.347685 0.035937 0.069444
4 0.312240 0.406481 0.034896 0.033333
1 0.253646 0.365741 0.031250 0.055556
1 0.190885 0.378241 0.027604 0.054630
4 0.192188 0.427778 0.017708 0.025926
4 0.260417 0.422685 0.029167 0.025000
1 0.221094 0.452778 0.029687 0.064815
1 0.269010 0.506944 0.032813 0.075000
4 0.224740 0.530556 0.027604 0.027778
4 0.265365 0.600463 0.032813 0.030556
1 0.420312 0.468056 0.037500 0.082407
3 0.407292 0.593056 0.019792 0.045370
1 0.771615 0.539815 0.033854 0.072222
1 0.837240 0.530556 0.035937 0.068519
4 0.755208 0.592130 0.023958 0.043519
4 0.829688 0.605093 0.023958 0.032407
1 0.873958 0.337037 0.023958 0.053704
1 0.902344 0.331019 0.020313 0.052778
4 0.864844 0.386574 0.019271 0.030556
4 0.902865 0.385185 0.017188 0.020370
1 0.831771 0.181019 0.020833 0.041667
4 0.832292 0.217130 0.018750 0.021296
1 0.803646 0.112037 0.015625 0.040741
1 0.768490 0.069907 0.018229 0.036111
4 0.762240 0.093981 0.013021 0.019444
8 0.734115 0.075463 0.038021 0.056481
2 0.738542 0.063889 0.018750 0.035185
1 0.718750 0.025000 0.015625 0.031481
8 0.744792 0.045833 0.029167 0.056481
1 0.747396 0.035185 0.013542 0.031481
