9 0.137240 0.343519 0.057813 0.070370
5 0.119792 0.404167 0.027083 0.026852
6 0.131771 0.373611 0.033333 0.030556
8 0.152865 0.242593 0.042188 0.075926
5 0.179948 0.202315 0.016146 0.021296
5 0.217188 0.192130 0.019792 0.023148
8 0.193490 0.166204 0.033854 0.060185
8 0.226042 0.167130 0.038542 0.062037
8 0.210417 0.118056 0.031250 0.056481
8 0.244792 0.108333 0.035417 0.055556
8 0.279167 0.056944 0.034375 0.063889
9 0.352865 0.106481 0.044271 0.062963
9 0.438021 0.106019 0.044792 0.047222
5 0.388542 0.140741 0.017708 0.016667
5 0.358594 0.140278 0.017188 0.017593
8 0.395313 0.095833 0.043750 0.069444
8 0.393490 0.055093 0.042188 0.058333
8 0.432292 0.049074 0.040625 0.055556
8 0.470313 0.043056 0.037500 0.054630
8 0.480990 0.090278 0.046354 0.065741
8 0.510417 0.043056 0.030208 0.050926
8 0.546094 0.043519 0.040104 0.057407
9 0.566667 0.096759 0.045833 0.069444
5 0.492969 0.129630 0.020313 0.022222
5 0.533594 0.127315 0.019271 0.021296
9 0.591667 0.043981 0.044792 0.056481
8 0.637240 0.048611 0.036979 0.056481
5 0.613542 0.129630 0.018750 0.022222
8 0.653646 0.095833 0.044792 0.086111
8 0.705990 0.172685 0.060937 0.082407
8 0.654167 0.156019 0.043750 0.091667
8 0.573698 0.155556 0.061979 0.101852
5 0.510938 0.197685 0.025000 0.030556
5 0.418490 0.202315 0.022396 0.026852
8 0.403646 0.243056 0.070833 0.102778
8 0.469271 0.243519 0.052083 0.075926
8 0.532292 0.242593 0.070833 0.100000
5 0.528646 0.293519 0.029167 0.037037
8 0.696615 0.261111 0.063021 0.105556
5 0.709115 0.310185 0.042188 0.031481
8 0.753646 0.270833 0.063542 0.119444
9 0.773438 0.382870 0.056250 0.102778
9 0.721615 0.397222 0.070312 0.118519
8 0.657813 0.356944 0.065625 0.152778
8 0.588542 0.356019 0.081250 0.149074
5 0.460938 0.405556 0.039583 0.040741
5 0.531771 0.418519 0.030208 0.050000
5 0.369792 0.425926 0.037500 0.038889
8 0.322917 0.367130 0.085417 0.106481
9 0.252865 0.376389 0.060937 0.113889
9 0.200521 0.386574 0.060417 0.106481
9 0.148958 0.555556 0.073958 0.111111
5 0.134115 0.607870 0.026562 0.050926
5 0.184375 0.605556 0.034375 0.055556
8 0.217188 0.534722 0.057292 0.152778
8 0.269271 0.529630 0.079167 0.157407
8 0.429167 0.504167 0.073958 0.145370
8 0.671615 0.534722 0.088021 0.180556
5 0.694792 0.624537 0.033333 0.056481
9 0.821615 0.536574 0.073438 0.152778
8 0.966667 0.706019 0.064583 0.119444
4 0.983594 0.756019 0.017188 0.034259
5 0.988542 0.766667 0.017708 0.050000
8 0.902865 0.492593 0.067187 0.116667
9 0.857292 0.354630 0.055208 0.087037
8 0.900260 0.359722 0.041146 0.099074
8 0.788021 0.179167 0.051042 0.078704
8 0.821615 0.188426 0.029687 0.069444
8 0.732292 0.080556 0.037500 0.068519
8 0.713021 0.039352 0.031250 0.063889
5 0.921094 0.541204 0.024479 0.047222
5 0.455469 0.202315 0.028646 0.028704
8 0.089844 0.758796 0.064062 0.232407
8 0.159115 0.738889 0.089063 0.185185
5 0.124740 0.818519 0.028646 0.062963
5 0.288542 0.304167 0.027083 0.034259
8 0.751042 0.531481 0.075000 0.114815
5 0.762760 0.606019 0.033854 0.058333
8 0.760938 0.121296 0.044792 0.077778
8 0.744010 0.046759 0.030729 0.056481
1 0.121094 0.343519 0.023438 0.046296
1 0.143490 0.230556 0.019271 0.042593
1 0.188542 0.150926 0.016667 0.031481
1 0.217969 0.155556 0.017188 0.040741
1 0.204948 0.107407 0.015104 0.031481
1 0.239063 0.098148 0.015625 0.031481
4 0.237240 0.130556 0.014063 0.016667
2 0.282813 0.043519 0.017708 0.033333
4 0.268490 0.085648 0.009896 0.019444
1 0.354167 0.095370 0.018750 0.038889
1 0.394271 0.041204 0.016667 0.036111
1 0.431771 0.033333 0.015625 0.031481
1 0.443490 0.106019 0.021354 0.041667
1 0.395313 0.085648 0.023958 0.043519
4 0.355990 0.129167 0.015104 0.019444
4 0.388542 0.124074 0.018750 0.018519
4 0.429688 0.123148 0.014583 0.029630
4 0.485417 0.111111 0.014583 0.018519
1 0.469271 0.031481 0.016667 0.033333
4 0.434115 0.068519 0.020313 0.016667
1 0.480990 0.078241 0.021354 0.039815
5 0.476823 0.129167 0.018229 0.025000
5 0.514062 0.068981 0.026042 0.015741
1 0.511719 0.034259 0.016146 0.031481
1 0.544792 0.035185 0.017708 0.031481
6 0.543490 0.068519 0.026562 0.022222
1 0.568490 0.089352 0.022396 0.037963
1 0.595313 0.038426 0.018750 0.037963
4 0.596615 0.065741 0.016146 0.014815
5 0.612240 0.078704 0.020313 0.016667
1 0.641667 0.040278 0.016667 0.036111
1 0.654167 0.077778 0.020833 0.040741
2 0.654167 0.131019 0.022917 0.043519
1 0.705990 0.156019 0.022396 0.049074
4 0.705990 0.201852 0.023438 0.024074
5 0.719792 0.218519 0.020833 0.020370
6 0.668490 0.201852 0.040104 0.038889
1 0.575521 0.131019 0.025000 0.049074
6 0.590365 0.181481 0.024479 0.037037
6 0.579688 0.205556 0.036458 0.027778
5 0.351042 0.305556 0.026042 0.048148
3 0.330469 0.301389 0.016146 0.025000
2 0.359115 0.180556 0.027604 0.053704
8 0.354167 0.218981 0.060417 0.134259
1 0.399219 0.220833 0.028646 0.060185
4 0.399219 0.279167 0.027604 0.025000
1 0.467969 0.232870 0.025521 0.052778
3 0.466667 0.281944 0.014583 0.026852
3 0.533594 0.289815 0.016146 0.024074
1 0.541146 0.218056 0.030208 0.056481
1 0.705469 0.241667 0.027604 0.050000
1 0.761719 0.241667 0.028646 0.059259
4 0.698438 0.303241 0.018750 0.025000
4 0.758594 0.318519 0.026562 0.025926
1 0.788542 0.374074 0.027083 0.055556
4 0.782813 0.419907 0.022917 0.030556
7 0.726042 0.402315 0.038542 0.063889
4 0.663021 0.418056 0.026042 0.034259
1 0.658594 0.318519 0.032813 0.072222
1 0.595313 0.328241 0.032292 0.065741
4 0.594271 0.406019 0.022917 0.032407
1 0.194792 0.379630 0.029167 0.055556
1 0.245312 0.377315 0.026042 0.054630
1 0.314583 0.352315 0.031250 0.065741
4 0.194271 0.425926 0.019792 0.024074
4 0.252865 0.426389 0.025521 0.032407
4 0.314063 0.400463 0.033333 0.030556
1 0.133073 0.549074 0.028646 0.057407
2 0.218490 0.493056 0.031771 0.067593
4 0.143490 0.596296 0.018229 0.033333
1 0.257292 0.489815 0.034375 0.075926
4 0.259635 0.593056 0.033854 0.030556
0 0.079167 0.699537 0.034375 0.082407
4 0.078646 0.787500 0.021875 0.034259
2 0.135417 0.682407 0.042708 0.083333
5 0.144271 0.838889 0.034375 0.075926
1 0.422917 0.475000 0.035417 0.081481
4 0.423698 0.556019 0.031771 0.036111
5 0.424219 0.599537 0.059896 0.069444
1 0.684115 0.499074 0.039062 0.081481
1 0.772396 0.511574 0.032292 0.071296
4 0.677344 0.603704 0.033854 0.035185
4 0.760938 0.587500 0.026042 0.047222
1 0.838021 0.529630 0.035417 0.070370
4 0.830469 0.600926 0.022396 0.031481
5 0.827083 0.609722 0.034375 0.056481
2 0.654948 0.643519 0.041146 0.087037
8 0.657813 0.697222 0.123958 0.190741
5 0.710417 0.818519 0.051042 0.088889
4 0.925260 0.537037 0.018229 0.020370
1 0.923438 0.468519 0.023958 0.057407
1 0.874219 0.343056 0.023438 0.052778
1 0.904948 0.336111 0.021354 0.050000
4 0.866667 0.391667 0.015625 0.027778
4 0.903385 0.397222 0.019271 0.024074
1 0.820833 0.175000 0.018750 0.042593
1 0.801823 0.163889 0.021354 0.044444
3 0.792188 0.230556 0.014583 0.016667
1 0.769010 0.105556 0.021354 0.042593
4 0.769792 0.148611 0.017708 0.019444
1 0.806510 0.116667 0.016146 0.037037
8 0.800260 0.129167 0.040104 0.065741
1 0.742188 0.065278 0.017708 0.034259
1 0.772917 0.072222 0.016667 0.037037
1 0.745833 0.035185 0.013542 0.031481
1 0.716667 0.025000 0.014583 0.031481
