8 0.142448 0.329167 0.047396 0.093519
5 0.119792 0.404167 0.027083 0.026852
5 0.132292 0.373148 0.034375 0.031481
8 0.152865 0.242593 0.042188 0.075926
5 0.179948 0.202315 0.016146 0.021296
5 0.217188 0.192130 0.019792 0.023148
8 0.193490 0.166204 0.033854 0.060185
8 0.224740 0.165278 0.039062 0.062037
8 0.210417 0.118519 0.030208 0.051852
8 0.244792 0.109722 0.033333 0.056481
8 0.279167 0.055556 0.043750 0.068519
5 0.269792 0.093056 0.015625 0.015741
9 0.354167 0.106481 0.044792 0.062963
8 0.439063 0.092593 0.040625 0.081481
5 0.388542 0.137037 0.017708 0.018519
5 0.359115 0.140741 0.018229 0.018519
8 0.397396 0.094444 0.043750 0.072222
9 0.391667 0.043056 0.035417 0.056481
8 0.432292 0.043519 0.040625 0.059259
8 0.470313 0.043056 0.037500 0.054630
8 0.480990 0.092130 0.053646 0.071296
8 0.511719 0.042130 0.032813 0.056481
8 0.546615 0.043056 0.042188 0.054630
9 0.567969 0.093056 0.042188 0.067593
5 0.492969 0.129630 0.020313 0.022222
5 0.533594 0.127315 0.019271 0.021296
9 0.590365 0.040278 0.042188 0.071296
5 0.613542 0.129630 0.018750 0.022222
8 0.653646 0.093981 0.043750 0.080556
8 0.706771 0.168519 0.060417 0.090741
8 0.646615 0.154167 0.052604 0.084259
8 0.573438 0.156019 0.059375 0.102778
3 0.635938 0.209722 0.012500 0.019444
5 0.510938 0.199074 0.023958 0.031481
5 0.418490 0.202315 0.022396 0.026852
8 0.402865 0.243519 0.071354 0.098148
8 0.467969 0.247685 0.054688 0.080556
5 0.396094 0.293519 0.030729 0.024074
9 0.529167 0.243519 0.077083 0.098148
5 0.529167 0.297685 0.029167 0.030556
9 0.694792 0.261574 0.059375 0.095370
5 0.710938 0.307870 0.044792 0.036111
8 0.752344 0.268981 0.064062 0.119444
8 0.773698 0.380093 0.058854 0.115741
9 0.718750 0.393519 0.065625 0.107407
8 0.657813 0.356019 0.064583 0.145370
8 0.587240 0.356944 0.078646 0.149074
5 0.460938 0.406019 0.039583 0.041667
5 0.531771 0.419444 0.030208 0.050000
5 0.369792 0.425926 0.037500 0.038889
8 0.322917 0.368056 0.086458 0.112037
9 0.252865 0.375926 0.059896 0.118519
9 0.201042 0.382407 0.060417 0.105556
9 0.148438 0.551852 0.072917 0.114815
5 0.132812 0.612500 0.026042 0.043519
5 0.184375 0.605556 0.034375 0.055556
8 0.217188 0.529630 0.069792 0.133333
8 0.269792 0.534259 0.082292 0.150000
8 0.430990 0.508796 0.081771 0.173148
8 0.672917 0.530556 0.088542 0.181481
9 0.816667 0.541204 0.082292 0.160185
8 0.966667 0.706019 0.064583 0.119444
4 0.983594 0.756019 0.017188 0.034259
5 0.988542 0.766667 0.017708 0.050000
8 0.902865 0.492593 0.067187 0.116667
9 0.858594 0.349537 0.052604 0.084259
8 0.899740 0.356019 0.041146 0.099074
8 0.781771 0.164815 0.045833 0.088889
8 0.822917 0.184259 0.032292 0.075926
8 0.732292 0.081019 0.040625 0.067593
8 0.713542 0.039352 0.030208 0.063889
5 0.921094 0.541204 0.024479 0.047222
5 0.455990 0.203704 0.030729 0.029630
8 0.091146 0.726389 0.060417 0.173148
8 0.145313 0.759722 0.108333 0.230556
5 0.125521 0.818056 0.029167 0.065741
5 0.288542 0.302778 0.027083 0.037037
8 0.748698 0.516204 0.078646 0.136111
5 0.763542 0.606481 0.036458 0.062963
8 0.759115 0.118056 0.040104 0.075000
8 0.744792 0.044907 0.030208 0.050926
1 0.130990 0.309722 0.022396 0.043519
1 0.143490 0.229167 0.017188 0.041667
1 0.188542 0.153704 0.017708 0.031481
1 0.217188 0.155093 0.016667 0.041667
1 0.204167 0.108333 0.015625 0.031481
1 0.237240 0.103241 0.017188 0.034259
4 0.239844 0.130556 0.015104 0.016667
2 0.275521 0.036574 0.018750 0.030556
3 0.266667 0.093056 0.010417 0.010185
1 0.354167 0.093981 0.019792 0.037963
1 0.395313 0.084259 0.022917 0.044444
1 0.393490 0.044907 0.018229 0.030556
1 0.431771 0.030556 0.015625 0.033333
1 0.435417 0.072685 0.020833 0.043519
1 0.468490 0.030556 0.017188 0.033333
1 0.479948 0.077778 0.021354 0.040741
4 0.355990 0.130556 0.015104 0.014815
4 0.388542 0.125463 0.019792 0.019444
3 0.432292 0.129167 0.011458 0.015741
4 0.479167 0.116204 0.019792 0.019444
1 0.512240 0.031019 0.017188 0.032407
5 0.514844 0.068056 0.028646 0.015741
1 0.546615 0.031019 0.018229 0.034259
6 0.544792 0.068056 0.026042 0.021296
0 0.595313 0.025463 0.018750 0.037963
4 0.593490 0.062963 0.017188 0.018519
5 0.607292 0.073611 0.020833 0.019444
8 0.636719 0.052778 0.039062 0.057407
1 0.641146 0.042593 0.017708 0.037037
1 0.652865 0.076852 0.020313 0.038889
1 0.568490 0.084259 0.021354 0.044444
1 0.705990 0.154167 0.022396 0.054630
5 0.667188 0.205093 0.038542 0.030556
1 0.652865 0.134722 0.023438 0.043519
3 0.551042 0.205093 0.011458 0.021296
6 0.576042 0.197222 0.035417 0.031481
1 0.569792 0.130556 0.025000 0.048148
1 0.355990 0.191204 0.025521 0.058333
8 0.349740 0.218519 0.065104 0.124074
1 0.399219 0.225000 0.026562 0.059259
4 0.398438 0.278241 0.028125 0.026852
1 0.466667 0.243519 0.032292 0.051852
1 0.536719 0.232407 0.027604 0.055556
4 0.462500 0.280556 0.021875 0.029630
4 0.529167 0.280556 0.021875 0.029630
1 0.702865 0.243056 0.028646 0.050926
4 0.698698 0.301389 0.019271 0.026852
1 0.760938 0.242130 0.028125 0.060185
1 0.787240 0.354630 0.027604 0.057407
4 0.780990 0.424074 0.022396 0.031481
7 0.715365 0.390278 0.033854 0.060185
0 0.660417 0.321759 0.030208 0.069444
4 0.665365 0.417130 0.026562 0.032407
1 0.595313 0.328704 0.033333 0.066667
4 0.593490 0.406019 0.023438 0.030556
1 0.313021 0.343981 0.034375 0.062037
1 0.245573 0.376852 0.031771 0.053704
1 0.194271 0.377315 0.026042 0.052778
4 0.193490 0.420833 0.020313 0.028704
4 0.252344 0.426389 0.029687 0.030556
4 0.312240 0.405093 0.038021 0.032407
1 0.135417 0.533333 0.029167 0.064815
4 0.140365 0.593056 0.023438 0.032407
2 0.229167 0.496759 0.034375 0.069444
4 0.191146 0.562037 0.020833 0.046296
4 0.255990 0.594444 0.024479 0.029630
1 0.264844 0.503704 0.033854 0.075926
4 0.079167 0.778241 0.021875 0.032407
1 0.080469 0.693056 0.031771 0.076852
1 0.112240 0.690741 0.039062 0.077778
6 0.144271 0.839815 0.034375 0.075926
2 0.421615 0.467130 0.047396 0.075000
4 0.446615 0.562037 0.023438 0.031481
6 0.424740 0.597685 0.061979 0.080556
1 0.689844 0.494444 0.043229 0.083333
1 0.663542 0.668056 0.043750 0.082407
8 0.671094 0.701389 0.095312 0.186111
5 0.710938 0.818519 0.050000 0.085185
4 0.685417 0.598148 0.023958 0.031481
1 0.838542 0.531019 0.036458 0.067593
1 0.768490 0.482407 0.036979 0.066667
4 0.831250 0.600926 0.025000 0.031481
5 0.826042 0.607407 0.035417 0.057407
4 0.925521 0.533333 0.018750 0.022222
4 0.865365 0.389815 0.016146 0.029630
1 0.904948 0.334722 0.021354 0.049074
1 0.873958 0.341667 0.023958 0.051852
4 0.901563 0.393519 0.017708 0.022222
1 0.821615 0.168519 0.019271 0.040741
1 0.793490 0.142593 0.021354 0.042593
1 0.769792 0.104167 0.020833 0.041667
1 0.743490 0.066204 0.018229 0.034259
1 0.716667 0.022685 0.014583 0.030556
1 0.746615 0.034722 0.014063 0.030556
