8 0.135937 0.343056 0.055208 0.082407
5 0.119792 0.404167 0.027083 0.026852
6 0.130469 0.374537 0.029687 0.032407
8 0.152865 0.242593 0.042188 0.075926
5 0.179948 0.202315 0.016146 0.021296
5 0.217188 0.192130 0.019792 0.023148
8 0.193490 0.166204 0.033854 0.060185
8 0.226042 0.161574 0.038542 0.060185
8 0.210417 0.118056 0.031250 0.056481
8 0.280990 0.058333 0.034896 0.066667
5 0.269792 0.093056 0.015625 0.015741
9 0.353646 0.107870 0.044792 0.063889
9 0.437240 0.106944 0.045312 0.049074
5 0.388542 0.139815 0.017708 0.016667
5 0.357292 0.141204 0.017708 0.017593
8 0.396615 0.096296 0.043229 0.072222
8 0.393490 0.051852 0.042188 0.061111
8 0.470313 0.043056 0.037500 0.054630
8 0.480990 0.091667 0.047396 0.066667
8 0.508594 0.040741 0.035937 0.057407
8 0.546615 0.043056 0.042188 0.056481
9 0.568490 0.094444 0.045312 0.064815
5 0.492969 0.129630 0.020313 0.022222
5 0.533594 0.127315 0.019271 0.021296
9 0.591667 0.044444 0.044792 0.057407
5 0.613542 0.129630 0.018750 0.022222
8 0.653646 0.094907 0.043750 0.080556
8 0.705990 0.170833 0.060937 0.087963
8 0.653646 0.161574 0.045833 0.093519
8 0.568490 0.156944 0.063021 0.093519
3 0.647396 0.207870 0.012500 0.019444
5 0.418490 0.202315 0.022396 0.026852
8 0.402865 0.243056 0.073438 0.102778
8 0.466667 0.233333 0.055208 0.100000
5 0.396094 0.294444 0.030729 0.024074
8 0.524740 0.225926 0.071354 0.138889
5 0.527865 0.294444 0.028646 0.035185
8 0.690365 0.243056 0.061979 0.121296
5 0.710938 0.313426 0.044792 0.036111
8 0.751042 0.268056 0.063542 0.119444
9 0.774740 0.385185 0.058854 0.105556
9 0.722917 0.393981 0.068750 0.112037
5 0.729167 0.441204 0.027083 0.043519
8 0.655990 0.358333 0.067187 0.153704
8 0.587240 0.356019 0.078646 0.149074
5 0.461198 0.406944 0.040104 0.037963
5 0.530990 0.418056 0.030729 0.047222
5 0.369792 0.425926 0.037500 0.038889
8 0.322917 0.367130 0.085417 0.106481
9 0.252344 0.374074 0.061979 0.116667
9 0.201042 0.387037 0.060417 0.105556
9 0.148438 0.553241 0.076042 0.102778
5 0.134115 0.606019 0.027604 0.050926
5 0.184375 0.605556 0.034375 0.055556
8 0.223438 0.493056 0.062500 0.171296
8 0.271615 0.530556 0.082812 0.150000
8 0.423698 0.515278 0.090104 0.154630
8 0.674740 0.536111 0.088021 0.181481
5 0.693490 0.623611 0.034896 0.056481
9 0.820573 0.537500 0.072396 0.156481
8 0.966667 0.706019 0.064583 0.119444
4 0.983594 0.756019 0.017188 0.034259
5 0.988542 0.766667 0.017708 0.050000
8 0.902865 0.492593 0.067187 0.116667
9 0.857812 0.356019 0.055208 0.087963
8 0.899740 0.356944 0.041146 0.099074
8 0.788542 0.180556 0.048958 0.077778
8 0.822917 0.189815 0.026042 0.072222
8 0.732292 0.080556 0.037500 0.068519
8 0.714063 0.035185 0.028125 0.055556
5 0.921094 0.541204 0.024479 0.047222
8 0.091146 0.726389 0.060417 0.173148
8 0.152344 0.718519 0.104688 0.175926
5 0.125521 0.818519 0.031250 0.070370
5 0.288021 0.303704 0.026042 0.035185
9 0.751042 0.543056 0.079167 0.117593
5 0.764323 0.605556 0.033854 0.057407
8 0.759375 0.120833 0.043750 0.076852
8 0.745313 0.048148 0.029167 0.053704
1 0.124219 0.331019 0.022396 0.049074
1 0.143490 0.229630 0.020313 0.038889
1 0.188542 0.153704 0.017708 0.033333
1 0.218490 0.153241 0.018229 0.041667
1 0.204687 0.109722 0.015625 0.030556
1 0.239063 0.100000 0.015625 0.031481
8 0.246615 0.111574 0.035937 0.056481
4 0.238021 0.130556 0.015625 0.016667
1 0.278385 0.043519 0.018229 0.031481
1 0.393490 0.040278 0.017188 0.036111
1 0.352865 0.095833 0.019271 0.039815
1 0.394271 0.086111 0.023958 0.044444
1 0.443490 0.106019 0.022396 0.037963
1 0.430990 0.033333 0.016146 0.035185
8 0.432292 0.045370 0.038542 0.059259
4 0.433594 0.068056 0.019271 0.015741
4 0.355990 0.129630 0.013021 0.016667
4 0.388542 0.125000 0.019792 0.018519
4 0.429688 0.124074 0.014583 0.022222
1 0.482292 0.078241 0.021875 0.039815
5 0.476042 0.129630 0.018750 0.027778
1 0.469792 0.033333 0.017708 0.033333
1 0.511719 0.031019 0.015104 0.034259
5 0.513542 0.068056 0.027083 0.021296
1 0.548698 0.033333 0.018229 0.035185
6 0.544792 0.068519 0.029167 0.025926
1 0.568490 0.086574 0.020313 0.039815
1 0.594792 0.038426 0.019792 0.037963
5 0.610938 0.078241 0.022917 0.017593
1 0.641667 0.039352 0.019792 0.037963
8 0.636719 0.051389 0.036979 0.056481
1 0.652865 0.077778 0.021354 0.040741
1 0.705469 0.155093 0.022396 0.047222
4 0.706771 0.201389 0.026042 0.026852
5 0.678646 0.208333 0.027083 0.027778
5 0.719792 0.218519 0.022917 0.020370
6 0.659115 0.200000 0.023438 0.042593
5 0.621615 0.203241 0.023438 0.026852
2 0.658594 0.137037 0.023438 0.046296
6 0.586719 0.196296 0.023438 0.035185
1 0.567187 0.140278 0.021875 0.052778
4 0.535417 0.281944 0.020833 0.034259
2 0.516146 0.185185 0.027083 0.055556
2 0.463542 0.212500 0.029167 0.056481
3 0.466667 0.283333 0.013542 0.025926
1 0.398438 0.220833 0.028125 0.060185
4 0.397917 0.279167 0.027083 0.026852
5 0.351042 0.305093 0.026042 0.045370
2 0.357292 0.185648 0.029167 0.056481
8 0.353646 0.220833 0.058333 0.130556
3 0.329688 0.301852 0.016667 0.024074
1 0.193490 0.378241 0.029687 0.054630
1 0.245312 0.378241 0.027083 0.050926
1 0.315365 0.352778 0.032813 0.064815
4 0.193490 0.425926 0.019271 0.025926
4 0.251563 0.425463 0.027083 0.032407
4 0.314844 0.399074 0.035937 0.035185
1 0.596094 0.325463 0.032813 0.069444
0 0.659115 0.318519 0.031771 0.072222
4 0.597917 0.414815 0.029167 0.035185
6 0.663542 0.431019 0.032292 0.045370
7 0.726042 0.403241 0.037500 0.058333
1 0.789844 0.375000 0.026562 0.055556
4 0.780208 0.421759 0.023958 0.030556
1 0.838021 0.528704 0.035417 0.070370
4 0.830469 0.600463 0.023438 0.030556
5 0.827344 0.607870 0.034896 0.054630
1 0.773438 0.533796 0.032292 0.065741
4 0.764323 0.590741 0.036979 0.037037
1 0.682292 0.500000 0.039583 0.081481
4 0.676823 0.605093 0.033854 0.041667
4 0.925000 0.537037 0.018750 0.022222
1 0.874219 0.342593 0.023438 0.050000
4 0.866667 0.391667 0.015625 0.025926
1 0.904687 0.337500 0.020833 0.052778
4 0.902865 0.396296 0.018229 0.022222
1 0.820312 0.174074 0.017708 0.042593
1 0.801042 0.164352 0.021875 0.043519
4 0.771094 0.149074 0.017188 0.018519
8 0.800000 0.127315 0.040625 0.062037
1 0.805990 0.116204 0.017188 0.036111
1 0.742188 0.065741 0.017708 0.033333
1 0.777083 0.075000 0.015625 0.033333
1 0.746615 0.036574 0.014063 0.030556
1 0.717708 0.023611 0.015625 0.030556
