8 0.136719 0.343056 0.049479 0.080556
5 0.120313 0.404630 0.027083 0.027778
8 0.151042 0.243056 0.042708 0.076852
8 0.193490 0.165741 0.032813 0.064815
5 0.180469 0.200926 0.016146 0.024074
8 0.227344 0.166204 0.040104 0.062037
5 0.217188 0.192130 0.021875 0.025000
8 0.211198 0.118519 0.031771 0.053704
8 0.246094 0.105556 0.033854 0.059259
8 0.282813 0.064815 0.034375 0.062963
5 0.367188 0.037037 0.014583 0.018519
8 0.394271 0.052778 0.040625 0.059259
9 0.438021 0.106019 0.044792 0.049074
9 0.353646 0.106481 0.042708 0.062963
8 0.394792 0.097222 0.042708 0.068519
8 0.432292 0.045833 0.039583 0.056481
8 0.469792 0.043519 0.037500 0.053704
8 0.509115 0.042593 0.034896 0.059259
5 0.476042 0.129167 0.019792 0.025000
5 0.534375 0.128241 0.018750 0.023148
8 0.548698 0.042593 0.043229 0.066667
9 0.591146 0.043056 0.043750 0.058333
8 0.637240 0.047685 0.036979 0.056481
8 0.652865 0.096759 0.044271 0.080556
9 0.567969 0.093056 0.045312 0.062037
5 0.613542 0.129630 0.020833 0.024074
8 0.704688 0.168519 0.055208 0.083333
8 0.655990 0.168519 0.044271 0.088889
5 0.622917 0.203241 0.023958 0.030556
3 0.647917 0.206019 0.015625 0.019444
5 0.455990 0.204630 0.033854 0.029630
5 0.418490 0.198611 0.026562 0.030556
5 0.287240 0.303241 0.026562 0.036111
4 0.399740 0.280093 0.026562 0.026852
9 0.469792 0.243519 0.054167 0.075926
8 0.524740 0.242593 0.067187 0.133333
4 0.537240 0.292593 0.020313 0.027778
8 0.696615 0.259722 0.060937 0.106481
8 0.752865 0.268519 0.056771 0.120370
9 0.773438 0.382407 0.059375 0.105556
9 0.720313 0.393056 0.066667 0.110185
8 0.655990 0.355556 0.065104 0.155556
8 0.589844 0.355556 0.080729 0.146296
6 0.663542 0.431019 0.031250 0.045370
5 0.532292 0.418056 0.030208 0.052778
5 0.461719 0.406481 0.040104 0.044444
5 0.369792 0.422685 0.039583 0.043519
8 0.322917 0.368056 0.084375 0.106481
9 0.255990 0.377315 0.053646 0.113889
9 0.199740 0.391204 0.060937 0.104630
5 0.194792 0.604630 0.033333 0.061111
8 0.249219 0.480556 0.098437 0.203704
8 0.429688 0.506019 0.072917 0.145370
5 0.423438 0.603241 0.061458 0.069444
8 0.752344 0.531019 0.074479 0.110185
8 0.819271 0.535185 0.071875 0.155556
5 0.763542 0.606481 0.033333 0.055556
8 0.714063 0.031019 0.027083 0.052778
8 0.743490 0.042593 0.026562 0.044444
9 0.732292 0.079630 0.040625 0.064815
8 0.766667 0.072222 0.035417 0.068519
8 0.801042 0.130556 0.040625 0.064815
8 0.821094 0.186111 0.026562 0.068519
9 0.855469 0.353704 0.058854 0.081481
8 0.901563 0.355556 0.039583 0.101852
8 0.969271 0.706019 0.060417 0.097222
5 0.351042 0.306019 0.027083 0.047222
8 0.480990 0.091204 0.049479 0.063889
5 0.493490 0.129630 0.020313 0.024074
5 0.514844 0.068056 0.029687 0.021296
8 0.569271 0.156019 0.065625 0.084259
8 0.352865 0.222685 0.057813 0.130556
8 0.402865 0.243519 0.071354 0.105556
8 0.676042 0.531481 0.084375 0.181481
5 0.694792 0.628241 0.034375 0.058333
5 0.711719 0.818056 0.054688 0.093519
8 0.090365 0.756019 0.060937 0.225000
8 0.159896 0.742593 0.098958 0.151852
5 0.144792 0.839352 0.036458 0.075000
5 0.124740 0.818519 0.029687 0.059259
8 0.903646 0.491204 0.067708 0.113889
8 0.786719 0.180556 0.048438 0.075926
8 0.759896 0.118981 0.041667 0.076852
5 0.679688 0.207870 0.022917 0.030556
5 0.719271 0.216667 0.023958 0.029630
1 0.123438 0.331481 0.021875 0.048148
4 0.127865 0.368056 0.017188 0.025000
1 0.143490 0.228704 0.018229 0.042593
1 0.188542 0.153704 0.015625 0.029630
1 0.218490 0.154630 0.017188 0.040741
1 0.204167 0.108333 0.013542 0.031481
1 0.240365 0.093519 0.015104 0.031481
4 0.204167 0.139352 0.015625 0.015741
4 0.237240 0.129630 0.016146 0.014815
1 0.274740 0.048611 0.016146 0.030556
1 0.394271 0.041204 0.014583 0.032407
1 0.431771 0.032407 0.014583 0.031481
1 0.354167 0.093519 0.017708 0.037037
1 0.393490 0.084259 0.020313 0.044444
4 0.354167 0.129167 0.014583 0.019444
5 0.358594 0.141204 0.017188 0.023148
4 0.388542 0.124074 0.020833 0.018519
1 0.443490 0.104167 0.020313 0.039815
4 0.429688 0.122685 0.014583 0.030556
4 0.433594 0.068519 0.017188 0.016667
4 0.467969 0.059722 0.020313 0.019444
1 0.468490 0.030556 0.015104 0.031481
1 0.482292 0.079167 0.020833 0.037963
2 0.513021 0.029630 0.017708 0.033333
1 0.551042 0.027778 0.016667 0.035185
6 0.547396 0.068056 0.029167 0.025000
1 0.596094 0.035185 0.017188 0.042593
4 0.597396 0.065278 0.017708 0.017593
5 0.610938 0.074537 0.020833 0.019444
1 0.641146 0.031944 0.015625 0.036111
1 0.654167 0.076852 0.017708 0.040741
1 0.705469 0.154167 0.020313 0.047222
1 0.662240 0.143056 0.020313 0.043519
6 0.662240 0.204630 0.021354 0.027778
4 0.702865 0.201389 0.017188 0.023148
1 0.572396 0.139352 0.023958 0.049074
1 0.569792 0.085185 0.020833 0.042593
4 0.572917 0.185648 0.023958 0.019444
5 0.587240 0.206019 0.022396 0.026852
1 0.518490 0.206019 0.026562 0.058333
1 0.469271 0.234722 0.029167 0.056481
4 0.464323 0.280093 0.021354 0.030556
1 0.399740 0.218056 0.026562 0.058333
3 0.329688 0.298148 0.016667 0.031481
0 0.355990 0.187500 0.025521 0.056481
1 0.193490 0.381019 0.029687 0.050926
4 0.193490 0.427315 0.020313 0.028704
1 0.246615 0.377315 0.026562 0.050926
4 0.251563 0.423611 0.027083 0.030556
1 0.315365 0.351389 0.029687 0.062037
4 0.315365 0.401852 0.031771 0.035185
1 0.597917 0.326852 0.031250 0.062963
4 0.597917 0.413889 0.029167 0.035185
0 0.660417 0.318519 0.029167 0.070370
7 0.726042 0.403704 0.035417 0.059259
1 0.788542 0.373148 0.027083 0.055556
4 0.780990 0.418519 0.021354 0.033333
1 0.838542 0.521759 0.034375 0.069444
4 0.829688 0.593519 0.026042 0.046296
4 0.762240 0.581019 0.029687 0.047222
1 0.772917 0.530556 0.032292 0.066667
1 0.694792 0.491204 0.037500 0.078704
4 0.676042 0.603241 0.035417 0.041667
1 0.422396 0.472685 0.033333 0.080556
4 0.423438 0.556019 0.028125 0.032407
2 0.221094 0.418056 0.039062 0.075000
4 0.209115 0.518056 0.025521 0.049074
8 0.170313 0.502315 0.098958 0.162037
1 0.139844 0.468519 0.035937 0.062963
9 0.144271 0.554630 0.067708 0.112963
0 0.132292 0.528704 0.030208 0.053704
4 0.139063 0.593519 0.025000 0.040741
1 0.079167 0.702315 0.034375 0.076852
1 0.132292 0.718519 0.039583 0.079630
4 0.124740 0.793519 0.024479 0.042593
4 0.925521 0.534259 0.019792 0.018519
1 0.923698 0.468519 0.024479 0.057407
4 0.867188 0.386111 0.017708 0.031481
1 0.874219 0.341667 0.021354 0.051852
1 0.904167 0.330556 0.020833 0.051852
1 0.705990 0.242130 0.026562 0.050926
4 0.698438 0.302778 0.018750 0.029630
5 0.718490 0.309259 0.027604 0.044444
1 0.760938 0.242130 0.029167 0.056481
4 0.759115 0.318056 0.026562 0.026852
1 0.819792 0.168519 0.019792 0.038889
1 0.801042 0.162037 0.020833 0.044444
3 0.792448 0.230556 0.016146 0.018519
1 0.769792 0.105093 0.018750 0.039815
4 0.769792 0.145833 0.016667 0.019444
1 0.807292 0.116667 0.015625 0.037037
1 0.742188 0.066204 0.017708 0.032407
0 0.765365 0.055093 0.015104 0.032407
1 0.718490 0.019907 0.014063 0.030556
1 0.746615 0.033333 0.013021 0.031481
9 0.367188 0.021296 0.035417 0.040741
