5 0.730990 0.843056 0.050521 0.087963
4 0.689323 0.818519 0.044271 0.050000
1 0.694792 0.732407 0.037500 0.068519
8 0.672396 0.756019 0.118750 0.165741
4 0.830990 0.606019 0.017188 0.025000
5 0.832292 0.616204 0.036458 0.041667
5 0.766146 0.610185 0.035417 0.055556
5 0.696094 0.618056 0.059896 0.067593
3 0.639844 0.601852 0.014063 0.035185
4 0.601042 0.581019 0.019792 0.045370
6 0.612240 0.593056 0.056771 0.062037
1 0.685417 0.509722 0.038542 0.069444
8 0.682292 0.530556 0.079167 0.129630
1 0.632292 0.493056 0.034375 0.075000
8 0.610417 0.518056 0.101042 0.143519
1 0.773698 0.518519 0.030729 0.061111
8 0.752865 0.531019 0.072396 0.117593
1 0.835417 0.531019 0.029167 0.063889
8 0.823698 0.543519 0.072396 0.148148
4 0.982292 0.752778 0.025000 0.038889
8 0.966667 0.706019 0.066667 0.112037
4 0.927865 0.543519 0.019271 0.020370
5 0.923438 0.543056 0.023958 0.045370
8 0.907292 0.497222 0.064583 0.118519
3 0.729167 0.433333 0.020833 0.018519
4 0.589063 0.408333 0.020833 0.031481
3 0.647917 0.430556 0.017708 0.027778
1 0.658594 0.380556 0.029687 0.051852
7 0.655990 0.368056 0.066146 0.123148
1 0.732292 0.390278 0.027083 0.062037
7 0.721615 0.376389 0.061979 0.099074
4 0.780990 0.426852 0.025521 0.027778
1 0.783594 0.339815 0.024479 0.053704
8 0.777865 0.370833 0.058854 0.130556
4 0.908073 0.393056 0.016146 0.019444
4 0.864844 0.385648 0.018229 0.019444
1 0.905990 0.330556 0.019271 0.046296
1 0.859115 0.315741 0.020313 0.042593
8 0.896615 0.355556 0.042188 0.100000
8 0.852344 0.343519 0.050521 0.103704
5 0.696615 0.305556 0.022396 0.033333
5 0.672917 0.305556 0.029167 0.031481
2 0.765365 0.190741 0.023438 0.055556
8 0.748698 0.230556 0.068229 0.148148
1 0.832292 0.216667 0.020833 0.042593
1 0.867969 0.239352 0.016146 0.037963
8 0.857292 0.254630 0.034375 0.072222
8 0.814063 0.238889 0.057292 0.087037
2 0.689063 0.205556 0.028125 0.046296
8 0.694792 0.240741 0.048958 0.112963
3 0.534115 0.287037 0.014063 0.018519
5 0.532292 0.291667 0.026042 0.031481
1 0.540365 0.218056 0.027604 0.047222
1 0.657813 0.141204 0.021875 0.043519
5 0.614844 0.193519 0.019271 0.024074
5 0.638542 0.204167 0.022917 0.025000
5 0.663542 0.214352 0.037500 0.036111
4 0.708594 0.202778 0.022396 0.020370
0 0.702865 0.143056 0.020313 0.041667
8 0.703125 0.166667 0.056250 0.085185
8 0.656771 0.161111 0.040625 0.081481
1 0.612240 0.110185 0.020313 0.044444
8 0.615365 0.138889 0.042188 0.100000
2 0.580469 0.134722 0.021354 0.043519
4 0.573438 0.193519 0.022917 0.018519
8 0.571875 0.155556 0.065625 0.090741
1 0.802865 0.164815 0.017188 0.037037
1 0.824740 0.157407 0.018229 0.037037
8 0.794792 0.181019 0.039583 0.084259
1 0.804688 0.114352 0.013542 0.034259
1 0.771094 0.100926 0.014063 0.037037
8 0.799740 0.125926 0.031771 0.061111
8 0.763542 0.118981 0.045833 0.080556
1 0.749219 0.026852 0.011979 0.027778
8 0.744792 0.035648 0.023958 0.054630
1 0.746615 0.072222 0.014063 0.031481
9 0.739844 0.080556 0.032813 0.044444
1 0.718490 0.021759 0.014063 0.030556
8 0.715365 0.032870 0.029687 0.052778
8 0.700521 0.017593 0.028125 0.033333
8 0.671615 0.022685 0.028646 0.043519
1 0.655990 0.077778 0.020313 0.038889
8 0.654167 0.093519 0.052083 0.075926
1 0.637240 0.043056 0.014063 0.026852
1 0.601042 0.043519 0.016667 0.031481
8 0.637240 0.055093 0.039062 0.045370
8 0.594792 0.047222 0.044792 0.055556
5 0.602865 0.078241 0.035937 0.019444
1 0.653646 0.012963 0.015625 0.024074
1 0.613542 0.010185 0.015625 0.018519
8 0.647917 0.022685 0.038542 0.043519
8 0.609115 0.018519 0.038021 0.035185
3 0.562500 0.293519 0.009375 0.018519
1 0.509115 0.131019 0.022396 0.045370
8 0.508594 0.147222 0.047396 0.081481
8 0.497917 0.415741 0.033333 0.022222
1 0.504167 0.318056 0.026042 0.062037
8 0.510417 0.356019 0.068750 0.134259
4 0.412240 0.581019 0.030729 0.030556
5 0.432292 0.609259 0.058333 0.044444
1 0.595313 0.352315 0.029167 0.058333
6 0.577865 0.418056 0.029687 0.043519
8 0.585417 0.356481 0.077083 0.133333
1 0.413542 0.505556 0.030208 0.079630
8 0.427865 0.530556 0.079687 0.137037
4 0.354167 0.604630 0.027083 0.029630
2 0.358073 0.480556 0.033854 0.068519
8 0.352865 0.531019 0.070312 0.176852
4 0.260417 0.631019 0.023958 0.039815
3 0.199740 0.593519 0.016146 0.029630
5 0.200521 0.605556 0.033333 0.055556
1 0.262240 0.568056 0.031771 0.062037
9 0.269792 0.581019 0.094792 0.117593
1 0.202865 0.493056 0.029687 0.060185
8 0.218490 0.518519 0.070312 0.127778
5 0.452865 0.404630 0.050521 0.048148
5 0.388542 0.418519 0.050000 0.044444
1 0.451042 0.305556 0.025000 0.057407
8 0.452865 0.330556 0.061979 0.116667
2 0.387240 0.296759 0.030729 0.069444
4 0.371094 0.379167 0.032813 0.030556
8 0.385417 0.332870 0.084375 0.139815
4 0.298698 0.426852 0.034896 0.027778
1 0.301042 0.341667 0.029167 0.059259
8 0.311198 0.370370 0.075521 0.125926
4 0.246615 0.418056 0.032813 0.026852
1 0.241667 0.347685 0.028125 0.056481
8 0.252344 0.368519 0.056771 0.109259
1 0.468490 0.243056 0.023438 0.054630
9 0.466667 0.243519 0.062500 0.079630
1 0.404167 0.221759 0.027083 0.056481
8 0.406771 0.252315 0.069792 0.102778
6 0.348698 0.281019 0.046354 0.037963
1 0.338542 0.218519 0.026042 0.051852
8 0.340365 0.243519 0.071354 0.105556
5 0.285938 0.299537 0.026042 0.030556
4 0.233073 0.317130 0.021354 0.021296
1 0.234115 0.243519 0.023438 0.048148
8 0.243490 0.268056 0.066146 0.102778
4 0.271615 0.216667 0.021354 0.016667
6 0.309115 0.218056 0.039062 0.025000
1 0.263021 0.180556 0.022917 0.040741
2 0.291667 0.160185 0.025000 0.044444
9 0.263542 0.193056 0.041667 0.073148
8 0.304688 0.183333 0.050000 0.094444
1 0.351042 0.168519 0.017708 0.038889
9 0.355469 0.168056 0.046354 0.063889
5 0.240365 0.443519 0.031771 0.035185
3 0.390365 0.204167 0.008854 0.015741
5 0.405469 0.195833 0.022396 0.019444
2 0.409115 0.131019 0.024479 0.045370
8 0.404167 0.153704 0.056250 0.094444
1 0.446615 0.127778 0.022396 0.042593
4 0.446615 0.197685 0.029687 0.019444
8 0.451042 0.155556 0.059375 0.109259
4 0.145573 0.598611 0.018229 0.034259
1 0.134115 0.556019 0.029687 0.052778
8 0.145573 0.559259 0.071354 0.094444
4 0.187240 0.424074 0.022396 0.031481
1 0.189844 0.379630 0.029687 0.048148
8 0.199219 0.387037 0.056771 0.105556
6 0.120573 0.393056 0.030729 0.034259
3 0.141667 0.378704 0.012500 0.016667
1 0.110417 0.319907 0.018750 0.043519
8 0.130469 0.340741 0.061979 0.083333
5 0.174740 0.268519 0.017188 0.025926
0 0.149740 0.192593 0.017188 0.037037
1 0.172917 0.197222 0.018750 0.044444
8 0.185938 0.218056 0.046875 0.086111
8 0.154688 0.219907 0.034375 0.099074
5 0.217969 0.191667 0.018229 0.020370
1 0.209115 0.143519 0.018229 0.031481
8 0.222917 0.155556 0.044792 0.059259
1 0.182292 0.156019 0.017708 0.030556
8 0.189844 0.165278 0.032813 0.054630
1 0.552865 0.029630 0.016146 0.035185
8 0.548438 0.043519 0.042708 0.061111
6 0.512240 0.068519 0.022396 0.016667
1 0.510417 0.019444 0.015625 0.029630
8 0.509896 0.038426 0.040625 0.069444
4 0.467969 0.063426 0.018229 0.013889
1 0.469792 0.023148 0.016667 0.031481
8 0.471615 0.036111 0.042188 0.055556
1 0.427344 0.035185 0.014063 0.031481
8 0.429688 0.043981 0.040625 0.047222
5 0.432292 0.075926 0.022917 0.011111
1 0.342969 0.110648 0.022396 0.030556
7 0.352344 0.108333 0.042188 0.055556
1 0.393490 0.078241 0.021354 0.037963
8 0.395573 0.092593 0.050521 0.075926
4 0.385417 0.130556 0.020833 0.016667
1 0.205990 0.108333 0.017188 0.031481
8 0.211719 0.118056 0.034896 0.045370
1 0.232292 0.097222 0.017708 0.031481
8 0.241667 0.109259 0.033333 0.050000
1 0.272396 0.068519 0.014583 0.025926
9 0.277865 0.071296 0.042188 0.044444
1 0.301563 0.020833 0.013542 0.019444
1 0.276042 0.033333 0.016667 0.031481
8 0.309115 0.031019 0.032813 0.050926
9 0.279167 0.041667 0.032292 0.040741
8 0.371615 0.018519 0.033854 0.035185
8 0.404167 0.018056 0.032292 0.034259
8 0.534115 0.233333 0.068229 0.094444
8 0.480990 0.093056 0.048438 0.060185
5 0.482292 0.131019 0.019792 0.025000
1 0.487240 0.083333 0.020313 0.038889
9 0.521615 0.097222 0.054688 0.068519
1 0.529167 0.089352 0.020833 0.039815
9 0.569271 0.092593 0.048958 0.070370
1 0.565365 0.081944 0.020313 0.037963
4 0.568490 0.118519 0.013021 0.022222
1 0.926562 0.468519 0.025000 0.061111
