8 0.137240 0.343056 0.056771 0.086111
4 0.142448 0.363889 0.016146 0.035185
5 0.120313 0.404630 0.027083 0.027778
8 0.152865 0.237037 0.044271 0.094444
8 0.193490 0.165741 0.032813 0.064815
5 0.180469 0.200926 0.016146 0.024074
8 0.227865 0.161111 0.040104 0.059259
5 0.217188 0.192130 0.021875 0.025000
8 0.210417 0.118056 0.032292 0.056481
8 0.243490 0.110648 0.036979 0.056481
8 0.279167 0.058796 0.034375 0.050926
5 0.367188 0.039352 0.014583 0.015741
8 0.394271 0.054167 0.038542 0.060185
9 0.439063 0.108796 0.044792 0.049074
9 0.352865 0.106019 0.043229 0.065741
9 0.396094 0.097222 0.042188 0.068519
8 0.432292 0.047222 0.039583 0.055556
8 0.469792 0.042593 0.037500 0.053704
8 0.509115 0.042593 0.035937 0.057407
5 0.476042 0.129167 0.019792 0.025000
5 0.534375 0.128241 0.018750 0.023148
8 0.546615 0.043519 0.044271 0.061111
9 0.591667 0.043056 0.041667 0.054630
9 0.635938 0.055093 0.038542 0.049074
8 0.654948 0.096759 0.044271 0.080556
9 0.567969 0.095833 0.045312 0.062037
5 0.614062 0.129630 0.020833 0.024074
8 0.705990 0.170370 0.054688 0.083333
8 0.652865 0.156019 0.044271 0.087963
5 0.622917 0.203241 0.023958 0.030556
3 0.647396 0.206944 0.015625 0.019444
5 0.455990 0.204630 0.033854 0.029630
5 0.418490 0.199537 0.026562 0.030556
5 0.287240 0.303241 0.028646 0.036111
4 0.399740 0.280093 0.026562 0.026852
9 0.466667 0.246759 0.053125 0.069444
8 0.526563 0.239352 0.070833 0.102778
5 0.529167 0.297685 0.030208 0.030556
8 0.696615 0.270370 0.060937 0.112963
8 0.751042 0.266204 0.057292 0.125000
9 0.772396 0.384722 0.057292 0.100926
9 0.720313 0.393981 0.066667 0.110185
8 0.656771 0.358333 0.063542 0.151852
8 0.589844 0.356481 0.080729 0.146296
6 0.663542 0.431019 0.031250 0.045370
5 0.531771 0.420833 0.030208 0.052778
5 0.461719 0.408333 0.040104 0.044444
5 0.369792 0.423611 0.039583 0.043519
8 0.322917 0.370370 0.083333 0.109259
9 0.251563 0.374074 0.060417 0.109259
9 0.197135 0.382870 0.058854 0.100926
5 0.194792 0.604630 0.033333 0.061111
8 0.197917 0.497685 0.080208 0.175000
5 0.260417 0.618056 0.038542 0.073148
8 0.427344 0.512500 0.076563 0.143519
5 0.423438 0.603241 0.061458 0.069444
8 0.752865 0.535648 0.077604 0.106481
8 0.818490 0.542593 0.073438 0.170370
5 0.763542 0.606944 0.033333 0.056481
8 0.713542 0.036574 0.029167 0.060185
8 0.746094 0.044444 0.028646 0.051852
9 0.732292 0.080556 0.040625 0.064815
8 0.803125 0.130556 0.034375 0.057407
8 0.818490 0.192130 0.032813 0.060185
9 0.854948 0.352315 0.056771 0.102778
8 0.899219 0.354167 0.039062 0.086111
8 0.969792 0.708333 0.060417 0.094444
5 0.369271 0.320370 0.026042 0.042593
8 0.482292 0.091204 0.051042 0.067593
5 0.493490 0.129630 0.020313 0.024074
6 0.516146 0.067130 0.026042 0.019444
8 0.564844 0.150926 0.057813 0.105556
8 0.349219 0.243056 0.064062 0.136111
8 0.407813 0.242593 0.069792 0.101852
8 0.674740 0.534259 0.080729 0.174074
5 0.694792 0.624537 0.034375 0.056481
8 0.089063 0.725463 0.066667 0.156481
8 0.154167 0.753241 0.094792 0.169444
5 0.144792 0.839352 0.036458 0.075000
5 0.122396 0.829630 0.026042 0.044444
8 0.905990 0.496759 0.067187 0.110185
8 0.784115 0.174074 0.040104 0.085185
8 0.760938 0.118981 0.041667 0.076852
5 0.679688 0.209722 0.022917 0.030556
5 0.719271 0.216667 0.023958 0.029630
1 0.074740 0.708333 0.041146 0.075926
4 0.092188 0.783333 0.031250 0.037037
1 0.125521 0.719444 0.037500 0.077778
8 0.124740 0.513426 0.067187 0.163889
1 0.108594 0.465278 0.027604 0.063889
5 0.136198 0.606019 0.030729 0.058333
3 0.137240 0.606019 0.019271 0.037963
1 0.188542 0.456019 0.032292 0.069444
4 0.208594 0.543519 0.026562 0.031481
1 0.123438 0.324074 0.023958 0.044444
5 0.131771 0.374074 0.035417 0.042593
1 0.147917 0.213426 0.020833 0.043519
4 0.157292 0.268519 0.012500 0.027778
1 0.188542 0.149537 0.014583 0.030556
4 0.188542 0.181944 0.014583 0.015741
1 0.221615 0.153704 0.016146 0.038889
1 0.205469 0.109259 0.015104 0.031481
4 0.204948 0.139352 0.016146 0.015741
1 0.233594 0.100926 0.014063 0.031481
2 0.270313 0.047222 0.014583 0.031481
5 0.268490 0.093519 0.017188 0.018519
1 0.396615 0.042130 0.015104 0.032407
1 0.431771 0.034259 0.014583 0.031481
1 0.354167 0.093056 0.017708 0.036111
1 0.394792 0.087500 0.022917 0.043519
4 0.354167 0.130093 0.013542 0.017593
5 0.358594 0.140741 0.019271 0.022222
5 0.391146 0.133796 0.020833 0.025000
3 0.391667 0.130556 0.014583 0.012963
1 0.444271 0.105556 0.020833 0.037037
4 0.429688 0.126389 0.014583 0.025000
4 0.432812 0.068056 0.018750 0.017593
1 0.482292 0.078704 0.020833 0.038889
4 0.485417 0.114815 0.015625 0.016667
1 0.470313 0.031944 0.014583 0.032407
1 0.515365 0.030556 0.015104 0.033333
1 0.538542 0.030556 0.017708 0.033333
6 0.540365 0.068519 0.024479 0.024074
1 0.598698 0.034259 0.018229 0.037037
4 0.595313 0.061574 0.016667 0.019444
5 0.612240 0.075926 0.021354 0.018519
1 0.569271 0.083796 0.019792 0.037963
1 0.637500 0.048148 0.015625 0.031481
1 0.660417 0.078704 0.019792 0.040741
1 0.652865 0.134722 0.021354 0.043519
5 0.587240 0.206019 0.023438 0.032407
1 0.702865 0.153704 0.020313 0.044444
1 0.554167 0.121296 0.023958 0.048148
4 0.568490 0.190741 0.018229 0.022222
5 0.509115 0.197222 0.023438 0.031481
1 0.525521 0.218056 0.027083 0.058333
3 0.526042 0.296296 0.013542 0.025926
4 0.527865 0.276852 0.029687 0.024074
1 0.466667 0.242130 0.028125 0.052778
4 0.464323 0.279167 0.018229 0.034259
1 0.404167 0.218981 0.026042 0.056481
1 0.349219 0.208333 0.024479 0.061111
6 0.353646 0.280556 0.033333 0.042593
1 0.189062 0.379630 0.028125 0.051852
1 0.246094 0.378704 0.028646 0.053704
4 0.252083 0.422685 0.028125 0.037963
1 0.315365 0.352315 0.028646 0.063889
4 0.314844 0.403704 0.032813 0.035185
1 0.595313 0.329167 0.030208 0.058333
4 0.596615 0.416204 0.027604 0.034259
0 0.660417 0.318056 0.028125 0.067593
3 0.644792 0.432407 0.016667 0.035185
7 0.724740 0.400926 0.034896 0.055556
4 0.780990 0.421759 0.024479 0.026852
1 0.787240 0.374537 0.026562 0.054630
1 0.836719 0.519444 0.032813 0.072222
4 0.760417 0.587500 0.026042 0.043519
1 0.685937 0.512037 0.037500 0.079630
4 0.679167 0.602778 0.029167 0.038889
1 0.773438 0.524537 0.031250 0.067593
4 0.829167 0.603704 0.022917 0.046296
1 0.423698 0.486111 0.031771 0.081481
4 0.422396 0.568056 0.033333 0.032407
4 0.130990 0.804167 0.035937 0.052778
8 0.679688 0.758796 0.109375 0.213889
1 0.704688 0.701389 0.040625 0.080556
4 0.985938 0.750000 0.017708 0.044444
1 0.926562 0.477778 0.023958 0.053704
4 0.926562 0.540278 0.020833 0.030556
1 0.869792 0.326389 0.020833 0.049074
4 0.870573 0.389352 0.016146 0.025000
1 0.902865 0.332407 0.019271 0.046296
1 0.759115 0.231944 0.026562 0.060185
4 0.759115 0.312037 0.027604 0.031481
1 0.705469 0.243056 0.025521 0.050926
4 0.698438 0.298148 0.021875 0.031481
1 0.817969 0.181019 0.017188 0.039815
3 0.792448 0.230556 0.015104 0.018519
0 0.794792 0.150463 0.018750 0.037963
1 0.769792 0.103241 0.019792 0.041667
1 0.807813 0.119444 0.014583 0.037037
4 0.771094 0.147222 0.017188 0.018519
1 0.743490 0.065741 0.016146 0.031481
1 0.747396 0.034259 0.012500 0.031481
0 0.716667 0.022222 0.012500 0.031481
9 0.366146 0.021759 0.037500 0.041667
