9 0.137240 0.343519 0.058854 0.074074
4 0.143490 0.367593 0.019271 0.031481
5 0.120313 0.404630 0.027083 0.027778
8 0.152865 0.239815 0.041146 0.085185
8 0.193490 0.165741 0.032813 0.064815
5 0.180469 0.200926 0.016146 0.024074
8 0.227344 0.157870 0.040104 0.062037
5 0.217188 0.192130 0.021875 0.025000
8 0.210417 0.118056 0.032292 0.054630
8 0.246094 0.101389 0.034896 0.073148
8 0.276042 0.064815 0.038542 0.053704
5 0.368490 0.037500 0.013021 0.019444
8 0.395573 0.055093 0.036979 0.058333
9 0.438021 0.108796 0.044792 0.049074
8 0.357292 0.092593 0.041667 0.092593
9 0.396094 0.098148 0.042188 0.068519
8 0.432292 0.047222 0.039583 0.055556
8 0.469792 0.042593 0.037500 0.053704
8 0.509115 0.043519 0.035937 0.055556
5 0.476042 0.129167 0.019792 0.025000
5 0.534375 0.128241 0.018750 0.023148
8 0.546094 0.041667 0.043229 0.066667
9 0.591667 0.043056 0.043750 0.058333
9 0.635938 0.056019 0.039583 0.050926
8 0.654167 0.095833 0.043750 0.086111
9 0.567969 0.093056 0.045312 0.062037
5 0.613542 0.129630 0.020833 0.024074
8 0.707292 0.172685 0.055208 0.080556
8 0.657813 0.169907 0.057292 0.071296
5 0.622917 0.203241 0.023958 0.030556
3 0.648438 0.206019 0.015625 0.019444
5 0.455990 0.204630 0.033854 0.029630
5 0.418490 0.199537 0.026562 0.030556
5 0.288021 0.304167 0.028125 0.034259
4 0.405469 0.277315 0.026562 0.026852
9 0.467969 0.247222 0.051562 0.068519
8 0.529948 0.243056 0.075521 0.097222
3 0.522917 0.296296 0.013542 0.024074
8 0.696615 0.268056 0.059896 0.108333
8 0.751042 0.267593 0.057292 0.127778
9 0.773438 0.385185 0.059375 0.105556
9 0.718490 0.394444 0.063021 0.109259
8 0.657292 0.361574 0.061458 0.156481
8 0.590365 0.355556 0.080729 0.146296
6 0.663542 0.430556 0.031250 0.051852
5 0.532292 0.418056 0.030208 0.052778
5 0.461719 0.408333 0.040104 0.044444
8 0.321615 0.369444 0.086979 0.103704
9 0.251563 0.377315 0.061458 0.108333
9 0.199219 0.386574 0.058854 0.106481
5 0.194271 0.605556 0.033333 0.061111
8 0.344271 0.501389 0.077083 0.169444
5 0.259115 0.618519 0.038021 0.074074
8 0.417969 0.512500 0.101562 0.143519
5 0.423438 0.603241 0.061458 0.069444
8 0.752344 0.531019 0.078646 0.113889
9 0.821094 0.537500 0.075521 0.156481
5 0.763542 0.609722 0.033333 0.056481
8 0.714063 0.031019 0.027083 0.052778
8 0.741667 0.043056 0.026042 0.049074
8 0.732292 0.077778 0.040625 0.064815
8 0.793490 0.120370 0.032813 0.061111
8 0.829167 0.193519 0.044792 0.077778
8 0.854688 0.344444 0.056250 0.107407
8 0.899740 0.360185 0.042188 0.105556
8 0.969792 0.706944 0.060417 0.095370
8 0.482292 0.091204 0.051042 0.067593
5 0.493490 0.129630 0.020313 0.024074
6 0.515365 0.068519 0.024479 0.022222
8 0.568490 0.155556 0.059896 0.083333
8 0.351042 0.243519 0.061458 0.142593
8 0.408073 0.241204 0.068229 0.100926
8 0.676042 0.532407 0.082292 0.172222
5 0.711719 0.818056 0.054688 0.093519
8 0.090365 0.737037 0.067187 0.231481
8 0.155990 0.752315 0.098437 0.165741
5 0.143490 0.852315 0.038021 0.058333
5 0.123438 0.831019 0.026042 0.041667
8 0.904687 0.493981 0.066667 0.108333
8 0.788542 0.170370 0.041667 0.077778
8 0.760938 0.118981 0.041667 0.076852
5 0.679688 0.209722 0.022917 0.030556
5 0.719271 0.216667 0.023958 0.029630
1 0.076563 0.657407 0.031250 0.072222
6 0.087240 0.838889 0.038021 0.061111
3 0.090365 0.799537 0.018229 0.043519
4 0.130990 0.805556 0.038021 0.053704
1 0.126042 0.718519 0.038542 0.085185
9 0.150521 0.555556 0.063542 0.085185
1 0.132292 0.562500 0.027083 0.056481
3 0.135417 0.605556 0.018750 0.037037
5 0.134896 0.610648 0.030208 0.054630
5 0.127865 0.376852 0.026562 0.035185
1 0.127865 0.331944 0.021354 0.047222
1 0.147396 0.218519 0.020833 0.042593
3 0.157292 0.278704 0.013542 0.022222
1 0.188542 0.150926 0.014583 0.031481
1 0.220573 0.151389 0.016146 0.039815
1 0.205469 0.109722 0.014063 0.030556
0 0.243490 0.080556 0.014063 0.031481
2 0.264844 0.055093 0.015104 0.030556
5 0.269792 0.093056 0.017708 0.015741
4 0.204948 0.137500 0.015104 0.019444
1 0.276562 0.031019 0.014583 0.030556
9 0.279167 0.037500 0.020833 0.043519
8 0.305990 0.031019 0.034896 0.060185
0 0.305990 0.014815 0.014063 0.027778
1 0.357292 0.065741 0.015625 0.037037
4 0.356771 0.129630 0.012500 0.018519
4 0.390365 0.125463 0.018229 0.019444
1 0.395313 0.040741 0.015625 0.031481
1 0.432292 0.034722 0.014583 0.030556
4 0.434115 0.068056 0.017188 0.015741
1 0.397917 0.085648 0.020833 0.043519
1 0.443490 0.105093 0.020313 0.032407
5 0.358594 0.141667 0.017188 0.020370
1 0.470313 0.030556 0.015625 0.031481
1 0.482292 0.078241 0.019792 0.037963
4 0.485417 0.112500 0.017708 0.019444
4 0.429688 0.125463 0.013542 0.025000
1 0.514323 0.030556 0.015104 0.033333
2 0.538021 0.026852 0.017708 0.035185
6 0.540365 0.069444 0.022396 0.022222
1 0.597917 0.031944 0.019792 0.039815
4 0.595313 0.060648 0.015625 0.019444
5 0.611719 0.076389 0.020313 0.019444
1 0.637240 0.047222 0.015104 0.031481
1 0.660417 0.079167 0.018750 0.039815
4 0.659896 0.130556 0.017708 0.018519
1 0.705990 0.156019 0.021354 0.043519
4 0.704688 0.201852 0.021875 0.025926
1 0.661719 0.155556 0.022396 0.042593
6 0.664323 0.203704 0.022396 0.035185
1 0.574740 0.141204 0.023438 0.047222
5 0.587240 0.205556 0.022396 0.027778
4 0.573438 0.187500 0.023958 0.019444
5 0.510938 0.199074 0.023958 0.031481
1 0.535417 0.230556 0.026042 0.051852
4 0.531771 0.280556 0.032292 0.031481
1 0.468490 0.243519 0.026562 0.053704
4 0.463542 0.280556 0.020833 0.031481
1 0.405469 0.218056 0.026562 0.058333
1 0.342969 0.206019 0.026562 0.062037
6 0.367969 0.315741 0.027604 0.053704
6 0.342969 0.283796 0.030729 0.037963
1 0.190365 0.379167 0.026562 0.049074
1 0.244792 0.375926 0.028125 0.050000
1 0.314844 0.349074 0.029687 0.057407
4 0.191146 0.428241 0.018750 0.026852
4 0.252865 0.423611 0.024479 0.032407
4 0.314844 0.403241 0.032813 0.032407
1 0.596615 0.326852 0.030729 0.062963
4 0.596615 0.412500 0.031771 0.030556
1 0.659115 0.318519 0.027604 0.068519
3 0.646094 0.431481 0.017188 0.033333
7 0.724740 0.402778 0.034896 0.057407
1 0.787240 0.368056 0.025521 0.050926
4 0.780990 0.424074 0.023438 0.031481
1 0.773438 0.527315 0.033333 0.060185
1 0.840365 0.530556 0.033854 0.062963
4 0.760938 0.583333 0.026042 0.051852
4 0.835938 0.600926 0.023958 0.031481
5 0.826823 0.605556 0.033854 0.059259
1 0.685417 0.506019 0.036458 0.078704
4 0.679948 0.604167 0.030729 0.036111
2 0.398698 0.479167 0.040104 0.076852
4 0.428646 0.572222 0.021875 0.031481
1 0.334896 0.450463 0.031250 0.069444
4 0.330990 0.568056 0.022396 0.026852
8 0.677865 0.699537 0.108854 0.180556
1 0.692969 0.650463 0.043229 0.080556
4 0.985938 0.752778 0.017708 0.042593
4 0.926042 0.539352 0.020833 0.026852
1 0.927344 0.479630 0.024479 0.057407
1 0.867188 0.318519 0.022917 0.050000
4 0.866667 0.387500 0.022917 0.030556
2 0.901042 0.330556 0.023958 0.044444
1 0.760938 0.231019 0.027083 0.054630
1 0.704688 0.243056 0.023958 0.049074
4 0.699740 0.300463 0.020313 0.030556
4 0.759896 0.314815 0.025000 0.027778
2 0.796615 0.154167 0.023438 0.041667
2 0.828646 0.171296 0.020833 0.037037
3 0.792448 0.230093 0.016146 0.019444
0 0.798438 0.110185 0.015625 0.042593
1 0.768490 0.104167 0.019271 0.041667
4 0.770573 0.144907 0.016146 0.019444
1 0.743490 0.062037 0.017188 0.031481
1 0.745573 0.032407 0.013021 0.027778
1 0.716667 0.018519 0.013542 0.029630
9 0.366667 0.021296 0.037500 0.040741
