8 0.137240 0.343519 0.051562 0.088889
5 0.120313 0.404630 0.027083 0.027778
8 0.154688 0.234722 0.050000 0.093519
8 0.193490 0.156019 0.032813 0.071296
5 0.180469 0.200926 0.016146 0.024074
8 0.227344 0.166204 0.040104 0.062037
5 0.217188 0.192130 0.021875 0.025000
8 0.211198 0.118056 0.031771 0.054630
8 0.244792 0.106481 0.034375 0.059259
8 0.277865 0.065278 0.036979 0.054630
5 0.367188 0.036574 0.013542 0.019444
8 0.394792 0.053241 0.038542 0.062037
9 0.438021 0.106019 0.044792 0.049074
9 0.353646 0.107407 0.042708 0.062963
8 0.395313 0.097685 0.042708 0.069444
8 0.432292 0.046759 0.039583 0.056481
8 0.469792 0.042593 0.037500 0.053704
8 0.509896 0.040741 0.035417 0.055556
5 0.476042 0.129167 0.019792 0.025000
5 0.534375 0.128241 0.018750 0.023148
8 0.549219 0.042130 0.043229 0.058333
9 0.591667 0.043056 0.043750 0.058333
8 0.635417 0.043519 0.038542 0.072222
8 0.654167 0.094907 0.045833 0.089815
9 0.567969 0.093056 0.045312 0.062037
5 0.613542 0.129630 0.020833 0.024074
8 0.704688 0.168519 0.055208 0.083333
8 0.655990 0.167593 0.044271 0.088889
5 0.622917 0.203241 0.023958 0.030556
3 0.647917 0.206019 0.015625 0.019444
5 0.455990 0.204630 0.033854 0.029630
5 0.418490 0.199074 0.026562 0.031481
5 0.287240 0.303241 0.026562 0.036111
4 0.399740 0.280093 0.026562 0.026852
9 0.468490 0.245370 0.054688 0.075926
8 0.527344 0.243056 0.071354 0.106481
5 0.529167 0.294444 0.029167 0.035185
8 0.695573 0.267130 0.061979 0.106481
8 0.753646 0.269444 0.059375 0.124074
9 0.773438 0.384259 0.056250 0.105556
9 0.721615 0.393056 0.067187 0.110185
8 0.656771 0.356019 0.064583 0.154630
8 0.589063 0.356019 0.078125 0.147222
6 0.663542 0.431019 0.033333 0.050926
5 0.532292 0.418056 0.030208 0.052778
5 0.461719 0.407407 0.040104 0.044444
5 0.369792 0.423148 0.039583 0.044444
8 0.322917 0.369444 0.083333 0.109259
9 0.251563 0.376389 0.058333 0.112037
9 0.200000 0.390278 0.059375 0.097222
5 0.194792 0.604630 0.033333 0.061111
5 0.260417 0.618056 0.041667 0.075000
8 0.426823 0.512037 0.077604 0.144444
5 0.423438 0.603241 0.061458 0.069444
8 0.752865 0.531944 0.078646 0.113889
8 0.819271 0.541667 0.071875 0.164815
5 0.763542 0.609259 0.033333 0.055556
8 0.705469 0.073148 0.042188 0.131481
8 0.743490 0.040741 0.026562 0.044444
8 0.738542 0.077778 0.029167 0.061111
8 0.760938 0.068056 0.025000 0.052778
8 0.801042 0.130556 0.040625 0.064815
8 0.822396 0.186574 0.026042 0.069444
9 0.853646 0.342593 0.057292 0.100000
9 0.898438 0.350463 0.042708 0.069444
8 0.969792 0.712037 0.060417 0.094444
5 0.351042 0.305093 0.027083 0.047222
8 0.482292 0.091204 0.051042 0.067593
5 0.493490 0.129630 0.020313 0.024074
5 0.514323 0.068519 0.025521 0.016667
8 0.566667 0.160185 0.055208 0.081481
8 0.351042 0.231019 0.056250 0.121296
8 0.402865 0.243056 0.070312 0.095370
8 0.676042 0.531019 0.087500 0.180556
5 0.694792 0.628241 0.034375 0.058333
5 0.711719 0.818056 0.054688 0.093519
8 0.089063 0.765278 0.060417 0.225000
8 0.158594 0.743056 0.101562 0.165741
5 0.145573 0.843519 0.033854 0.068519
8 0.904167 0.494444 0.066667 0.107407
8 0.787240 0.180556 0.046354 0.074074
8 0.760938 0.118056 0.041667 0.076852
5 0.679688 0.208796 0.022917 0.030556
5 0.719271 0.216667 0.023958 0.029630
1 0.086719 0.714815 0.034896 0.072222
4 0.092969 0.780556 0.022396 0.033333
1 0.127344 0.716204 0.036979 0.078704
4 0.129688 0.794907 0.032292 0.049074
9 0.152865 0.549074 0.077604 0.094444
4 0.135417 0.592593 0.022917 0.042593
5 0.135417 0.606481 0.031250 0.053704
1 0.136198 0.548148 0.027604 0.055556
4 0.127865 0.374537 0.024479 0.030556
2 0.145313 0.209722 0.021875 0.043519
1 0.193490 0.380556 0.026562 0.053704
4 0.192969 0.423611 0.020313 0.030556
1 0.246094 0.376389 0.028646 0.052778
4 0.251563 0.425000 0.029167 0.031481
1 0.314844 0.349074 0.029687 0.068519
4 0.314844 0.401389 0.032813 0.037963
2 0.341667 0.202778 0.027083 0.059259
3 0.329688 0.301852 0.015625 0.025926
1 0.416667 0.482870 0.035417 0.086111
4 0.413542 0.568056 0.032292 0.034259
1 0.125521 0.329167 0.020833 0.047222
0 0.188542 0.143519 0.015625 0.035185
4 0.188542 0.180556 0.015625 0.018519
1 0.219271 0.156019 0.016667 0.039815
1 0.204948 0.107407 0.015104 0.031481
1 0.239063 0.097222 0.014583 0.031481
4 0.240365 0.130093 0.016146 0.017593
2 0.268490 0.051852 0.015104 0.027778
5 0.268490 0.093056 0.017188 0.015741
1 0.393490 0.040278 0.015104 0.032407
1 0.429688 0.031019 0.014583 0.032407
1 0.469792 0.030556 0.014583 0.033333
1 0.443490 0.105093 0.020313 0.036111
1 0.482292 0.078241 0.019792 0.037963
1 0.390365 0.085648 0.022396 0.043519
1 0.354167 0.094444 0.018750 0.038889
4 0.354167 0.129630 0.012500 0.018519
5 0.359115 0.140741 0.019271 0.022222
4 0.388542 0.128241 0.020833 0.019444
4 0.430990 0.125463 0.014063 0.025000
4 0.434115 0.068519 0.017188 0.016667
4 0.484115 0.115278 0.017188 0.017593
1 0.512240 0.030093 0.016146 0.032407
1 0.548438 0.032407 0.018750 0.031481
5 0.541146 0.069907 0.023958 0.019444
5 0.509115 0.197685 0.022396 0.030556
1 0.594792 0.036111 0.019792 0.042593
4 0.597396 0.065278 0.016667 0.015741
5 0.611719 0.077315 0.019271 0.015741
1 0.638542 0.028241 0.016667 0.036111
1 0.657813 0.076852 0.019792 0.040741
1 0.568490 0.082407 0.019271 0.038889
1 0.574740 0.143056 0.022396 0.047222
4 0.572396 0.193056 0.017708 0.021296
5 0.587240 0.206019 0.022396 0.028704
1 0.400521 0.225000 0.025000 0.055556
1 0.467969 0.236574 0.026562 0.056481
4 0.462240 0.280556 0.020313 0.031481
1 0.527344 0.218056 0.025521 0.056481
4 0.521615 0.291204 0.023438 0.032407
4 0.534115 0.276852 0.017188 0.022222
1 0.702865 0.242130 0.024479 0.050926
6 0.701042 0.306019 0.023958 0.034259
1 0.760938 0.240741 0.027083 0.057407
4 0.759115 0.317130 0.027604 0.028704
1 0.788542 0.376852 0.026042 0.050000
4 0.779167 0.418981 0.023958 0.030556
7 0.725521 0.398611 0.034375 0.056481
3 0.644792 0.430556 0.017708 0.033333
0 0.659896 0.318519 0.030208 0.070370
1 0.597917 0.327315 0.032292 0.065741
4 0.597396 0.411111 0.029167 0.031481
1 0.690365 0.505556 0.041146 0.077778
4 0.679688 0.605093 0.031250 0.037963
1 0.771615 0.529167 0.031771 0.065741
4 0.759115 0.586574 0.029687 0.043519
1 0.836719 0.523148 0.032813 0.068519
4 0.828646 0.605093 0.023958 0.037963
4 0.985938 0.750926 0.017708 0.044444
1 0.926042 0.479167 0.021875 0.058333
4 0.926823 0.540741 0.018229 0.024074
1 0.869271 0.318056 0.022917 0.050926
4 0.872917 0.381019 0.016667 0.023148
2 0.905990 0.342593 0.021354 0.044444
5 0.865365 0.391204 0.023438 0.036111
2 0.821094 0.172685 0.017188 0.043519
1 0.799740 0.167593 0.018229 0.040741
1 0.807813 0.115741 0.014583 0.035185
1 0.768490 0.105093 0.017188 0.041667
4 0.769792 0.147685 0.015625 0.019444
2 0.766146 0.060185 0.016667 0.031481
0 0.710938 0.023611 0.015625 0.030556
1 0.746615 0.033333 0.014063 0.031481
9 0.367188 0.021296 0.037500 0.040741
