8 0.137240 0.343056 0.049479 0.080556
5 0.120313 0.404630 0.027083 0.027778
8 0.151042 0.242130 0.042708 0.076852
8 0.193490 0.165741 0.032813 0.064815
5 0.180469 0.200926 0.016146 0.024074
8 0.226042 0.161574 0.041667 0.069444
5 0.217188 0.192130 0.021875 0.025000
8 0.210417 0.118056 0.032292 0.056481
8 0.243490 0.111111 0.035937 0.055556
8 0.278646 0.065278 0.038542 0.049074
5 0.368490 0.038426 0.014063 0.017593
8 0.395313 0.052778 0.037500 0.062963
9 0.439063 0.106019 0.044792 0.049074
9 0.353646 0.109722 0.043750 0.056481
9 0.396094 0.098611 0.042188 0.069444
8 0.432292 0.046759 0.039583 0.056481
8 0.469792 0.043519 0.037500 0.053704
8 0.508073 0.043056 0.038021 0.056481
5 0.476042 0.129167 0.019792 0.025000
5 0.534375 0.128241 0.018750 0.023148
8 0.549740 0.043056 0.042188 0.058333
9 0.591667 0.043056 0.043750 0.058333
8 0.637240 0.050926 0.043229 0.062963
8 0.654948 0.095833 0.043229 0.080556
9 0.567969 0.093056 0.045312 0.062037
5 0.613542 0.129630 0.020833 0.024074
8 0.705990 0.171759 0.058854 0.080556
8 0.656771 0.163889 0.046875 0.101852
5 0.622917 0.203241 0.023958 0.030556
4 0.646615 0.204167 0.014063 0.025000
5 0.455990 0.204630 0.033854 0.029630
5 0.419271 0.199074 0.025000 0.031481
5 0.287240 0.303241 0.026562 0.036111
4 0.399740 0.280093 0.026562 0.026852
9 0.466667 0.248148 0.054167 0.079630
8 0.526823 0.240741 0.072396 0.096296
5 0.529167 0.296759 0.030208 0.030556
8 0.693490 0.255556 0.054688 0.112963
8 0.747917 0.267593 0.058333 0.124074
9 0.772396 0.384722 0.058333 0.106481
9 0.720313 0.393056 0.066667 0.110185
8 0.655990 0.358333 0.063021 0.155556
8 0.589323 0.355556 0.080729 0.146296
6 0.663542 0.430556 0.033333 0.051852
5 0.532292 0.418056 0.030208 0.052778
5 0.461719 0.407407 0.040104 0.044444
5 0.369792 0.423148 0.039583 0.044444
8 0.321615 0.368519 0.082812 0.109259
9 0.251042 0.375463 0.061458 0.112037
9 0.197917 0.384259 0.059375 0.118519
5 0.194792 0.604630 0.033333 0.061111
5 0.259115 0.618056 0.040104 0.076852
8 0.430990 0.503704 0.077604 0.144444
5 0.423438 0.603241 0.061458 0.069444
8 0.751042 0.532870 0.079167 0.113889
8 0.818490 0.543056 0.072396 0.167593
5 0.763542 0.607407 0.033333 0.055556
8 0.712240 0.036574 0.028646 0.060185
8 0.744271 0.043519 0.029167 0.051852
8 0.732292 0.079630 0.040625 0.064815
8 0.798438 0.126852 0.037500 0.059259
8 0.819792 0.176389 0.026042 0.087963
9 0.852865 0.351389 0.060937 0.102778
8 0.899219 0.350000 0.040104 0.081481
8 0.969792 0.707407 0.060417 0.092593
8 0.482292 0.091204 0.051042 0.067593
5 0.493490 0.129630 0.020313 0.024074
6 0.516667 0.068056 0.026042 0.019444
8 0.569792 0.155556 0.063542 0.087037
8 0.351042 0.231019 0.058333 0.126852
8 0.408594 0.243519 0.071354 0.098148
8 0.676042 0.536111 0.087500 0.181481
5 0.711719 0.818056 0.054688 0.093519
8 0.088542 0.718056 0.073958 0.169444
8 0.157292 0.748611 0.098958 0.167593
5 0.144792 0.839352 0.036458 0.075000
5 0.121615 0.828704 0.026562 0.050000
8 0.905208 0.493056 0.066667 0.113889
8 0.785937 0.179630 0.046875 0.077778
8 0.760938 0.118056 0.041667 0.076852
5 0.679688 0.208796 0.022917 0.030556
5 0.719271 0.216667 0.023958 0.029630
1 0.085417 0.692593 0.033333 0.068519
1 0.129948 0.717593 0.038021 0.083333
4 0.132292 0.803241 0.033333 0.050926
4 0.094792 0.781019 0.029167 0.036111
9 0.151042 0.552315 0.078125 0.113889
1 0.134115 0.537963 0.026562 0.055556
4 0.139323 0.593519 0.019271 0.033333
5 0.134375 0.607870 0.025000 0.050926
4 0.129688 0.368519 0.021875 0.024074
1 0.126042 0.328704 0.022917 0.046296
1 0.143490 0.223611 0.019271 0.043519
1 0.188542 0.149537 0.014583 0.030556
1 0.218490 0.148611 0.014063 0.043519
4 0.189844 0.181019 0.017188 0.017593
1 0.205469 0.109259 0.013021 0.031481
1 0.234115 0.100926 0.015104 0.031481
2 0.267188 0.056019 0.015625 0.030556
5 0.269271 0.093056 0.016667 0.019444
1 0.276042 0.030556 0.014583 0.037037
1 0.395313 0.036574 0.015625 0.030556
1 0.354167 0.105556 0.018750 0.038889
4 0.354167 0.131019 0.014583 0.015741
1 0.396615 0.085185 0.020313 0.044444
4 0.388542 0.124074 0.018750 0.018519
1 0.429688 0.030556 0.014583 0.031481
1 0.443490 0.105556 0.021354 0.035185
4 0.429688 0.126852 0.014583 0.024074
1 0.469792 0.031019 0.014583 0.032407
1 0.482292 0.080556 0.019792 0.033333
4 0.484115 0.114815 0.017188 0.016667
1 0.516146 0.031944 0.017708 0.034259
1 0.549740 0.032407 0.017188 0.031481
6 0.542188 0.068056 0.025000 0.025000
1 0.594792 0.038426 0.017708 0.037963
1 0.568750 0.081481 0.018750 0.037037
4 0.597396 0.062500 0.016667 0.019444
1 0.638542 0.036111 0.014583 0.031481
5 0.612240 0.075926 0.018229 0.018519
1 0.660417 0.079630 0.018750 0.040741
0 0.659896 0.134259 0.020833 0.044444
6 0.663021 0.193056 0.025000 0.049074
1 0.704688 0.155093 0.019792 0.047222
1 0.573698 0.140741 0.024479 0.048148
4 0.574740 0.192593 0.026562 0.022222
5 0.587240 0.206019 0.021354 0.026852
5 0.510417 0.197222 0.023958 0.031481
1 0.347396 0.195833 0.025000 0.062037
3 0.324740 0.306019 0.016146 0.026852
1 0.404167 0.218056 0.026042 0.058333
1 0.468490 0.241667 0.027604 0.055556
4 0.463542 0.279630 0.020833 0.038889
1 0.522917 0.218056 0.025000 0.056481
3 0.523438 0.294907 0.014583 0.026852
4 0.528646 0.277315 0.030208 0.026852
1 0.699740 0.228704 0.025521 0.050000
4 0.697917 0.297685 0.023958 0.030556
5 0.719271 0.310185 0.026042 0.042593
1 0.759375 0.232407 0.028125 0.055556
4 0.760417 0.315741 0.027083 0.027778
1 0.787240 0.376389 0.024479 0.050926
4 0.780469 0.422685 0.024479 0.030556
7 0.724740 0.401852 0.035937 0.059259
0 0.660417 0.318519 0.030208 0.070370
3 0.644792 0.431481 0.017708 0.033333
1 0.594271 0.327778 0.030208 0.061111
4 0.596875 0.412500 0.028125 0.030556
1 0.314063 0.351389 0.031250 0.060185
4 0.314844 0.402315 0.033854 0.037963
1 0.246615 0.374537 0.025521 0.056481
4 0.252865 0.424537 0.025521 0.030556
1 0.188542 0.365741 0.029167 0.057407
4 0.191667 0.429630 0.019792 0.029630
8 0.665365 0.709259 0.104688 0.194444
1 0.694792 0.655556 0.041667 0.085185
1 0.685937 0.504167 0.035417 0.075000
4 0.679948 0.604630 0.031771 0.038889
1 0.772917 0.524074 0.032292 0.066667
4 0.761198 0.584722 0.027604 0.056481
1 0.835938 0.518056 0.034375 0.071296
4 0.827865 0.605093 0.024479 0.045370
4 0.984896 0.750000 0.016667 0.044444
1 0.926042 0.479167 0.022917 0.054630
4 0.926042 0.539352 0.021875 0.026852
1 0.869792 0.329630 0.023958 0.051852
1 0.905469 0.332407 0.019271 0.051852
1 0.821094 0.152315 0.017188 0.039815
1 0.800521 0.162963 0.019792 0.044444
3 0.792448 0.231019 0.015104 0.017593
1 0.805990 0.116667 0.016146 0.035185
0 0.768490 0.101852 0.018229 0.040741
1 0.743490 0.066204 0.016146 0.034259
1 0.746615 0.032870 0.011979 0.028704
0 0.716667 0.022222 0.012500 0.031481
9 0.366667 0.021759 0.035417 0.041667
