5 0.119792 0.403241 0.026042 0.026852
6 0.124740 0.369907 0.025521 0.043519
3 0.137240 0.380556 0.015104 0.022222
1 0.123438 0.334259 0.020833 0.044444
8 0.139063 0.343519 0.051042 0.064815
3 0.159115 0.280093 0.010937 0.017593
1 0.149219 0.215278 0.017188 0.039815
8 0.155990 0.230556 0.039062 0.079630
5 0.179688 0.202315 0.015625 0.021296
5 0.217188 0.191667 0.020833 0.024074
1 0.187240 0.151852 0.013021 0.027778
8 0.192969 0.162500 0.032813 0.056481
1 0.217188 0.141667 0.013542 0.035185
8 0.226042 0.156019 0.038542 0.067593
1 0.206771 0.106019 0.010417 0.025000
4 0.204167 0.135185 0.014583 0.018519
1 0.235417 0.096759 0.012500 0.030556
8 0.211719 0.118056 0.029687 0.049074
4 0.237240 0.130556 0.014063 0.014815
8 0.244792 0.109259 0.033333 0.055556
0 0.269792 0.044907 0.014583 0.026852
0 0.278646 0.017130 0.011458 0.023148
1 0.304688 0.018056 0.012500 0.026852
4 0.301563 0.049074 0.013542 0.018519
8 0.307292 0.030556 0.035417 0.053704
0 0.343490 0.014352 0.015104 0.026852
0 0.276042 0.078704 0.017708 0.038889
2 0.337240 0.081019 0.022396 0.039815
8 0.284115 0.168056 0.048438 0.226852
8 0.330990 0.130556 0.052604 0.142593
8 0.345313 0.038426 0.042708 0.075000
1 0.395573 0.044907 0.016146 0.026852
1 0.377865 0.092130 0.020313 0.036111
1 0.355990 0.089352 0.015104 0.034259
4 0.389844 0.129630 0.020313 0.018519
5 0.391146 0.135185 0.020833 0.018519
9 0.388542 0.103241 0.042708 0.067593
9 0.390365 0.055556 0.040104 0.046296
2 0.430990 0.030556 0.015104 0.027778
2 0.513542 0.025926 0.014583 0.031481
8 0.432292 0.043056 0.041667 0.056481
4 0.465365 0.057407 0.017188 0.014815
1 0.469792 0.031019 0.013542 0.028704
8 0.468490 0.043056 0.036979 0.049074
1 0.480990 0.073611 0.017188 0.030556
8 0.479167 0.090278 0.044792 0.065741
5 0.532813 0.127315 0.018750 0.021296
6 0.513542 0.068519 0.027083 0.018519
6 0.543490 0.067130 0.030729 0.026852
8 0.510938 0.043056 0.035417 0.062037
1 0.541667 0.025463 0.014583 0.030556
8 0.546875 0.039815 0.040625 0.061111
1 0.568490 0.089352 0.018229 0.036111
9 0.564844 0.094907 0.053646 0.063889
2 0.589063 0.022685 0.017708 0.030556
4 0.590365 0.058796 0.016146 0.019444
8 0.589844 0.042593 0.045312 0.070370
2 0.640365 0.043056 0.017188 0.030556
9 0.637240 0.054167 0.042188 0.054630
5 0.610938 0.077778 0.023958 0.016667
5 0.613542 0.128241 0.020833 0.023148
1 0.659896 0.079167 0.017708 0.039815
8 0.652865 0.093981 0.042188 0.076852
4 0.701823 0.205556 0.018229 0.022222
1 0.709115 0.155556 0.022396 0.046296
9 0.701042 0.172222 0.058333 0.081481
5 0.622917 0.203704 0.023958 0.025926
5 0.660417 0.218519 0.041667 0.029630
5 0.718490 0.215741 0.023438 0.027778
2 0.658594 0.131019 0.020313 0.037963
8 0.652865 0.157407 0.044271 0.094444
4 0.572917 0.191204 0.023958 0.021296
5 0.588021 0.206019 0.020833 0.025000
5 0.571094 0.205556 0.021354 0.022222
1 0.572917 0.143056 0.022917 0.043519
8 0.569792 0.158333 0.066667 0.081481
5 0.507292 0.198148 0.021875 0.031481
5 0.451042 0.199074 0.026042 0.031481
6 0.416667 0.193981 0.029167 0.028704
1 0.430990 0.072685 0.023438 0.043519
8 0.431771 0.118519 0.058333 0.138889
1 0.494792 0.122222 0.020833 0.044444
8 0.496615 0.143056 0.069271 0.089815
5 0.354167 0.206019 0.021875 0.023148
5 0.288021 0.301852 0.029167 0.035185
4 0.337240 0.291204 0.025521 0.025000
4 0.405469 0.277315 0.025521 0.023148
5 0.368750 0.306944 0.028125 0.039815
5 0.396094 0.293981 0.030729 0.023148
1 0.340365 0.230556 0.023438 0.053704
1 0.404167 0.218056 0.025000 0.056481
8 0.343490 0.254630 0.066146 0.098148
8 0.407292 0.242130 0.067708 0.102778
2 0.469792 0.216667 0.028125 0.048148
4 0.463542 0.280093 0.021875 0.028704
4 0.536719 0.281944 0.024479 0.023148
3 0.522917 0.294444 0.012500 0.022222
3 0.525521 0.204630 0.026042 0.050000
8 0.468490 0.240278 0.051562 0.095370
8 0.529167 0.236574 0.077083 0.119444
4 0.702865 0.304167 0.025521 0.025000
4 0.763542 0.318519 0.019792 0.022222
1 0.699740 0.243519 0.020313 0.050000
1 0.767448 0.241204 0.027604 0.050926
8 0.698438 0.267130 0.060417 0.100926
8 0.752865 0.268519 0.058854 0.116667
4 0.779167 0.418056 0.025000 0.028704
5 0.791667 0.427778 0.030208 0.042593
1 0.789844 0.368519 0.026562 0.050000
7 0.722396 0.396759 0.033333 0.056481
9 0.773438 0.380556 0.061458 0.096296
9 0.715365 0.393056 0.063021 0.106481
3 0.643490 0.430556 0.015104 0.031481
6 0.662240 0.430556 0.034896 0.050000
1 0.655990 0.318056 0.027604 0.063889
8 0.655469 0.356481 0.060937 0.148148
4 0.596615 0.407870 0.026562 0.037963
1 0.595313 0.324074 0.029167 0.068519
8 0.588021 0.356019 0.077083 0.147222
5 0.532292 0.418519 0.031250 0.050000
5 0.371875 0.423148 0.037500 0.033333
5 0.461198 0.406019 0.040104 0.039815
4 0.314063 0.405556 0.034375 0.031481
1 0.311719 0.349074 0.026562 0.055556
4 0.257292 0.418056 0.027083 0.028704
4 0.193490 0.422222 0.016146 0.018519
1 0.190365 0.369444 0.025521 0.048148
1 0.254688 0.369444 0.023958 0.048148
9 0.197917 0.381019 0.061458 0.104630
9 0.254948 0.369444 0.058854 0.114815
8 0.321615 0.369444 0.082812 0.103704
4 0.136198 0.604630 0.018229 0.040741
4 0.194271 0.614352 0.027083 0.037963
5 0.134115 0.611574 0.029687 0.043519
5 0.196615 0.605556 0.035937 0.057407
1 0.130469 0.556019 0.029687 0.050926
1 0.190365 0.520370 0.027604 0.062963
9 0.141667 0.560185 0.063542 0.092593
8 0.207813 0.555556 0.069792 0.150000
5 0.254948 0.607407 0.034896 0.068519
3 0.336719 0.626389 0.020313 0.043519
3 0.419792 0.593056 0.016667 0.041667
5 0.426563 0.598611 0.062500 0.071296
1 0.345573 0.447222 0.030729 0.068519
8 0.347917 0.498148 0.071875 0.179630
0 0.421615 0.427778 0.029687 0.072222
8 0.432292 0.481019 0.082292 0.186111
4 0.682292 0.606019 0.029167 0.039815
4 0.757292 0.590278 0.029167 0.049074
4 0.831250 0.606019 0.028125 0.041667
5 0.827865 0.605556 0.032813 0.061111
5 0.763021 0.607407 0.033333 0.053704
5 0.694271 0.619444 0.034375 0.064815
1 0.687240 0.505093 0.034896 0.073148
1 0.771615 0.549074 0.031771 0.068519
8 0.676042 0.535648 0.085417 0.178704
8 0.819792 0.543519 0.073958 0.166667
9 0.754167 0.541204 0.075000 0.106481
1 0.839063 0.518056 0.034375 0.063889
5 0.729948 0.843519 0.053646 0.092593
4 0.687240 0.815278 0.039062 0.047222
1 0.696094 0.722685 0.035937 0.080556
8 0.674740 0.750926 0.120313 0.175926
5 0.087240 0.840741 0.035937 0.059259
5 0.126042 0.822685 0.032292 0.069444
5 0.143490 0.843056 0.041146 0.075000
1 0.079948 0.724074 0.031771 0.068519
1 0.114844 0.731019 0.039062 0.071296
8 0.092188 0.737963 0.063542 0.155556
8 0.152865 0.753241 0.119271 0.156481
4 0.092969 0.803241 0.024479 0.030556
4 0.117969 0.792593 0.026562 0.035185
4 0.984896 0.755556 0.017708 0.037037
4 0.926042 0.538889 0.020833 0.024074
5 0.921875 0.541667 0.025000 0.050000
1 0.927865 0.475463 0.022396 0.056481
8 0.905990 0.493981 0.066146 0.110185
4 0.868490 0.385185 0.016146 0.020370
4 0.904167 0.393519 0.020833 0.024074
5 0.865365 0.390278 0.026562 0.036111
1 0.864844 0.318519 0.022396 0.050000
1 0.904167 0.330556 0.019792 0.048148
1 0.854948 0.343056 0.049479 0.104630
1 0.896615 0.355556 0.042188 0.100000
2 0.785937 0.142130 0.020833 0.036111
2 0.824740 0.169907 0.020313 0.034259
3 0.792188 0.230093 0.014583 0.015741
8 0.780990 0.168519 0.038021 0.092593
8 0.820573 0.187500 0.038021 0.069444
1 0.774740 0.108796 0.019271 0.036111
1 0.804167 0.116667 0.014583 0.037037
8 0.764844 0.122222 0.043229 0.068519
8 0.800521 0.127778 0.033333 0.061111
2 0.738542 0.066204 0.017708 0.025000
8 0.735417 0.080556 0.036458 0.059259
1 0.745313 0.035185 0.012500 0.031481
1 0.718750 0.020833 0.012500 0.026852
8 0.713021 0.032870 0.027083 0.052778
8 0.742969 0.045833 0.032813 0.056481
