8 0.134115 0.344444 0.052604 0.090741
5 0.120313 0.404630 0.027083 0.027778
8 0.152865 0.238426 0.042188 0.080556
8 0.193490 0.165741 0.032813 0.064815
5 0.180469 0.200926 0.016146 0.024074
8 0.226823 0.161574 0.041146 0.067593
5 0.217188 0.192130 0.021875 0.025000
8 0.210938 0.118519 0.031250 0.053704
8 0.246615 0.107407 0.034896 0.061111
8 0.276042 0.061574 0.037500 0.052778
5 0.368490 0.037963 0.013021 0.018519
8 0.395313 0.054630 0.037500 0.059259
9 0.439063 0.108796 0.044792 0.049074
8 0.355990 0.110648 0.040104 0.056481
9 0.397396 0.099074 0.042708 0.068519
8 0.432292 0.048148 0.039583 0.055556
9 0.468490 0.047685 0.035937 0.043519
8 0.508594 0.043056 0.035937 0.054630
5 0.476042 0.129167 0.019792 0.025000
5 0.532813 0.128241 0.018750 0.023148
8 0.546615 0.038426 0.040104 0.063889
9 0.592708 0.043519 0.042708 0.055556
9 0.636719 0.055093 0.039062 0.049074
8 0.654167 0.095370 0.042708 0.077778
9 0.567969 0.096759 0.045312 0.062037
5 0.613542 0.129630 0.020833 0.024074
8 0.705990 0.173148 0.057813 0.081481
8 0.657813 0.168519 0.054167 0.088889
5 0.622917 0.203241 0.023958 0.030556
5 0.455990 0.204630 0.033854 0.029630
5 0.419271 0.201852 0.025000 0.027778
5 0.288542 0.303704 0.029167 0.035185
4 0.405990 0.277315 0.026562 0.026852
9 0.466667 0.247222 0.053125 0.068519
9 0.529167 0.243981 0.077083 0.100926
3 0.522917 0.297222 0.013542 0.024074
8 0.696615 0.268981 0.060937 0.112037
8 0.751042 0.266667 0.056250 0.124074
9 0.774219 0.382870 0.058854 0.100926
9 0.718490 0.393981 0.060937 0.106481
8 0.657813 0.356944 0.062500 0.132407
8 0.589844 0.355556 0.080729 0.146296
6 0.663542 0.431019 0.033333 0.052778
5 0.532292 0.418056 0.030208 0.052778
5 0.461719 0.408333 0.040104 0.044444
8 0.321615 0.369444 0.082812 0.109259
8 0.255990 0.368519 0.055729 0.124074
9 0.199740 0.387963 0.061979 0.105556
5 0.194792 0.604630 0.033333 0.061111
5 0.260417 0.619444 0.037500 0.074074
8 0.424740 0.508333 0.084896 0.150000
6 0.422917 0.600463 0.061458 0.069444
9 0.747917 0.522222 0.071875 0.168519
9 0.820573 0.536111 0.080729 0.157407
5 0.765365 0.617130 0.032813 0.041667
8 0.713542 0.031481 0.026042 0.053704
8 0.745313 0.046296 0.033333 0.050000
9 0.733333 0.079630 0.038542 0.064815
8 0.800521 0.129630 0.035417 0.051852
8 0.822396 0.190741 0.034375 0.074074
8 0.855469 0.343519 0.051562 0.109259
8 0.898698 0.359722 0.044271 0.099074
8 0.969792 0.706944 0.060417 0.097222
5 0.368490 0.307870 0.026562 0.037963
8 0.481771 0.091204 0.051042 0.067593
5 0.493490 0.129630 0.020313 0.024074
6 0.516146 0.068056 0.026042 0.019444
8 0.568490 0.159722 0.061979 0.086111
8 0.344792 0.253241 0.060417 0.139815
8 0.407813 0.243056 0.068750 0.100926
8 0.677865 0.531481 0.079687 0.172222
5 0.711719 0.818056 0.054688 0.093519
8 0.087240 0.742593 0.054688 0.166667
8 0.146615 0.735648 0.102604 0.154630
5 0.144792 0.839352 0.036458 0.075000
5 0.124740 0.818519 0.029687 0.059259
8 0.906250 0.494907 0.068750 0.108333
8 0.785937 0.171759 0.040625 0.087963
8 0.760938 0.119907 0.041667 0.076852
5 0.679688 0.209722 0.022917 0.030556
5 0.719271 0.216667 0.023958 0.029630
1 0.080469 0.731481 0.033854 0.064815
4 0.087240 0.800926 0.025521 0.048148
5 0.088542 0.842593 0.035417 0.055556
4 0.111719 0.793056 0.027604 0.037963
1 0.117188 0.699537 0.038542 0.080556
9 0.151042 0.543519 0.064583 0.098148
3 0.137240 0.606019 0.017188 0.037963
5 0.134115 0.610185 0.029687 0.055556
1 0.133073 0.531019 0.028646 0.063889
4 0.120313 0.378704 0.020833 0.022222
1 0.125521 0.326389 0.021875 0.049074
1 0.146615 0.220833 0.019271 0.041667
3 0.158594 0.278704 0.014063 0.020370
1 0.188542 0.150000 0.014583 0.031481
1 0.219792 0.151389 0.016667 0.039815
4 0.190365 0.181944 0.016146 0.013889
1 0.205469 0.110185 0.014063 0.031481
4 0.205469 0.138889 0.015104 0.014815
1 0.241146 0.093981 0.014583 0.032407
4 0.237240 0.131019 0.015104 0.013889
2 0.266667 0.053241 0.016667 0.030556
5 0.269792 0.093056 0.017708 0.017593
1 0.277083 0.031944 0.014583 0.032407
9 0.281250 0.038889 0.021875 0.044444
8 0.309896 0.027778 0.030208 0.053704
3 0.305469 0.055556 0.010937 0.011111
1 0.307292 0.011574 0.014583 0.021296
9 0.366667 0.021296 0.037500 0.040741
1 0.396875 0.042130 0.015625 0.032407
1 0.432292 0.035185 0.014583 0.031481
1 0.351042 0.099074 0.017708 0.033333
1 0.396615 0.087037 0.022396 0.042593
1 0.466667 0.042130 0.016667 0.030556
1 0.443490 0.105556 0.021354 0.037037
1 0.480990 0.076389 0.021354 0.039815
4 0.357292 0.130093 0.014583 0.017593
4 0.390365 0.125463 0.017188 0.019444
4 0.429688 0.126389 0.013542 0.023148
4 0.434115 0.068056 0.016146 0.017593
4 0.484896 0.112037 0.015625 0.018519
1 0.515365 0.030556 0.015104 0.029630
1 0.544792 0.023148 0.014583 0.031481
4 0.544792 0.055093 0.016667 0.017593
5 0.541667 0.070833 0.023958 0.021296
1 0.596615 0.034259 0.018229 0.035185
5 0.593490 0.072685 0.020313 0.019444
5 0.612240 0.076389 0.019271 0.019444
4 0.595313 0.061111 0.016667 0.018519
1 0.568490 0.085185 0.019271 0.037037
1 0.635938 0.047222 0.015625 0.031481
1 0.660417 0.077778 0.017708 0.040741
1 0.705469 0.155556 0.020313 0.046296
0 0.660417 0.147685 0.020833 0.045370
4 0.660417 0.202778 0.017708 0.022222
4 0.704688 0.201852 0.025000 0.024074
1 0.571615 0.143519 0.023438 0.048148
4 0.574740 0.193056 0.021354 0.023148
5 0.588021 0.207407 0.020833 0.024074
5 0.510417 0.198611 0.022917 0.030556
1 0.344792 0.215741 0.023958 0.061111
1 0.404167 0.220370 0.025000 0.057407
1 0.466667 0.240278 0.026042 0.052778
4 0.462240 0.280556 0.021354 0.033333
1 0.536719 0.231019 0.027604 0.054630
4 0.532813 0.282407 0.029167 0.035185
1 0.704688 0.243519 0.025000 0.048148
4 0.699219 0.299537 0.021354 0.030556
1 0.759896 0.232407 0.028125 0.059259
4 0.759115 0.313889 0.025521 0.027778
1 0.790365 0.369444 0.026562 0.055556
4 0.781771 0.418056 0.022917 0.030556
7 0.724740 0.403704 0.035937 0.061111
1 0.659115 0.326389 0.029687 0.060185
3 0.644792 0.432870 0.016667 0.034259
1 0.595313 0.327778 0.031250 0.062963
4 0.597396 0.414815 0.030208 0.033333
1 0.314844 0.351389 0.029687 0.062037
4 0.314063 0.402778 0.035417 0.033333
2 0.246094 0.337500 0.029687 0.056481
3 0.254688 0.427778 0.021875 0.022222
1 0.189844 0.380093 0.029687 0.050926
4 0.190365 0.428241 0.019271 0.026852
8 0.341667 0.495833 0.080208 0.178704
1 0.332813 0.444444 0.031250 0.070370
4 0.343490 0.568519 0.029687 0.031481
2 0.404167 0.470370 0.044792 0.072222
4 0.424740 0.570370 0.028646 0.029630
1 0.685417 0.507407 0.038542 0.075926
1 0.764062 0.477778 0.031250 0.070370
4 0.762240 0.587500 0.031771 0.032407
1 0.841146 0.525463 0.036458 0.069444
4 0.835417 0.602778 0.021875 0.029630
5 0.826042 0.607407 0.033333 0.053704
8 0.660417 0.693519 0.097917 0.194444
1 0.684635 0.642130 0.036979 0.086111
4 0.986198 0.750000 0.018229 0.044444
1 0.927865 0.480093 0.023438 0.056481
4 0.926823 0.537963 0.021354 0.025926
1 0.905990 0.336111 0.021354 0.044444
4 0.867188 0.382407 0.021875 0.025926
1 0.867188 0.314815 0.021875 0.050000
1 0.829167 0.170833 0.017708 0.037963
2 0.794792 0.151852 0.020833 0.040741
1 0.807292 0.120833 0.016667 0.036111
1 0.769271 0.104630 0.020833 0.042593
4 0.771094 0.146759 0.018229 0.019444
1 0.742969 0.063889 0.016146 0.031481
1 0.745313 0.037037 0.013542 0.031481
0 0.718490 0.019444 0.014063 0.027778
3 0.792188 0.230093 0.017708 0.019444
