5 0.087240 0.841204 0.033854 0.056481
5 0.126042 0.818519 0.030208 0.061111
5 0.144792 0.841667 0.037500 0.075926
4 0.088542 0.793056 0.019792 0.036111
4 0.112240 0.793519 0.021354 0.038889
1 0.083594 0.732407 0.033854 0.055556
1 0.127865 0.725000 0.036979 0.068519
8 0.088021 0.739815 0.060417 0.146296
8 0.155990 0.743519 0.105729 0.140741
4 0.690365 0.816667 0.039062 0.044444
1 0.696615 0.716204 0.035937 0.071296
8 0.676042 0.748148 0.113542 0.181481
5 0.729167 0.843056 0.051042 0.087963
4 0.829688 0.612500 0.022917 0.043519
4 0.755990 0.591667 0.027604 0.042593
1 0.773698 0.544907 0.028646 0.062037
1 0.836719 0.518981 0.032813 0.060185
8 0.818490 0.548148 0.070312 0.179630
9 0.751563 0.543519 0.075000 0.111111
5 0.762240 0.611111 0.031771 0.044444
4 0.679688 0.605093 0.026042 0.034259
5 0.693490 0.623148 0.032813 0.055556
1 0.685417 0.506019 0.033333 0.073148
8 0.675521 0.535648 0.078125 0.169444
4 0.423438 0.578241 0.027083 0.037963
5 0.423438 0.601852 0.056250 0.064815
2 0.409115 0.471759 0.044271 0.069444
8 0.429948 0.512037 0.084896 0.144444
3 0.348698 0.593056 0.016146 0.036111
1 0.332813 0.443519 0.027083 0.066667
8 0.338021 0.493056 0.082292 0.171296
5 0.260417 0.618519 0.035417 0.068519
5 0.194792 0.605556 0.034375 0.055556
3 0.137240 0.606019 0.010937 0.030556
5 0.134896 0.606481 0.027083 0.046296
1 0.131771 0.543519 0.023958 0.046296
9 0.145313 0.551852 0.070833 0.090741
4 0.191667 0.428241 0.017708 0.023148
4 0.255990 0.425000 0.027604 0.018519
4 0.314844 0.403241 0.032813 0.026852
1 0.189844 0.381019 0.026562 0.045370
1 0.252344 0.360185 0.023438 0.044444
1 0.314063 0.348611 0.027083 0.056481
9 0.197917 0.387037 0.057292 0.094444
9 0.251563 0.373611 0.059375 0.119444
9 0.322917 0.368056 0.081250 0.093519
5 0.461198 0.406481 0.036979 0.031481
5 0.531771 0.418519 0.028125 0.044444
4 0.596094 0.409259 0.024479 0.031481
1 0.595313 0.325926 0.028125 0.061111
1 0.659896 0.318519 0.028125 0.062963
8 0.589063 0.355556 0.078125 0.138889
8 0.657292 0.354167 0.061458 0.132407
6 0.662240 0.428241 0.033854 0.049074
7 0.724740 0.401389 0.034896 0.049074
9 0.717187 0.394907 0.058333 0.106481
4 0.780990 0.415278 0.019271 0.026852
5 0.789323 0.424537 0.033854 0.043519
1 0.788542 0.368056 0.023958 0.049074
9 0.774740 0.380556 0.054688 0.090741
4 0.758594 0.312037 0.023438 0.020370
4 0.697396 0.298611 0.020833 0.021296
1 0.758594 0.231481 0.024479 0.051852
1 0.702865 0.242593 0.023438 0.044444
5 0.710417 0.309259 0.039583 0.031481
8 0.696615 0.268519 0.058854 0.103704
8 0.751042 0.267130 0.052083 0.110185
4 0.526563 0.281019 0.019792 0.026852
1 0.532813 0.231019 0.025000 0.047222
4 0.462240 0.281019 0.017188 0.025000
1 0.466667 0.237500 0.025000 0.043519
8 0.527865 0.248611 0.074479 0.106481
8 0.466667 0.249537 0.050000 0.069444
4 0.405469 0.277315 0.026562 0.025000
5 0.395313 0.293056 0.029167 0.017593
5 0.369271 0.307407 0.026042 0.035185
6 0.346094 0.291667 0.020313 0.033333
1 0.404167 0.218056 0.023958 0.052778
1 0.338021 0.236111 0.028125 0.044444
8 0.345573 0.259722 0.059896 0.093519
2 0.407292 0.243519 0.063542 0.094444
5 0.353646 0.206019 0.020833 0.015741
5 0.455990 0.203241 0.030729 0.025000
5 0.418490 0.198611 0.022396 0.019444
5 0.509896 0.196296 0.021875 0.024074
5 0.571094 0.204630 0.020313 0.022222
4 0.572917 0.190278 0.020833 0.017593
1 0.569792 0.145833 0.019792 0.043519
8 0.569792 0.160185 0.061458 0.068519
5 0.621615 0.203704 0.022396 0.022222
4 0.659896 0.197222 0.014583 0.018519
5 0.657813 0.208796 0.040625 0.019444
1 0.659115 0.148148 0.018229 0.042593
8 0.657813 0.168056 0.055208 0.080556
4 0.702344 0.205556 0.016146 0.018519
5 0.719271 0.215741 0.021875 0.024074
1 0.707292 0.159722 0.022917 0.043519
9 0.703646 0.174074 0.051042 0.081481
1 0.659115 0.078704 0.018229 0.037037
8 0.654948 0.094907 0.041146 0.073148
5 0.614062 0.128241 0.019792 0.021296
1 0.572396 0.085648 0.019792 0.032407
8 0.568490 0.094907 0.041146 0.062037
5 0.477344 0.128704 0.018229 0.020370
5 0.492188 0.129167 0.018750 0.017593
1 0.480990 0.074074 0.018229 0.033333
4 0.482292 0.110185 0.020833 0.018519
8 0.483594 0.088889 0.051562 0.062963
4 0.429688 0.124074 0.012500 0.018519
7 0.443490 0.106019 0.019271 0.030556
9 0.438021 0.109259 0.042708 0.044444
4 0.390365 0.125000 0.016146 0.018519
4 0.356771 0.131019 0.014583 0.019444
1 0.396615 0.085185 0.019271 0.031481
1 0.352344 0.093519 0.016146 0.035185
8 0.352865 0.109259 0.046354 0.068519
8 0.396615 0.094907 0.039062 0.062037
1 0.396615 0.043056 0.014063 0.026852
1 0.429948 0.031944 0.011979 0.026852
1 0.466146 0.043056 0.013542 0.026852
8 0.393490 0.051389 0.036979 0.050926
8 0.430990 0.045833 0.038021 0.056481
4 0.433073 0.068519 0.016146 0.011111
9 0.466667 0.047685 0.034375 0.043519
5 0.368750 0.038889 0.012500 0.012963
1 0.371094 0.010185 0.011979 0.018519
9 0.366667 0.019444 0.035417 0.037037
6 0.516667 0.064815 0.028125 0.024074
4 0.532813 0.059259 0.010417 0.012963
1 0.518490 0.031481 0.014063 0.025926
2 0.542188 0.025926 0.016667 0.031481
8 0.513542 0.043056 0.036458 0.047222
8 0.546615 0.039815 0.039062 0.053704
5 0.542448 0.070833 0.024479 0.019444
4 0.597917 0.065741 0.011458 0.012963
5 0.611719 0.077778 0.020313 0.014815
5 0.593490 0.068981 0.017188 0.019444
1 0.593750 0.035648 0.015625 0.030556
9 0.591667 0.044444 0.043750 0.051852
1 0.639844 0.035185 0.013021 0.031481
8 0.635938 0.047222 0.038542 0.055556
0 0.714583 0.018519 0.012500 0.027778
8 0.714063 0.031019 0.027083 0.058333
1 0.740365 0.032407 0.011979 0.025926
8 0.743490 0.043519 0.031771 0.048148
1 0.742188 0.066667 0.014583 0.025926
8 0.730990 0.090741 0.039062 0.072222
1 0.768750 0.105556 0.015625 0.038889
1 0.804688 0.119444 0.014583 0.033333
4 0.769792 0.145833 0.014583 0.019444
8 0.755469 0.150463 0.047396 0.130556
1 0.801042 0.159259 0.021875 0.037037
8 0.788542 0.179630 0.045833 0.072222
1 0.828646 0.168981 0.016667 0.036111
8 0.822917 0.187037 0.029167 0.068519
4 0.866667 0.384259 0.019792 0.018519
1 0.866667 0.316204 0.021875 0.043519
8 0.850521 0.343056 0.058333 0.102778
1 0.904167 0.332870 0.019792 0.039815
8 0.898438 0.359722 0.041667 0.093519
4 0.927344 0.539352 0.018229 0.021296
5 0.921615 0.541204 0.022396 0.047222
1 0.927865 0.477315 0.022396 0.052778
9 0.905469 0.494444 0.066146 0.107407
4 0.984115 0.751389 0.015104 0.036111
9 0.968490 0.706019 0.063021 0.091667
4 0.126042 0.367130 0.019792 0.021296
5 0.119792 0.402778 0.026042 0.024074
1 0.124740 0.321759 0.018229 0.043519
8 0.137240 0.339815 0.048438 0.077778
3 0.158594 0.278704 0.009896 0.014815
1 0.145313 0.220370 0.017708 0.038889
8 0.154167 0.237500 0.039583 0.069444
5 0.179688 0.200000 0.014583 0.018519
5 0.217969 0.191204 0.019271 0.019444
1 0.188542 0.149537 0.013542 0.030556
1 0.219792 0.151852 0.016667 0.038889
8 0.193490 0.162963 0.032813 0.055556
8 0.227865 0.160648 0.039062 0.056481
1 0.204167 0.109722 0.011458 0.021296
4 0.205469 0.138426 0.014063 0.012037
8 0.210417 0.118056 0.030208 0.043519
1 0.237240 0.102778 0.013021 0.027778
8 0.245573 0.114352 0.031771 0.052778
4 0.271094 0.090278 0.017188 0.013889
1 0.268490 0.068519 0.014063 0.025926
9 0.277865 0.072222 0.042188 0.044444
0 0.276042 0.027778 0.011458 0.020370
8 0.279948 0.034722 0.028646 0.043519
4 0.302865 0.048148 0.009896 0.007407
1 0.305990 0.018056 0.011979 0.025000
8 0.308594 0.030556 0.032813 0.050000
5 0.587500 0.206944 0.021875 0.026852
