5 0.088542 0.840741 0.033333 0.055556
5 0.126042 0.818519 0.032292 0.061111
5 0.143490 0.843056 0.035937 0.076852
4 0.092188 0.802315 0.020833 0.028704
4 0.115365 0.797685 0.021354 0.030556
1 0.080469 0.719907 0.029687 0.056481
2 0.132292 0.693519 0.038542 0.072222
8 0.089323 0.735185 0.053646 0.155556
8 0.160417 0.745833 0.098958 0.180556
5 0.730469 0.843056 0.048438 0.087963
4 0.699740 0.816204 0.023438 0.039815
1 0.696615 0.726852 0.035937 0.072222
8 0.673438 0.755556 0.120833 0.185185
4 0.830990 0.605556 0.026562 0.038889
4 0.755990 0.590741 0.027604 0.042593
4 0.681771 0.605556 0.028125 0.035185
1 0.685417 0.503241 0.031250 0.067593
1 0.772917 0.547685 0.031250 0.069444
1 0.838542 0.518519 0.032292 0.061111
8 0.677344 0.532407 0.079687 0.168519
9 0.753646 0.540741 0.072917 0.101852
8 0.821094 0.542593 0.067187 0.159259
5 0.427865 0.597685 0.057813 0.069444
4 0.421615 0.548611 0.029687 0.030556
1 0.424219 0.459259 0.029687 0.081481
8 0.432292 0.493981 0.076042 0.152778
4 0.341667 0.599537 0.020833 0.030556
2 0.332292 0.457870 0.030208 0.063889
8 0.345313 0.518056 0.078125 0.184259
5 0.259115 0.618519 0.034896 0.068519
5 0.193490 0.604630 0.033854 0.055556
4 0.134115 0.600926 0.017188 0.038889
5 0.132292 0.615278 0.023958 0.032407
1 0.131771 0.556019 0.025000 0.052778
9 0.143490 0.555556 0.069271 0.085185
2 0.130990 0.406019 0.028646 0.054630
8 0.159896 0.456019 0.086458 0.149074
2 0.112240 0.350926 0.021354 0.050000
8 0.112240 0.418056 0.036979 0.187963
1 0.124740 0.327315 0.017188 0.036111
8 0.139323 0.335185 0.046354 0.055556
1 0.149219 0.217130 0.016146 0.037963
8 0.153646 0.236574 0.042708 0.080556
1 0.188542 0.147222 0.013542 0.031481
2 0.215365 0.132407 0.014063 0.031481
5 0.180469 0.199537 0.014063 0.019444
5 0.217188 0.191667 0.018750 0.020370
8 0.226823 0.153704 0.038021 0.070370
8 0.193750 0.161111 0.031250 0.055556
1 0.206771 0.108333 0.010417 0.024074
1 0.234896 0.106019 0.013542 0.025000
9 0.211719 0.118056 0.030729 0.043519
9 0.244792 0.115741 0.033333 0.048148
2 0.267969 0.056019 0.014063 0.026852
9 0.276042 0.068519 0.042708 0.053704
5 0.267969 0.093056 0.017188 0.012037
4 0.302344 0.051852 0.010937 0.011111
1 0.279948 0.029167 0.013021 0.026852
1 0.304688 0.018519 0.010417 0.024074
9 0.282292 0.035648 0.023958 0.043519
8 0.308594 0.031019 0.033854 0.050926
5 0.368490 0.039352 0.013021 0.012037
1 0.371615 0.010185 0.013021 0.018519
9 0.367188 0.019907 0.034375 0.037963
1 0.396615 0.042130 0.014063 0.028704
8 0.394792 0.051852 0.038542 0.051852
1 0.433594 0.032407 0.013021 0.027778
4 0.438542 0.067593 0.016667 0.011111
8 0.432292 0.045833 0.036458 0.056481
1 0.466667 0.038889 0.013542 0.027778
9 0.469792 0.043519 0.036458 0.042593
6 0.513542 0.068519 0.026042 0.016667
1 0.512240 0.030093 0.013021 0.030556
8 0.510938 0.043056 0.035417 0.058333
6 0.538542 0.068056 0.019792 0.023148
1 0.542969 0.025463 0.014063 0.030556
8 0.546615 0.042130 0.038021 0.060185
4 0.593490 0.065278 0.019271 0.015741
1 0.591667 0.030093 0.013542 0.030556
8 0.590365 0.043056 0.044271 0.060185
5 0.593490 0.075463 0.018229 0.012037
1 0.640365 0.048148 0.014063 0.031481
9 0.634115 0.056019 0.041146 0.045370
1 0.653646 0.017130 0.014583 0.023148
9 0.647396 0.022685 0.037500 0.043519
1 0.659896 0.079630 0.017708 0.037037
8 0.653646 0.093056 0.040625 0.069444
5 0.614323 0.128241 0.018229 0.019444
5 0.572396 0.124074 0.018750 0.018519
1 0.571875 0.085185 0.018750 0.031481
8 0.568490 0.093981 0.040104 0.062037
4 0.483073 0.113889 0.018229 0.014815
5 0.476823 0.129167 0.018229 0.019444
5 0.492969 0.129630 0.017188 0.016667
1 0.483073 0.073611 0.016146 0.030556
8 0.484115 0.088889 0.052604 0.062963
4 0.429167 0.123611 0.013542 0.019444
7 0.443490 0.105556 0.019271 0.029630
9 0.438542 0.108333 0.042708 0.044444
4 0.389844 0.127315 0.017188 0.013889
5 0.391667 0.134722 0.020833 0.019444
1 0.396615 0.092593 0.019271 0.035185
8 0.396615 0.099074 0.040104 0.055556
4 0.355990 0.130556 0.015104 0.016667
1 0.351823 0.093056 0.016146 0.034259
8 0.352865 0.108333 0.046354 0.068519
5 0.288021 0.302778 0.026042 0.029630
6 0.346615 0.292593 0.026562 0.035185
5 0.368490 0.305556 0.025521 0.033333
1 0.346094 0.230556 0.021354 0.051852
8 0.344271 0.256019 0.063542 0.106481
5 0.396094 0.293056 0.029687 0.017593
4 0.405990 0.275000 0.025521 0.018519
1 0.405469 0.218519 0.023438 0.055556
8 0.407292 0.241204 0.065625 0.099074
4 0.464323 0.279167 0.016146 0.028704
1 0.473438 0.227778 0.023958 0.046296
8 0.468490 0.243981 0.051562 0.084259
5 0.454688 0.204167 0.028125 0.025000
5 0.509115 0.198148 0.020313 0.020370
4 0.531771 0.280556 0.028125 0.025926
5 0.529167 0.298148 0.026042 0.031481
1 0.532292 0.220833 0.022917 0.045370
8 0.526823 0.243519 0.068229 0.100000
5 0.533594 0.125463 0.016146 0.019444
4 0.574740 0.191667 0.022396 0.016667
5 0.570573 0.205556 0.019271 0.018519
5 0.587240 0.205556 0.019271 0.022222
1 0.574740 0.149537 0.021354 0.043519
8 0.571094 0.162037 0.064062 0.068519
5 0.621615 0.203704 0.021354 0.022222
6 0.660417 0.210648 0.040625 0.041667
1 0.662240 0.135648 0.019271 0.043519
8 0.654167 0.161111 0.042708 0.094444
4 0.701042 0.205556 0.016667 0.020370
1 0.708594 0.159722 0.022396 0.043519
9 0.703125 0.173148 0.053125 0.081481
5 0.718750 0.216667 0.021875 0.022222
4 0.757292 0.314352 0.021875 0.023148
4 0.704167 0.299074 0.027083 0.018519
5 0.711198 0.316204 0.041146 0.023148
1 0.758594 0.235185 0.023438 0.055556
1 0.699740 0.243056 0.020313 0.047222
9 0.698438 0.262037 0.057292 0.094444
8 0.751042 0.268056 0.051042 0.113889
4 0.205990 0.374074 0.020313 0.018519
1 0.212240 0.317130 0.023438 0.052778
8 0.215365 0.351389 0.049479 0.123148
1 0.252865 0.368519 0.023438 0.046296
4 0.256771 0.418056 0.026042 0.028704
9 0.252865 0.369907 0.059896 0.112037
4 0.315365 0.405556 0.035937 0.025926
1 0.311719 0.347222 0.026562 0.055556
9 0.322396 0.368056 0.081250 0.099074
5 0.369792 0.423611 0.037500 0.030556
5 0.460938 0.405556 0.037500 0.035185
5 0.531771 0.418519 0.028125 0.044444
4 0.596615 0.410648 0.025521 0.030556
1 0.595313 0.323148 0.028125 0.057407
8 0.588021 0.355556 0.077083 0.142593
6 0.663021 0.427778 0.033333 0.046296
3 0.643490 0.430556 0.011979 0.025926
1 0.657813 0.318519 0.026042 0.057407
8 0.655469 0.355556 0.060937 0.137037
7 0.724740 0.397685 0.035937 0.054630
9 0.716667 0.393056 0.060417 0.104630
4 0.781771 0.415741 0.018750 0.027778
1 0.790625 0.368519 0.025000 0.046296
9 0.774740 0.380556 0.053646 0.092593
5 0.788542 0.423611 0.033333 0.043519
3 0.985938 0.756019 0.011458 0.028704
5 0.984115 0.764815 0.022396 0.048148
9 0.967448 0.713889 0.065104 0.088889
4 0.926042 0.536574 0.019792 0.019444
5 0.919792 0.541204 0.023958 0.047222
1 0.927865 0.477778 0.020313 0.051852
8 0.904948 0.494444 0.068229 0.109259
4 0.867969 0.385185 0.014063 0.018519
5 0.865365 0.390741 0.024479 0.031481
1 0.864323 0.318056 0.021354 0.045370
8 0.849740 0.345370 0.055729 0.100000
4 0.902865 0.393519 0.019271 0.022222
1 0.906250 0.342593 0.018750 0.042593
1 0.899219 0.358333 0.040104 0.094444
1 0.795573 0.153241 0.016146 0.037963
8 0.785417 0.173148 0.037500 0.081481
8 0.821094 0.186111 0.029687 0.068519
1 0.824740 0.168056 0.014063 0.034259
1 0.806771 0.118519 0.013542 0.031481
8 0.799740 0.128704 0.035937 0.048148
4 0.771615 0.143519 0.018229 0.016667
1 0.768490 0.103704 0.016146 0.038889
8 0.754167 0.150463 0.044792 0.130556
1 0.743490 0.067593 0.013021 0.025926
8 0.735417 0.080556 0.035417 0.055556
1 0.746094 0.031944 0.009896 0.026852
8 0.742969 0.043981 0.032813 0.047222
0 0.716667 0.018981 0.011458 0.025000
8 0.712240 0.031019 0.025521 0.050926
