5 0.088021 0.841204 0.033333 0.056481
5 0.125521 0.818056 0.031250 0.063889
5 0.144271 0.841667 0.037500 0.075926
4 0.092188 0.800926 0.020833 0.025926
4 0.117969 0.791204 0.023438 0.034259
1 0.080990 0.727778 0.029687 0.059259
1 0.128646 0.718056 0.034375 0.069444
8 0.092188 0.734259 0.060417 0.155556
8 0.161719 0.740278 0.100521 0.139815
5 0.729948 0.843056 0.049479 0.086111
4 0.699740 0.815741 0.023438 0.038889
1 0.700521 0.729630 0.037500 0.074074
8 0.673438 0.753704 0.118750 0.179630
4 0.763542 0.594907 0.031250 0.030556
4 0.829688 0.605556 0.023958 0.037037
1 0.763542 0.481019 0.030208 0.058333
1 0.838542 0.518519 0.032292 0.057407
8 0.751563 0.531019 0.065625 0.160185
8 0.819792 0.543056 0.069792 0.163889
5 0.763542 0.606019 0.029167 0.052778
5 0.826042 0.606019 0.031250 0.056481
5 0.692448 0.618056 0.036979 0.058333
4 0.694792 0.556019 0.018750 0.025000
1 0.691667 0.481019 0.034375 0.076852
8 0.677865 0.516667 0.077604 0.146296
1 0.421615 0.477778 0.030729 0.072222
4 0.416667 0.568056 0.028125 0.028704
5 0.427865 0.601389 0.057813 0.062037
8 0.430990 0.508333 0.078646 0.144444
2 0.331771 0.477315 0.030208 0.062037
4 0.336719 0.613889 0.031771 0.035185
8 0.335938 0.530556 0.070833 0.194444
5 0.259896 0.618056 0.036458 0.071296
5 0.194792 0.605093 0.033333 0.054630
1 0.131771 0.556019 0.025000 0.050926
9 0.146615 0.555556 0.074479 0.087037
4 0.134115 0.603241 0.019271 0.036111
5 0.132292 0.615741 0.025000 0.033333
4 0.190365 0.428704 0.016146 0.024074
4 0.256771 0.418056 0.026042 0.025000
4 0.315365 0.405556 0.035937 0.027778
1 0.190365 0.381019 0.026562 0.045370
1 0.252865 0.368981 0.022396 0.043519
1 0.314844 0.352778 0.026562 0.053704
9 0.199219 0.380556 0.059896 0.094444
9 0.254688 0.368519 0.058333 0.111111
9 0.321615 0.368519 0.081771 0.096296
5 0.369792 0.421759 0.037500 0.030556
5 0.461198 0.406019 0.036979 0.034259
5 0.531250 0.418519 0.028125 0.044444
4 0.596875 0.406481 0.025000 0.031481
1 0.595313 0.325926 0.030208 0.061111
8 0.588021 0.356019 0.077083 0.139815
6 0.663021 0.428704 0.033333 0.048148
3 0.643490 0.430556 0.011979 0.025926
1 0.657292 0.318056 0.028125 0.056481
8 0.657292 0.356019 0.058333 0.137963
7 0.726042 0.402315 0.033333 0.052778
9 0.717448 0.393056 0.058854 0.099074
4 0.781250 0.415741 0.018750 0.029630
5 0.790365 0.425463 0.029687 0.037963
1 0.790365 0.368519 0.022396 0.048148
9 0.774740 0.380556 0.056771 0.094444
4 0.757292 0.315741 0.021875 0.024074
4 0.699740 0.293056 0.017188 0.034259
5 0.709896 0.306019 0.043750 0.032407
0 0.702344 0.227778 0.020313 0.050000
8 0.697917 0.259722 0.057292 0.119444
1 0.757292 0.231019 0.025000 0.049074
8 0.751563 0.268519 0.051042 0.118519
1 0.707292 0.158333 0.023958 0.044444
9 0.701042 0.168519 0.053125 0.075926
5 0.719792 0.215741 0.019792 0.022222
6 0.661198 0.206019 0.041146 0.037963
1 0.660417 0.134722 0.019792 0.043519
8 0.654948 0.159722 0.043229 0.093519
5 0.622396 0.203704 0.021875 0.022222
5 0.579167 0.205556 0.036458 0.022222
5 0.527865 0.293981 0.027604 0.030556
4 0.530990 0.278704 0.029687 0.022222
4 0.574740 0.191204 0.023438 0.017593
1 0.534375 0.230556 0.025000 0.044444
1 0.574219 0.143056 0.020313 0.043519
8 0.571615 0.160185 0.064062 0.068519
8 0.528646 0.243056 0.077083 0.091667
4 0.461719 0.281019 0.017188 0.025000
1 0.465365 0.239815 0.023438 0.040741
8 0.466667 0.247222 0.051042 0.068519
4 0.405990 0.277315 0.025521 0.021296
5 0.396094 0.293056 0.029687 0.019444
1 0.404167 0.218981 0.023958 0.056481
8 0.407292 0.243519 0.066667 0.094444
5 0.369271 0.306019 0.026042 0.034259
6 0.345313 0.291667 0.023958 0.033333
1 0.346094 0.230556 0.020313 0.053704
8 0.343490 0.256019 0.064062 0.102778
5 0.288542 0.303704 0.026042 0.029630
4 0.355990 0.130556 0.015104 0.018519
1 0.351042 0.093519 0.016667 0.033333
8 0.354167 0.106019 0.045833 0.065741
4 0.390365 0.128241 0.017188 0.013889
1 0.395313 0.092593 0.018750 0.035185
8 0.396615 0.102778 0.041146 0.062963
4 0.429167 0.121759 0.013542 0.019444
7 0.443490 0.105093 0.019271 0.028704
9 0.438542 0.105556 0.042708 0.044444
4 0.482292 0.114815 0.019792 0.016667
5 0.477344 0.129167 0.018229 0.019444
5 0.493490 0.129630 0.018229 0.016667
1 0.482292 0.071759 0.015625 0.030556
8 0.484375 0.089815 0.053125 0.064815
5 0.571615 0.122222 0.019271 0.018519
1 0.571094 0.083333 0.018229 0.031481
8 0.568490 0.093056 0.041146 0.060185
5 0.614323 0.128704 0.018229 0.018519
1 0.659115 0.079167 0.016146 0.036111
8 0.654167 0.093519 0.039583 0.070370
1 0.641146 0.045833 0.015625 0.019444
9 0.634115 0.055093 0.040104 0.047222
4 0.594792 0.060648 0.019792 0.019444
1 0.591667 0.029167 0.014583 0.032407
8 0.591146 0.043056 0.044792 0.058333
4 0.545573 0.055556 0.016146 0.012963
1 0.544792 0.028241 0.013542 0.028704
8 0.546615 0.040278 0.038021 0.052778
5 0.541667 0.068056 0.025000 0.019444
5 0.593490 0.075926 0.017188 0.012963
5 0.609115 0.078241 0.014063 0.013889
1 0.512240 0.030556 0.013021 0.027778
6 0.513542 0.068519 0.026042 0.014815
8 0.510417 0.043056 0.033333 0.050926
1 0.467969 0.030556 0.013021 0.027778
8 0.469271 0.041204 0.036458 0.047222
4 0.430990 0.068056 0.018229 0.015741
1 0.426823 0.031019 0.013021 0.025000
8 0.432292 0.047222 0.038542 0.055556
1 0.396615 0.043056 0.014063 0.026852
8 0.394792 0.053704 0.037500 0.050000
0 0.308073 0.014352 0.015104 0.026852
8 0.310417 0.092130 0.035417 0.180556
8 0.335417 0.060185 0.026042 0.118519
6 0.366146 0.032407 0.017708 0.018519
1 0.369792 0.010185 0.010417 0.018519
9 0.366667 0.018519 0.033333 0.035185
1 0.652865 0.010185 0.011979 0.018519
8 0.648438 0.022685 0.037500 0.043519
3 0.137240 0.380556 0.014063 0.018519
6 0.126042 0.372685 0.023958 0.030556
1 0.124219 0.337963 0.019271 0.037037
8 0.138542 0.343056 0.051042 0.065741
1 0.150000 0.216204 0.015625 0.037963
8 0.151042 0.231944 0.046875 0.080556
5 0.180469 0.198148 0.014063 0.018519
5 0.217969 0.191667 0.019271 0.020370
1 0.188542 0.152315 0.013542 0.026852
1 0.219792 0.153704 0.015625 0.037037
8 0.193490 0.160185 0.032813 0.055556
8 0.227344 0.160185 0.038021 0.055556
1 0.205469 0.105556 0.011979 0.024074
1 0.234896 0.106019 0.013542 0.026852
8 0.210938 0.118519 0.031250 0.044444
4 0.204167 0.134259 0.014583 0.005556
4 0.235417 0.130556 0.009375 0.011111
9 0.244792 0.115278 0.035417 0.049074
4 0.267969 0.089815 0.008854 0.014815
1 0.269271 0.065741 0.014583 0.027778
9 0.280990 0.068519 0.036979 0.040741
0 0.278646 0.026852 0.010417 0.022222
8 0.280469 0.030556 0.028646 0.044444
1 0.718490 0.018519 0.010937 0.025926
8 0.714323 0.030556 0.025521 0.050000
1 0.745313 0.030556 0.010417 0.025926
4 0.745313 0.059259 0.013542 0.005556
8 0.744271 0.043519 0.030208 0.044444
2 0.732292 0.056019 0.013542 0.026852
8 0.727865 0.081481 0.030729 0.085185
4 0.771094 0.143056 0.015104 0.019444
1 0.768490 0.104167 0.017188 0.037963
8 0.755990 0.147685 0.046354 0.130556
1 0.806771 0.118519 0.013542 0.033333
8 0.798438 0.129167 0.037500 0.049074
1 0.795573 0.154630 0.018229 0.037037
8 0.785417 0.169907 0.038542 0.080556
1 0.827865 0.168519 0.016146 0.038889
8 0.822917 0.184722 0.029167 0.069444
4 0.868490 0.380556 0.014063 0.018519
5 0.865365 0.390741 0.025521 0.031481
1 0.862240 0.318519 0.021354 0.046296
8 0.852344 0.343056 0.054688 0.100926
4 0.902865 0.393056 0.020313 0.023148
1 0.905990 0.341204 0.019271 0.043519
8 0.898698 0.356481 0.043229 0.094444
4 0.924740 0.539815 0.018229 0.020370
5 0.921615 0.541667 0.023438 0.046296
1 0.927865 0.476852 0.021354 0.051852
8 0.905990 0.493056 0.066146 0.106481
3 0.985938 0.756019 0.011458 0.030556
5 0.985417 0.764815 0.021875 0.048148
9 0.967969 0.705556 0.064062 0.087037
