5 0.087240 0.839352 0.033854 0.056481
5 0.126042 0.819907 0.030208 0.063889
5 0.143490 0.841667 0.038021 0.077778
4 0.091667 0.803241 0.020833 0.030556
4 0.116146 0.793056 0.021875 0.034259
1 0.079167 0.718981 0.029167 0.060185
1 0.133073 0.723611 0.033854 0.056481
8 0.090365 0.736111 0.054688 0.157407
8 0.157292 0.743056 0.106250 0.143519
5 0.729167 0.843519 0.051042 0.087037
4 0.690365 0.815278 0.041146 0.045370
1 0.697396 0.730093 0.037500 0.075000
8 0.676042 0.751389 0.115625 0.175000
4 0.830990 0.603704 0.019271 0.025926
5 0.826042 0.605556 0.034375 0.055556
3 0.763021 0.594907 0.014583 0.032407
5 0.762240 0.606019 0.033854 0.056481
1 0.839063 0.518519 0.031250 0.057407
9 0.817187 0.536111 0.072917 0.155556
1 0.764844 0.477315 0.026562 0.063889
8 0.748437 0.510648 0.068750 0.130556
4 0.679167 0.605556 0.027083 0.035185
5 0.694271 0.624537 0.034375 0.056481
1 0.687240 0.505556 0.035937 0.074074
8 0.676042 0.535648 0.081250 0.169444
4 0.414844 0.569444 0.026562 0.029630
5 0.422917 0.600000 0.059375 0.068519
2 0.411719 0.457407 0.042188 0.066667
8 0.430990 0.506019 0.081771 0.158333
3 0.348698 0.593056 0.016146 0.036111
0 0.331771 0.441667 0.028125 0.062963
8 0.340625 0.492593 0.071875 0.172222
5 0.260417 0.618056 0.036458 0.071296
5 0.193490 0.605093 0.033854 0.054630
5 0.134896 0.606944 0.028125 0.049074
4 0.135417 0.603704 0.017708 0.033333
1 0.130990 0.554630 0.022396 0.048148
9 0.144792 0.557407 0.069792 0.087037
5 0.119792 0.403241 0.026042 0.026852
6 0.126042 0.374074 0.022917 0.031481
1 0.123438 0.318519 0.019792 0.038889
8 0.137240 0.337963 0.049479 0.074074
4 0.191667 0.428241 0.016667 0.023148
1 0.189844 0.381019 0.026562 0.045370
9 0.199219 0.387037 0.058854 0.103704
4 0.257292 0.422222 0.028125 0.024074
1 0.254167 0.367593 0.022917 0.044444
9 0.254688 0.370833 0.058333 0.113889
4 0.314063 0.399074 0.031250 0.027778
1 0.314063 0.350000 0.026042 0.055556
9 0.322917 0.368519 0.081250 0.090741
5 0.461198 0.406944 0.038021 0.032407
5 0.531771 0.419444 0.027083 0.044444
4 0.597396 0.410648 0.025000 0.030556
1 0.595313 0.325926 0.028125 0.061111
8 0.588542 0.355556 0.077083 0.140741
1 0.659375 0.319444 0.028125 0.059259
6 0.663021 0.428704 0.033333 0.048148
3 0.643490 0.432870 0.011979 0.025000
8 0.657292 0.355556 0.059375 0.131481
7 0.724740 0.397222 0.034896 0.044444
9 0.716667 0.394907 0.059375 0.104630
4 0.780469 0.417593 0.020313 0.025926
1 0.789062 0.368519 0.025000 0.050000
5 0.790365 0.424074 0.027604 0.042593
9 0.774219 0.381944 0.054688 0.091667
4 0.758594 0.313426 0.023438 0.026852
6 0.709115 0.306019 0.044271 0.037963
1 0.704167 0.243519 0.023958 0.044444
1 0.759115 0.232407 0.024479 0.051852
9 0.696094 0.268519 0.057813 0.105556
8 0.751042 0.267130 0.052083 0.113889
4 0.702344 0.206019 0.017188 0.017593
5 0.718490 0.216204 0.022396 0.023148
1 0.709115 0.156019 0.020313 0.037963
9 0.702083 0.175000 0.055208 0.081481
4 0.660417 0.193981 0.028125 0.017593
5 0.659115 0.213426 0.039062 0.025000
5 0.622396 0.202778 0.021875 0.022222
1 0.651042 0.129167 0.017708 0.037963
8 0.651563 0.155093 0.044792 0.093519
4 0.573698 0.188889 0.021354 0.018519
5 0.578646 0.205556 0.037500 0.022222
1 0.571615 0.143056 0.021354 0.043519
8 0.569792 0.159722 0.060417 0.075000
5 0.509896 0.197685 0.020833 0.025000
5 0.455990 0.204167 0.029687 0.023148
5 0.351042 0.207870 0.022917 0.021296
5 0.368490 0.307870 0.026562 0.036111
5 0.395313 0.294907 0.030208 0.017593
1 0.334115 0.241667 0.025521 0.044444
1 0.405990 0.220370 0.023438 0.051852
8 0.343490 0.260648 0.061979 0.091667
4 0.406771 0.277315 0.025000 0.021296
8 0.407813 0.242130 0.064583 0.095370
4 0.462240 0.280556 0.017188 0.025926
1 0.466667 0.236111 0.020833 0.042593
1 0.534896 0.230556 0.025000 0.048148
4 0.532292 0.281944 0.029167 0.036111
8 0.466667 0.248148 0.051042 0.068519
8 0.529167 0.250000 0.073958 0.105556
1 0.660417 0.078704 0.017708 0.037037
8 0.654948 0.093519 0.043229 0.070370
5 0.614323 0.128704 0.018229 0.018519
1 0.571615 0.086574 0.020313 0.032407
8 0.569792 0.095370 0.040625 0.061111
1 0.641667 0.035185 0.014583 0.031481
1 0.593490 0.031019 0.015104 0.034259
1 0.541146 0.029630 0.015625 0.029630
4 0.534896 0.059259 0.009375 0.014815
8 0.546615 0.041204 0.036979 0.052778
4 0.597917 0.064815 0.011458 0.014815
8 0.592708 0.043519 0.042708 0.057407
5 0.610938 0.077778 0.020833 0.012963
5 0.542448 0.072222 0.025521 0.018519
1 0.515625 0.032407 0.012500 0.029630
6 0.516146 0.065278 0.028125 0.023148
8 0.510417 0.043519 0.040625 0.048148
4 0.465365 0.058796 0.016146 0.010185
1 0.467969 0.031019 0.011979 0.028704
8 0.468490 0.042593 0.034896 0.046296
8 0.483594 0.089815 0.050521 0.062963
1 0.481771 0.075000 0.017708 0.033333
4 0.482292 0.112037 0.018750 0.016667
5 0.476042 0.129630 0.018750 0.020370
5 0.492969 0.129167 0.017188 0.017593
4 0.429948 0.124074 0.013021 0.020370
7 0.443490 0.104630 0.019271 0.029630
9 0.438542 0.110185 0.042708 0.044444
4 0.432292 0.068519 0.016667 0.012963
1 0.429688 0.032870 0.012500 0.026852
8 0.430990 0.046759 0.040104 0.056481
1 0.396615 0.042130 0.014063 0.028704
8 0.394271 0.052315 0.037500 0.050926
4 0.390365 0.126852 0.017188 0.014815
1 0.397396 0.086574 0.019792 0.034259
1 0.351823 0.093519 0.015104 0.035185
4 0.356771 0.132407 0.014583 0.018519
8 0.354167 0.107870 0.046875 0.065741
8 0.397396 0.097685 0.039583 0.067593
5 0.390365 0.138889 0.017188 0.011111
6 0.366667 0.035185 0.015625 0.018519
1 0.369792 0.010648 0.012500 0.019444
9 0.367448 0.019444 0.034896 0.037037
1 0.718750 0.024074 0.012500 0.027778
8 0.712240 0.032870 0.028646 0.047222
1 0.746094 0.036111 0.009896 0.027778
8 0.742969 0.047222 0.031771 0.048148
1 0.741667 0.067593 0.011458 0.022222
8 0.732292 0.080093 0.038542 0.056481
1 0.768490 0.105093 0.017188 0.037963
4 0.769792 0.146296 0.015625 0.014815
8 0.755469 0.149074 0.048438 0.129630
1 0.804167 0.118981 0.014583 0.032407
8 0.801042 0.130556 0.032292 0.053704
1 0.801042 0.163889 0.018750 0.037037
1 0.826042 0.170833 0.016667 0.036111
8 0.788542 0.179630 0.044792 0.066667
8 0.822917 0.187500 0.027083 0.069444
4 0.902865 0.395370 0.018229 0.024074
4 0.868490 0.385185 0.014063 0.018519
5 0.865365 0.390741 0.024479 0.029630
1 0.864844 0.318056 0.021354 0.043519
1 0.907292 0.336111 0.017708 0.044444
8 0.851042 0.344444 0.055208 0.098148
8 0.896615 0.358333 0.040104 0.096296
4 0.926042 0.537500 0.018750 0.019444
5 0.921615 0.541204 0.023438 0.047222
1 0.927865 0.477778 0.021354 0.051852
9 0.905990 0.493056 0.064062 0.104630
4 0.984896 0.750926 0.014583 0.037037
5 0.985417 0.767593 0.020833 0.037037
9 0.968490 0.709259 0.063021 0.085185
4 0.152865 0.275926 0.019271 0.018519
1 0.151042 0.230556 0.016667 0.035185
8 0.155990 0.242130 0.040104 0.080556
1 0.187240 0.152315 0.013021 0.025000
1 0.219792 0.152315 0.016667 0.037963
1 0.204167 0.110185 0.012500 0.024074
1 0.237240 0.104167 0.014063 0.026852
5 0.180469 0.200926 0.014063 0.018519
5 0.217188 0.191204 0.018750 0.019444
8 0.193490 0.163426 0.032813 0.056481
8 0.226042 0.165741 0.038542 0.064815
8 0.210938 0.118056 0.030208 0.045370
8 0.245573 0.115741 0.033854 0.051852
4 0.270313 0.090278 0.017708 0.013889
1 0.269792 0.066667 0.013542 0.025926
9 0.277865 0.073148 0.041146 0.044444
0 0.279167 0.021296 0.012500 0.022222
8 0.279167 0.031944 0.026042 0.045370
4 0.296615 0.047222 0.006771 0.011111
1 0.304167 0.017593 0.013542 0.024074
8 0.308594 0.030093 0.032813 0.052778
