5 0.119271 0.403704 0.026042 0.029630
6 0.126042 0.372222 0.027083 0.044444
3 0.138021 0.381019 0.015625 0.023148
1 0.121615 0.337037 0.021354 0.044444
8 0.137240 0.343056 0.052604 0.067593
1 0.147396 0.210185 0.017708 0.044444
3 0.159115 0.280556 0.010937 0.018519
8 0.154688 0.231944 0.043750 0.089815
5 0.179688 0.202778 0.015625 0.024074
5 0.217188 0.192130 0.020833 0.023148
1 0.188542 0.150463 0.014583 0.030556
1 0.216667 0.153241 0.014583 0.037963
8 0.193490 0.165278 0.032813 0.062037
8 0.224740 0.161111 0.041146 0.057407
1 0.207292 0.110185 0.012500 0.031481
1 0.237240 0.099537 0.014063 0.030556
4 0.204167 0.136574 0.016667 0.019444
4 0.237240 0.130093 0.014063 0.015741
8 0.211719 0.118981 0.032813 0.050926
8 0.244792 0.109722 0.033333 0.056481
4 0.271094 0.086111 0.013021 0.018519
1 0.272917 0.048611 0.014583 0.030556
8 0.280469 0.064352 0.039062 0.063889
1 0.277865 0.023148 0.014063 0.031481
1 0.305990 0.018056 0.013021 0.026852
4 0.302344 0.049074 0.010937 0.018519
8 0.309115 0.031019 0.032813 0.054630
2 0.338542 0.017593 0.018750 0.031481
8 0.343490 0.047685 0.030729 0.093519
1 0.355469 0.090741 0.018229 0.037037
1 0.400521 0.044444 0.020833 0.038889
1 0.429688 0.032407 0.014583 0.031481
1 0.434115 0.077315 0.020313 0.034259
4 0.355990 0.132407 0.013021 0.018519
5 0.357812 0.140741 0.018750 0.020370
8 0.354167 0.106019 0.044792 0.071296
8 0.399740 0.070370 0.047396 0.088889
8 0.432292 0.091667 0.031250 0.064815
8 0.433073 0.045370 0.040104 0.057407
2 0.467969 0.016204 0.018229 0.028704
8 0.469271 0.035185 0.039583 0.068519
1 0.480469 0.074537 0.017188 0.034259
8 0.482292 0.090278 0.041667 0.067593
2 0.512240 0.027778 0.015104 0.029630
2 0.544792 0.024074 0.016667 0.031481
2 0.584896 0.028704 0.017708 0.033333
6 0.514062 0.069444 0.026042 0.020370
5 0.544792 0.070833 0.025000 0.019444
5 0.534115 0.127778 0.017188 0.022222
4 0.593490 0.062963 0.020313 0.018519
5 0.609115 0.076852 0.022396 0.018519
8 0.510417 0.043056 0.036458 0.065741
8 0.548438 0.038426 0.041667 0.063889
8 0.590365 0.043056 0.044271 0.062037
1 0.568750 0.088426 0.018750 0.036111
9 0.564844 0.096296 0.053646 0.062963
5 0.613542 0.128704 0.020833 0.024074
2 0.639844 0.043056 0.018229 0.028704
9 0.636719 0.054167 0.045312 0.054630
1 0.659115 0.079630 0.019271 0.038889
8 0.653646 0.095833 0.043750 0.076852
4 0.701042 0.206019 0.018750 0.023148
5 0.718490 0.215741 0.023438 0.027778
5 0.622396 0.203704 0.025000 0.027778
5 0.661719 0.218519 0.042188 0.029630
1 0.659896 0.137037 0.018750 0.044444
1 0.708594 0.158796 0.022396 0.047222
8 0.654167 0.160648 0.043750 0.093519
9 0.701042 0.173611 0.059375 0.080556
4 0.574740 0.193056 0.027604 0.023148
5 0.589063 0.207870 0.021875 0.023148
5 0.570573 0.205556 0.021354 0.022222
6 0.510938 0.186574 0.019792 0.030556
1 0.569792 0.144444 0.020833 0.046296
8 0.571094 0.161574 0.067187 0.080556
1 0.511198 0.100000 0.019271 0.044444
8 0.508594 0.131019 0.053646 0.110185
5 0.489063 0.195833 0.021875 0.028704
5 0.455990 0.195370 0.020313 0.029630
0 0.453646 0.089352 0.020833 0.043519
8 0.460938 0.128704 0.045833 0.120370
1 0.401042 0.122685 0.026042 0.043519
5 0.380469 0.207870 0.027604 0.028704
8 0.407292 0.144907 0.050000 0.093519
5 0.288542 0.303241 0.029167 0.036111
4 0.339844 0.291204 0.027604 0.026852
5 0.369271 0.308796 0.029167 0.039815
4 0.405469 0.276389 0.026562 0.026852
5 0.395313 0.294907 0.033333 0.025000
1 0.341667 0.228704 0.022917 0.057407
1 0.405469 0.219907 0.025521 0.056481
8 0.343750 0.250463 0.065625 0.106481
8 0.408594 0.243056 0.069271 0.102778
4 0.463542 0.279630 0.020833 0.029630
4 0.537240 0.283796 0.024479 0.025000
3 0.522396 0.296296 0.014583 0.022222
2 0.469792 0.215278 0.027083 0.047222
0 0.523438 0.205556 0.023958 0.055556
8 0.467969 0.238426 0.054688 0.099074
8 0.530990 0.236574 0.071354 0.119444
4 0.702865 0.304167 0.023438 0.025000
4 0.757812 0.317593 0.025000 0.025926
5 0.721615 0.315741 0.019271 0.029630
1 0.701042 0.243056 0.019792 0.050926
1 0.760417 0.243519 0.023958 0.053704
8 0.698438 0.268056 0.059375 0.099074
8 0.752344 0.271296 0.055729 0.112963
1 0.788542 0.373148 0.025000 0.046296
4 0.780469 0.418056 0.022396 0.026852
5 0.791667 0.427778 0.029167 0.044444
9 0.773438 0.383333 0.058333 0.094444
9 0.716667 0.394907 0.064583 0.106481
7 0.722917 0.395833 0.035417 0.050926
6 0.662240 0.431019 0.035937 0.047222
3 0.644792 0.432870 0.016667 0.032407
1 0.654167 0.325000 0.027083 0.068519
8 0.654167 0.363426 0.061458 0.143519
8 0.594792 0.324537 0.029167 0.065741
4 0.596615 0.410185 0.028646 0.037037
8 0.588021 0.355556 0.077083 0.144444
5 0.460938 0.407870 0.039583 0.037963
5 0.531771 0.419444 0.031250 0.048148
5 0.369792 0.425926 0.041667 0.037037
1 0.313021 0.349537 0.028125 0.056481
1 0.314323 0.407870 0.036979 0.034259
8 0.321615 0.370370 0.083854 0.103704
8 0.193490 0.422222 0.018229 0.024074
8 0.255990 0.421759 0.029687 0.025000
1 0.190365 0.372222 0.026562 0.044444
1 0.251042 0.368056 0.025000 0.050926
9 0.252865 0.375463 0.059896 0.117593
9 0.199219 0.381944 0.059896 0.095370
4 0.136198 0.605093 0.018229 0.037963
4 0.194792 0.613426 0.027083 0.036111
5 0.134115 0.613889 0.028646 0.044444
5 0.197396 0.606019 0.034375 0.058333
1 0.131250 0.562963 0.028125 0.050000
1 0.187240 0.519444 0.029687 0.062963
9 0.142969 0.561574 0.064062 0.091667
8 0.207813 0.556944 0.069792 0.150926
5 0.254688 0.610185 0.033333 0.068519
5 0.088021 0.841204 0.035417 0.060185
5 0.126042 0.823611 0.034375 0.069444
5 0.143490 0.843056 0.041146 0.082407
4 0.092448 0.805093 0.022396 0.037963
4 0.116667 0.793981 0.025000 0.039815
1 0.081250 0.725000 0.031250 0.059259
1 0.127865 0.715741 0.035937 0.068519
8 0.090885 0.742130 0.056771 0.163889
8 0.159115 0.744907 0.104688 0.149074
5 0.729167 0.843981 0.053125 0.091667
4 0.685937 0.806944 0.038542 0.034259
1 0.693490 0.718056 0.040104 0.078704
8 0.670312 0.739815 0.113542 0.172222
3 0.336719 0.626389 0.019271 0.043519
4 0.414844 0.583796 0.025521 0.054630
1 0.337760 0.466204 0.028646 0.067593
8 0.348438 0.515278 0.070833 0.167593
6 0.426563 0.600926 0.061458 0.074074
6 0.422135 0.487500 0.031771 0.078704
8 0.435417 0.518519 0.088542 0.142593
4 0.681510 0.605093 0.030729 0.039815
5 0.693490 0.621296 0.039062 0.062963
4 0.755990 0.588889 0.029687 0.051852
5 0.763542 0.606944 0.034375 0.058333
1 0.685417 0.506481 0.037500 0.072222
1 0.771615 0.512500 0.032813 0.067593
8 0.677344 0.534722 0.081771 0.176852
8 0.752344 0.531481 0.073438 0.112963
4 0.829688 0.605556 0.026042 0.042593
5 0.827865 0.607870 0.032813 0.062037
1 0.839063 0.520370 0.033333 0.064815
8 0.819271 0.543519 0.069792 0.164815
4 0.985417 0.756481 0.016667 0.037037
4 0.926042 0.538426 0.019792 0.025000
5 0.921875 0.542130 0.025000 0.049074
1 0.927865 0.476852 0.022396 0.053704
8 0.905469 0.495370 0.069271 0.107407
4 0.868490 0.384722 0.016146 0.023148
4 0.904167 0.393056 0.019792 0.021296
5 0.864583 0.390278 0.026042 0.034259
1 0.864323 0.318981 0.021354 0.049074
1 0.904167 0.330556 0.018750 0.046296
8 0.854948 0.344444 0.050521 0.101852
8 0.896615 0.354167 0.043229 0.097222
3 0.791667 0.230093 0.014583 0.015741
1 0.788021 0.143519 0.017708 0.038889
1 0.830990 0.184259 0.017188 0.038889
8 0.779167 0.168056 0.043750 0.087963
8 0.820312 0.192593 0.040625 0.059259
1 0.805990 0.116204 0.015104 0.034259
1 0.775260 0.110648 0.018229 0.037963
8 0.764062 0.121759 0.043750 0.065741
8 0.801042 0.128704 0.033333 0.062963
1 0.742448 0.065278 0.015104 0.028704
8 0.735938 0.080556 0.034375 0.062963
1 0.746094 0.035185 0.010937 0.027778
8 0.743490 0.048611 0.032813 0.056481
1 0.713542 0.021296 0.013542 0.029630
8 0.713542 0.033796 0.027083 0.054630
