5 0.118490 0.404630 0.025521 0.025926
6 0.124740 0.368056 0.024479 0.043519
3 0.138021 0.381019 0.014583 0.023148
1 0.124740 0.318056 0.018229 0.045370
8 0.137240 0.334722 0.046354 0.080556
3 0.159115 0.280556 0.009896 0.016667
1 0.150521 0.218519 0.017708 0.038889
8 0.157292 0.233796 0.036458 0.069444
5 0.180469 0.198148 0.014063 0.018519
5 0.217188 0.191667 0.019792 0.022222
1 0.188021 0.146759 0.012500 0.030556
1 0.216146 0.155093 0.014583 0.037963
8 0.193490 0.161111 0.032813 0.055556
8 0.226042 0.158333 0.040625 0.055556
4 0.190365 0.184259 0.015104 0.005556
4 0.204948 0.132407 0.016146 0.018519
4 0.238021 0.130556 0.014583 0.012963
1 0.205990 0.105556 0.011979 0.025926
1 0.237240 0.096759 0.013021 0.030556
8 0.212500 0.118056 0.031250 0.049074
8 0.244792 0.105556 0.031250 0.051852
4 0.266146 0.090278 0.014583 0.013889
1 0.267188 0.066667 0.014583 0.029630
9 0.277865 0.068519 0.042188 0.044444
4 0.301563 0.052315 0.012500 0.012037
1 0.279167 0.029630 0.012500 0.025926
1 0.304688 0.018056 0.011458 0.025000
8 0.279948 0.032407 0.028646 0.044444
8 0.307292 0.030556 0.034375 0.055556
2 0.364844 0.010185 0.019271 0.018519
8 0.362240 0.043519 0.025521 0.085185
1 0.392448 0.041667 0.011979 0.031481
1 0.396615 0.092130 0.020313 0.036111
1 0.443490 0.104167 0.018229 0.032407
0 0.351042 0.083796 0.016667 0.037963
0 0.431771 0.020833 0.012500 0.030556
4 0.355990 0.130556 0.015104 0.018519
4 0.390365 0.129167 0.019271 0.015741
4 0.429688 0.120833 0.014583 0.019444
8 0.354167 0.106019 0.047917 0.076852
4 0.424740 0.068056 0.015104 0.013889
8 0.397396 0.098148 0.042708 0.068519
9 0.438021 0.106019 0.042708 0.047222
8 0.393490 0.048148 0.038021 0.055556
8 0.433594 0.043056 0.039062 0.067593
1 0.468490 0.030556 0.013021 0.027778
1 0.483073 0.069907 0.016146 0.030556
1 0.515365 0.031019 0.011979 0.028704
4 0.462240 0.063426 0.017188 0.013889
4 0.482292 0.115278 0.019792 0.017593
5 0.476042 0.130093 0.018750 0.023148
5 0.493490 0.130093 0.018229 0.019444
6 0.513542 0.068519 0.026042 0.016667
6 0.544792 0.068519 0.025000 0.022222
5 0.533594 0.128241 0.018229 0.021296
8 0.469271 0.043519 0.037500 0.048148
8 0.482292 0.090278 0.053125 0.067593
8 0.510938 0.043056 0.036458 0.056481
2 0.552344 0.031019 0.016146 0.030556
8 0.548438 0.043056 0.042708 0.054630
0 0.571094 0.070833 0.018229 0.030556
8 0.568490 0.092593 0.041146 0.074074
4 0.594271 0.061111 0.018750 0.018519
5 0.612240 0.077778 0.021354 0.014815
5 0.613542 0.128704 0.019792 0.022222
5 0.593490 0.076389 0.017188 0.013889
1 0.591146 0.030093 0.013542 0.030556
8 0.591667 0.043519 0.044792 0.059259
2 0.642969 0.043519 0.016146 0.027778
9 0.636719 0.055093 0.043229 0.050926
1 0.659115 0.078704 0.018229 0.038889
8 0.653646 0.093056 0.040625 0.073148
4 0.701042 0.205556 0.017708 0.020370
4 0.660417 0.197685 0.026042 0.019444
5 0.621615 0.203704 0.023438 0.025926
5 0.660417 0.217593 0.041667 0.027778
5 0.719271 0.216204 0.023958 0.026852
0 0.657813 0.130556 0.017708 0.037037
8 0.654167 0.156481 0.042708 0.094444
1 0.709115 0.158333 0.022396 0.044444
9 0.701042 0.172222 0.055208 0.081481
4 0.573438 0.190741 0.022917 0.020370
5 0.587240 0.205556 0.021354 0.024074
5 0.569792 0.206019 0.018750 0.021296
1 0.572917 0.143056 0.019792 0.043519
8 0.572917 0.158333 0.060417 0.081481
5 0.509115 0.195833 0.020313 0.030556
5 0.454688 0.204167 0.030208 0.026852
5 0.352865 0.206019 0.024479 0.023148
5 0.288021 0.303241 0.028125 0.034259
5 0.368490 0.305556 0.028646 0.038889
5 0.395313 0.293519 0.031250 0.022222
6 0.347396 0.292130 0.025000 0.036111
4 0.405990 0.272222 0.025521 0.018519
1 0.334115 0.241204 0.026562 0.047222
1 0.405469 0.218519 0.024479 0.055556
8 0.343490 0.257407 0.060937 0.094444
8 0.407292 0.242130 0.067708 0.097222
4 0.463542 0.280093 0.019792 0.026852
4 0.537240 0.281019 0.025521 0.019444
3 0.523438 0.293056 0.011458 0.019444
2 0.473698 0.222222 0.022396 0.044444
0 0.529167 0.193519 0.021875 0.050000
8 0.468490 0.243519 0.050521 0.083333
8 0.529167 0.231019 0.072917 0.123148
4 0.702865 0.304630 0.023438 0.024074
4 0.759115 0.315278 0.023438 0.025000
5 0.721615 0.316204 0.019271 0.026852
1 0.699740 0.243519 0.020313 0.048148
9 0.698698 0.266204 0.056771 0.097222
1 0.758594 0.232407 0.023438 0.055556
8 0.751042 0.268519 0.052083 0.114815
4 0.780990 0.417130 0.021354 0.028704
1 0.789844 0.368519 0.023438 0.048148
5 0.792969 0.423148 0.028646 0.044444
7 0.722917 0.400000 0.032292 0.050000
9 0.716667 0.393056 0.061458 0.104630
9 0.773438 0.381019 0.058333 0.093519
6 0.663542 0.429630 0.034375 0.053704
4 0.596615 0.406019 0.026562 0.036111
3 0.644792 0.430556 0.014583 0.031481
1 0.657292 0.318519 0.027083 0.059259
1 0.596094 0.322685 0.027604 0.056481
5 0.460938 0.406019 0.038542 0.039815
5 0.530990 0.418056 0.029687 0.047222
5 0.370573 0.426389 0.040104 0.036111
4 0.314063 0.405556 0.037500 0.029630
1 0.311719 0.347222 0.029687 0.055556
9 0.321615 0.368519 0.079687 0.101852
4 0.192969 0.421759 0.017188 0.019444
4 0.257292 0.418056 0.028125 0.032407
1 0.251823 0.368056 0.024479 0.047222
1 0.188542 0.363426 0.026042 0.050926
9 0.252865 0.368056 0.059896 0.110185
9 0.198698 0.380556 0.058854 0.103704
4 0.135417 0.604630 0.018750 0.037037
5 0.135417 0.610185 0.029167 0.044444
1 0.131771 0.556944 0.027083 0.049074
9 0.141146 0.560648 0.061458 0.093519
5 0.194271 0.605556 0.035417 0.053704
5 0.255469 0.605556 0.031771 0.064815
1 0.191667 0.543519 0.026042 0.059259
8 0.204167 0.543056 0.079167 0.080556
4 0.341667 0.601852 0.031250 0.037037
4 0.419792 0.552315 0.030208 0.028704
1 0.341667 0.473148 0.028125 0.068519
1 0.419792 0.465741 0.028125 0.074074
8 0.345313 0.529630 0.079167 0.181481
8 0.432292 0.498611 0.076042 0.143519
5 0.427344 0.595833 0.057813 0.069444
4 0.680990 0.606019 0.030729 0.039815
4 0.755990 0.588889 0.028646 0.048148
5 0.694792 0.621759 0.033333 0.056481
5 0.763542 0.606944 0.033333 0.050926
1 0.684896 0.505556 0.033333 0.068519
1 0.772917 0.551389 0.031250 0.063889
8 0.676042 0.535185 0.080208 0.179630
9 0.752865 0.538426 0.073438 0.099074
1 0.839844 0.518519 0.032813 0.061111
4 0.830990 0.605556 0.025521 0.040741
8 0.819792 0.542593 0.069792 0.162963
5 0.729167 0.843056 0.052083 0.089815
4 0.688021 0.816204 0.037500 0.047222
1 0.694792 0.726389 0.037500 0.076852
8 0.674219 0.748611 0.117188 0.169444
4 0.985417 0.744444 0.015625 0.050000
5 0.985417 0.764815 0.023958 0.050000
4 0.926042 0.536574 0.018750 0.019444
5 0.921615 0.541667 0.025521 0.050000
1 0.927865 0.477778 0.022396 0.053704
8 0.907292 0.493519 0.063542 0.107407
4 0.867188 0.381944 0.015625 0.025000
4 0.905469 0.393519 0.020313 0.025926
1 0.865365 0.312963 0.021354 0.044444
1 0.904948 0.331019 0.018229 0.047222
8 0.855469 0.343056 0.047396 0.104630
8 0.897396 0.355556 0.042708 0.098148
3 0.791667 0.230093 0.014583 0.013889
1 0.799740 0.163889 0.019271 0.037037
1 0.821094 0.168056 0.014063 0.037963
8 0.787240 0.180556 0.045312 0.072222
8 0.819792 0.184722 0.028125 0.069444
4 0.769792 0.145833 0.016667 0.019444
1 0.768490 0.105093 0.017188 0.037963
1 0.805990 0.118519 0.014063 0.035185
8 0.760417 0.118519 0.039583 0.074074
8 0.798438 0.130093 0.038542 0.058333
1 0.744271 0.065741 0.014583 0.027778
8 0.735938 0.079167 0.033333 0.058333
0 0.716146 0.018981 0.012500 0.026852
8 0.712240 0.031481 0.025521 0.050000
1 0.746094 0.031944 0.010937 0.026852
8 0.742448 0.044444 0.034896 0.051852
5 0.088021 0.840741 0.035417 0.059259
5 0.125521 0.822222 0.031250 0.068519
5 0.143490 0.844907 0.040104 0.073148
4 0.091146 0.801389 0.023958 0.030556
4 0.115365 0.792593 0.023438 0.035185
1 0.079167 0.720370 0.029167 0.064815
1 0.110417 0.737037 0.036458 0.057407
8 0.092188 0.738889 0.064583 0.161111
8 0.149740 0.754167 0.115104 0.145370
