6 0.126042 0.368519 0.022917 0.038889
3 0.137240 0.381019 0.014063 0.019444
1 0.122917 0.325000 0.019792 0.044444
8 0.134115 0.343056 0.054688 0.075000
1 0.145313 0.218981 0.015625 0.039815
8 0.152865 0.242130 0.042188 0.076852
4 0.190365 0.180556 0.015104 0.009259
5 0.217969 0.192130 0.019271 0.019444
5 0.180469 0.198148 0.015104 0.018519
1 0.188542 0.151389 0.012500 0.026852
1 0.218490 0.152315 0.015104 0.037963
8 0.193490 0.161574 0.032813 0.056481
8 0.226042 0.160648 0.038542 0.056481
4 0.204167 0.139352 0.014583 0.012037
1 0.204167 0.107870 0.012500 0.021296
1 0.237240 0.104167 0.013021 0.026852
8 0.210417 0.118056 0.030208 0.047222
8 0.246094 0.114815 0.032813 0.053704
8 0.271094 0.090278 0.017188 0.012037
1 0.269792 0.067130 0.014583 0.026852
9 0.278646 0.072222 0.041667 0.044444
1 0.280990 0.027778 0.013021 0.025926
1 0.304948 0.018519 0.011979 0.024074
8 0.279167 0.033333 0.031250 0.044444
4 0.302865 0.050463 0.010937 0.012037
8 0.307292 0.031019 0.034375 0.052778
6 0.367188 0.034722 0.014583 0.019444
1 0.369792 0.010185 0.012500 0.018519
9 0.366667 0.018519 0.035417 0.035185
1 0.396615 0.041204 0.014063 0.028704
8 0.393490 0.053704 0.038021 0.055556
4 0.430990 0.068519 0.015104 0.012963
4 0.464844 0.060185 0.016146 0.005556
8 0.432292 0.044907 0.038542 0.056481
8 0.469271 0.043056 0.035417 0.047222
1 0.467969 0.031019 0.014063 0.026852
1 0.514844 0.031019 0.014063 0.026852
6 0.516146 0.068519 0.029167 0.016667
8 0.510417 0.043056 0.038542 0.047222
4 0.538542 0.057407 0.016667 0.012963
2 0.538542 0.029630 0.015625 0.027778
5 0.542188 0.069907 0.022917 0.019444
8 0.544792 0.040741 0.036458 0.051852
4 0.594271 0.064815 0.018750 0.014815
1 0.591667 0.028241 0.014583 0.032407
8 0.590365 0.041667 0.044271 0.061111
5 0.593750 0.072685 0.018750 0.017593
1 0.640365 0.052778 0.016146 0.027778
9 0.634115 0.055556 0.042188 0.046296
1 0.659896 0.078704 0.017708 0.037037
8 0.654167 0.093056 0.040625 0.073148
5 0.614323 0.128704 0.018229 0.018519
1 0.571094 0.085648 0.017188 0.030556
8 0.568490 0.093056 0.040104 0.062037
5 0.492188 0.129630 0.018750 0.016667
4 0.482292 0.114352 0.018750 0.015741
1 0.482292 0.072685 0.017708 0.030556
8 0.484115 0.090278 0.052604 0.063889
5 0.476042 0.128704 0.017708 0.018519
4 0.430208 0.125926 0.013542 0.024074
7 0.443490 0.105556 0.019271 0.027778
9 0.438542 0.108333 0.041667 0.044444
4 0.389844 0.127315 0.017188 0.013889
5 0.389844 0.139352 0.017188 0.010185
1 0.396094 0.092130 0.020313 0.034259
8 0.396615 0.097222 0.041146 0.055556
4 0.356771 0.131019 0.014583 0.017593
1 0.351042 0.093056 0.015625 0.034259
8 0.353646 0.109722 0.045833 0.067593
5 0.455990 0.205093 0.030729 0.023148
5 0.509115 0.194907 0.021354 0.025000
5 0.579167 0.206019 0.035417 0.021296
1 0.566667 0.131019 0.019792 0.041667
4 0.571094 0.191667 0.017188 0.016667
8 0.571615 0.155556 0.064062 0.088889
5 0.622396 0.203241 0.021875 0.023148
5 0.658594 0.212963 0.040104 0.025926
1 0.651563 0.127315 0.018750 0.039815
8 0.653646 0.155556 0.045833 0.094444
1 0.707292 0.156019 0.023958 0.041667
4 0.701042 0.205556 0.017708 0.018519
5 0.718490 0.215741 0.022396 0.024074
9 0.702865 0.170833 0.053646 0.080556
4 0.759115 0.313426 0.024479 0.025000
1 0.759115 0.234259 0.025521 0.055556
8 0.751042 0.267593 0.053125 0.116667
6 0.709115 0.306019 0.044271 0.037963
1 0.702865 0.243056 0.023438 0.045370
8 0.696615 0.268056 0.057813 0.106481
4 0.530990 0.280556 0.029687 0.027778
1 0.534115 0.231019 0.024479 0.047222
8 0.529167 0.243519 0.075000 0.098148
5 0.528646 0.298148 0.029167 0.031481
5 0.462240 0.275000 0.015104 0.031481
1 0.465365 0.243056 0.023438 0.034259
8 0.466667 0.243519 0.051042 0.062963
4 0.405990 0.277778 0.025521 0.022222
5 0.395313 0.293519 0.030208 0.018519
1 0.405469 0.218056 0.023438 0.052778
8 0.407292 0.242593 0.064583 0.098148
6 0.345313 0.289815 0.025000 0.037037
6 0.368490 0.306019 0.026562 0.036111
1 0.345313 0.230556 0.019792 0.051852
8 0.344271 0.255556 0.063542 0.101852
5 0.288021 0.303241 0.026042 0.030556
4 0.191146 0.428241 0.016667 0.023148
4 0.254688 0.421759 0.028125 0.019444
1 0.189844 0.381019 0.026562 0.045370
1 0.249740 0.368519 0.025521 0.046296
9 0.197917 0.385185 0.057292 0.094444
9 0.254688 0.371759 0.058333 0.119444
4 0.314844 0.405556 0.035937 0.025926
1 0.313542 0.343056 0.026042 0.056481
1 0.322917 0.368519 0.081250 0.107407
5 0.369792 0.423148 0.038542 0.031481
5 0.461719 0.406019 0.038021 0.034259
5 0.531771 0.418519 0.027083 0.044444
4 0.596094 0.408333 0.026562 0.031481
1 0.595573 0.323611 0.027604 0.056481
8 0.589844 0.355556 0.076563 0.138889
6 0.662240 0.429167 0.032813 0.047222
3 0.644271 0.430556 0.012500 0.025926
1 0.659115 0.318056 0.027604 0.058333
8 0.655990 0.355556 0.058854 0.140741
7 0.724740 0.400463 0.033854 0.050926
9 0.716667 0.393056 0.062500 0.102778
4 0.780469 0.418519 0.021354 0.024074
1 0.787240 0.368519 0.022396 0.046296
9 0.773438 0.381019 0.055208 0.091667
5 0.792188 0.423148 0.028125 0.044444
4 0.134115 0.598611 0.018229 0.043519
1 0.130990 0.553241 0.023438 0.041667
9 0.143490 0.556019 0.069271 0.086111
5 0.134115 0.614815 0.024479 0.033333
5 0.193490 0.604630 0.034896 0.055556
5 0.260417 0.618056 0.035417 0.069444
3 0.348698 0.593056 0.016146 0.036111
1 0.335938 0.480556 0.026042 0.062963
8 0.344792 0.512500 0.107292 0.130556
4 0.430990 0.574074 0.035937 0.031481
1 0.435417 0.497222 0.032292 0.081481
5 0.427865 0.600926 0.056771 0.061111
8 0.438021 0.526852 0.079167 0.135185
4 0.679688 0.606019 0.026042 0.034259
5 0.694792 0.623148 0.032292 0.055556
1 0.686719 0.506019 0.032813 0.071296
8 0.676042 0.533333 0.081250 0.168519
4 0.766146 0.598611 0.031250 0.030556
5 0.763542 0.605556 0.028125 0.053704
1 0.763542 0.480556 0.029167 0.055556
8 0.751042 0.530556 0.068750 0.157407
4 0.830469 0.605556 0.026562 0.037037
1 0.838542 0.518519 0.030208 0.057407
8 0.819792 0.543519 0.070833 0.161111
5 0.729688 0.843056 0.051042 0.087963
4 0.698438 0.816204 0.023958 0.039815
1 0.694792 0.730556 0.037500 0.074074
8 0.671615 0.750000 0.123438 0.168519
5 0.087240 0.841204 0.033854 0.056481
5 0.125521 0.818519 0.030208 0.064815
5 0.144271 0.842130 0.038542 0.076852
1 0.080990 0.729167 0.029687 0.056481
1 0.128646 0.718981 0.035417 0.069444
4 0.092188 0.803704 0.021875 0.031481
4 0.116146 0.790741 0.025000 0.033333
8 0.091146 0.739352 0.057292 0.162037
8 0.156250 0.741204 0.109375 0.143519
0 0.716146 0.018056 0.014583 0.028704
8 0.713542 0.031481 0.028125 0.051852
1 0.746615 0.031944 0.010937 0.026852
8 0.743750 0.045370 0.031250 0.050000
1 0.742969 0.065278 0.014063 0.026852
8 0.732292 0.081019 0.039583 0.056481
1 0.768490 0.104630 0.017188 0.037037
4 0.769792 0.146759 0.015625 0.019444
8 0.754167 0.144444 0.046875 0.124074
1 0.805469 0.118056 0.014063 0.032407
8 0.798438 0.127315 0.036458 0.052778
0 0.794271 0.150926 0.018750 0.038889
8 0.784375 0.169907 0.037500 0.080556
1 0.824219 0.168056 0.017188 0.034259
8 0.820573 0.184722 0.030729 0.069444
4 0.868490 0.384259 0.014063 0.018519
5 0.865365 0.390741 0.024479 0.031481
1 0.863542 0.317130 0.019792 0.045370
8 0.851042 0.332407 0.054167 0.081481
4 0.902865 0.393981 0.019271 0.023148
1 0.905990 0.340278 0.017188 0.041667
9 0.898438 0.359722 0.042708 0.093519
4 0.926042 0.540278 0.018750 0.021296
5 0.921615 0.541667 0.024479 0.046296
1 0.927865 0.476852 0.021354 0.050000
8 0.905990 0.493056 0.066146 0.104630
4 0.984375 0.750926 0.015625 0.037037
5 0.985938 0.767130 0.020833 0.037963
9 0.967969 0.706481 0.064062 0.088889
1 0.433854 0.035185 0.015625 0.031481
