8 0.138021 0.337500 0.044792 0.106481
5 0.121615 0.402778 0.025521 0.029630
8 0.183073 0.237037 0.049479 0.094444
8 0.148698 0.240741 0.034896 0.079630
8 0.190365 0.168519 0.035937 0.061111
8 0.228646 0.143056 0.042708 0.078704
5 0.217188 0.193519 0.029167 0.024074
9 0.246094 0.107407 0.032813 0.055556
8 0.209115 0.118056 0.025521 0.052778
9 0.276042 0.068056 0.039583 0.047222
8 0.277865 0.036111 0.030729 0.055556
8 0.309896 0.031019 0.029167 0.049074
9 0.391667 0.061111 0.047917 0.044444
9 0.349219 0.116204 0.042188 0.056481
8 0.430990 0.044907 0.040104 0.050926
9 0.438542 0.104167 0.045833 0.056481
9 0.481771 0.093056 0.051042 0.062037
8 0.471094 0.041204 0.039062 0.058333
8 0.510938 0.043519 0.037500 0.057407
8 0.549219 0.043519 0.043229 0.059259
9 0.523438 0.105556 0.055208 0.059259
8 0.566146 0.090741 0.039583 0.072222
8 0.590365 0.043056 0.039062 0.058333
9 0.637240 0.055556 0.040104 0.050000
8 0.605990 0.081019 0.036979 0.084259
8 0.653646 0.095833 0.044792 0.080556
9 0.704688 0.171759 0.058333 0.080556
8 0.655990 0.156019 0.045312 0.089815
8 0.614844 0.136111 0.045312 0.105556
9 0.577865 0.156019 0.048438 0.087963
5 0.482292 0.131019 0.019792 0.026852
8 0.507292 0.152315 0.045833 0.087963
8 0.452344 0.160648 0.058854 0.093519
8 0.396094 0.095370 0.043229 0.075926
8 0.399740 0.168519 0.054688 0.094444
9 0.354167 0.171759 0.044792 0.069444
8 0.311719 0.179167 0.044271 0.110185
9 0.267188 0.193519 0.046875 0.068519
8 0.240365 0.268519 0.050521 0.124074
8 0.285938 0.254630 0.053125 0.101852
8 0.347396 0.250000 0.061458 0.105556
9 0.405990 0.248148 0.065104 0.094444
9 0.469792 0.255556 0.055208 0.070370
8 0.527865 0.240278 0.069271 0.100926
8 0.630990 0.254167 0.063021 0.102778
8 0.696615 0.255093 0.056771 0.091667
8 0.747917 0.274074 0.056250 0.118519
5 0.673438 0.305556 0.028125 0.035185
5 0.699219 0.306019 0.026562 0.037963
8 0.777344 0.379630 0.055729 0.114815
9 0.720313 0.377315 0.066667 0.102778
9 0.654167 0.368056 0.064583 0.125000
9 0.584115 0.356944 0.078646 0.134259
7 0.734896 0.393056 0.031250 0.063889
7 0.659115 0.380556 0.030729 0.055556
3 0.649219 0.431019 0.020313 0.036111
3 0.729167 0.430556 0.022917 0.031481
8 0.512240 0.355556 0.065104 0.153704
8 0.455990 0.321759 0.063021 0.143519
8 0.386719 0.336111 0.080729 0.144444
9 0.309115 0.380093 0.080729 0.112037
9 0.251042 0.368981 0.054167 0.108333
8 0.199219 0.385648 0.054688 0.106481
9 0.147917 0.562500 0.073958 0.093519
9 0.218490 0.558333 0.060937 0.105556
9 0.276042 0.550000 0.070833 0.105556
8 0.349740 0.540278 0.081771 0.169444
8 0.430990 0.521296 0.081771 0.144444
8 0.597917 0.528241 0.098958 0.150926
8 0.687240 0.542593 0.082812 0.161111
8 0.756771 0.530556 0.077083 0.131481
9 0.824740 0.543056 0.071354 0.156481
8 0.679167 0.751389 0.111458 0.180556
5 0.730469 0.843519 0.048438 0.088889
5 0.524740 0.938889 0.061979 0.122222
8 0.966146 0.708333 0.067708 0.105556
4 0.982292 0.750926 0.016667 0.031481
8 0.904167 0.493981 0.066667 0.112037
9 0.860938 0.347685 0.056250 0.082407
9 0.901563 0.365741 0.040625 0.096296
8 0.816667 0.247685 0.048958 0.093519
8 0.859115 0.261111 0.039062 0.066667
8 0.792448 0.178241 0.038021 0.069444
3 0.792969 0.229630 0.014063 0.018519
8 0.832292 0.193056 0.037500 0.067593
8 0.757292 0.118056 0.040625 0.082407
8 0.798438 0.127778 0.032292 0.062963
9 0.780469 0.093056 0.026562 0.043519
8 0.735938 0.077778 0.030208 0.048148
8 0.714323 0.039815 0.030729 0.061111
8 0.745313 0.052778 0.023958 0.038889
5 0.388542 0.422685 0.052083 0.043519
5 0.454167 0.409259 0.054167 0.055556
5 0.240365 0.443056 0.031771 0.047222
3 0.501823 0.205556 0.011979 0.022222
1 0.129688 0.314815 0.020833 0.050000
6 0.130990 0.368519 0.021354 0.038889
1 0.147917 0.220833 0.019792 0.043519
1 0.170313 0.216204 0.020833 0.043519
1 0.186198 0.155093 0.015104 0.032407
0 0.219792 0.126852 0.014583 0.037037
1 0.209896 0.109259 0.012500 0.031481
1 0.243490 0.096759 0.014063 0.030556
1 0.273438 0.065741 0.015625 0.029630
1 0.277865 0.025463 0.014063 0.030556
1 0.304688 0.027778 0.014583 0.027778
7 0.391146 0.060648 0.017708 0.019444
7 0.338542 0.118519 0.020833 0.035185
1 0.394792 0.084722 0.020833 0.043519
4 0.388542 0.129630 0.020833 0.018519
1 0.427865 0.037500 0.014063 0.030556
5 0.434375 0.073611 0.028125 0.019444
1 0.468490 0.028704 0.015104 0.031481
4 0.467969 0.063889 0.018229 0.012963
1 0.439063 0.093519 0.019792 0.037037
1 0.483594 0.086111 0.020313 0.042593
1 0.515625 0.030093 0.015625 0.034259
6 0.514323 0.068056 0.025521 0.021296
1 0.551823 0.031019 0.016146 0.032407
1 0.529167 0.103241 0.019792 0.039815
0 0.567969 0.074537 0.019271 0.043519
1 0.596615 0.030556 0.018229 0.037037
1 0.609115 0.061111 0.018229 0.044444
1 0.644792 0.050463 0.017708 0.030556
1 0.655469 0.077315 0.020313 0.039815
2 0.704688 0.155556 0.023958 0.046296
3 0.707292 0.206019 0.010417 0.019444
2 0.657813 0.134259 0.022917 0.044444
5 0.660417 0.210185 0.040625 0.031481
0 0.620573 0.105556 0.021354 0.048148
5 0.621615 0.197685 0.023438 0.030556
2 0.585417 0.140278 0.022917 0.049074
1 0.509115 0.131019 0.020313 0.047222
1 0.451042 0.143056 0.023958 0.054630
6 0.461719 0.203241 0.035937 0.030556
1 0.409115 0.146759 0.025521 0.043519
4 0.385417 0.205556 0.019792 0.024074
1 0.352344 0.168056 0.020313 0.043519
0 0.308594 0.147222 0.021354 0.044444
4 0.303646 0.208333 0.017708 0.022222
1 0.270313 0.180556 0.020833 0.042593
1 0.239844 0.232870 0.023438 0.049074
4 0.232813 0.318519 0.017708 0.022222
1 0.276042 0.230556 0.023958 0.050000
3 0.276042 0.306019 0.012500 0.021296
1 0.347917 0.229630 0.026042 0.059259
4 0.341667 0.292130 0.021875 0.025000
1 0.401042 0.229167 0.026042 0.054630
4 0.409115 0.282870 0.021354 0.025000
1 0.465365 0.253704 0.025521 0.055556
1 0.531771 0.218056 0.026042 0.054630
4 0.527865 0.281019 0.019271 0.032407
1 0.638542 0.231019 0.028125 0.050926
4 0.634896 0.293519 0.025000 0.024074
1 0.699219 0.231481 0.023438 0.048148
3 0.703646 0.302315 0.012500 0.026852
1 0.761198 0.246759 0.028646 0.056481
4 0.756771 0.318056 0.025000 0.028704
1 0.788542 0.347685 0.027083 0.056481
4 0.777865 0.422685 0.023438 0.030556
1 0.597396 0.351389 0.033333 0.060185
4 0.590365 0.413426 0.021354 0.037963
1 0.510938 0.315741 0.029167 0.070370
6 0.516667 0.418519 0.051042 0.044444
3 0.482292 0.423148 0.015625 0.031481
2 0.446615 0.278704 0.025521 0.055556
0 0.376563 0.293519 0.029167 0.064815
1 0.309896 0.363889 0.029167 0.062963
4 0.307292 0.417593 0.032292 0.033333
4 0.244792 0.416667 0.027083 0.025926
1 0.240365 0.368519 0.025521 0.050000
1 0.192188 0.368056 0.026042 0.052778
4 0.188542 0.428241 0.022917 0.032407
1 0.130990 0.560185 0.027604 0.057407
4 0.135417 0.605556 0.021875 0.040741
5 0.152865 0.615278 0.028646 0.058333
3 0.181771 0.605556 0.018750 0.038889
2 0.231771 0.543056 0.032292 0.067593
1 0.260417 0.543056 0.034375 0.073148
4 0.259896 0.599537 0.022917 0.056481
1 0.344792 0.493056 0.032292 0.073148
4 0.349740 0.604630 0.031771 0.031481
1 0.424219 0.493056 0.035937 0.086111
4 0.424740 0.579630 0.027604 0.033333
1 0.597917 0.500000 0.037500 0.081481
4 0.596615 0.587500 0.025521 0.030556
1 0.699219 0.524074 0.041146 0.081481
4 0.672917 0.605556 0.027083 0.057407
5 0.698438 0.618056 0.053125 0.073148
0 0.769792 0.501852 0.031250 0.072222
5 0.765365 0.611111 0.035937 0.059259
1 0.837240 0.531019 0.034896 0.069444
4 0.830990 0.606019 0.022396 0.032407
4 0.694792 0.819444 0.033333 0.042593
1 0.696615 0.731019 0.041146 0.080556
1 0.925521 0.470833 0.023958 0.056481
4 0.926042 0.540741 0.018750 0.024074
1 0.877344 0.334259 0.023438 0.050000
4 0.868490 0.387963 0.017188 0.031481
1 0.912240 0.343056 0.020313 0.050926
1 0.827865 0.227315 0.023438 0.049074
6 0.827344 0.281019 0.029687 0.041667
1 0.870573 0.255556 0.018229 0.038889
1 0.800521 0.162500 0.020833 0.043519
1 0.841667 0.180556 0.016667 0.040741
1 0.763542 0.094907 0.017708 0.037963
1 0.804167 0.115741 0.014583 0.038889
5 0.771094 0.156019 0.021354 0.023148
1 0.749219 0.044907 0.013021 0.025000
1 0.719271 0.023611 0.013542 0.030556
