8 0.137500 0.343056 0.043750 0.091667
5 0.121615 0.402778 0.025521 0.029630
8 0.179688 0.234722 0.043750 0.093519
8 0.149740 0.236574 0.033854 0.080556
8 0.190365 0.165741 0.035937 0.061111
8 0.227865 0.155556 0.042188 0.068519
5 0.217188 0.192593 0.029167 0.024074
8 0.246094 0.098148 0.032813 0.068519
8 0.209115 0.118056 0.027604 0.054630
9 0.274740 0.068056 0.040104 0.047222
9 0.279167 0.041204 0.031250 0.049074
9 0.307292 0.032870 0.033333 0.050926
9 0.390365 0.063426 0.047396 0.043519
8 0.347917 0.106944 0.044792 0.073148
8 0.430990 0.048148 0.040104 0.053704
8 0.432292 0.097222 0.042708 0.068519
9 0.477865 0.092593 0.054688 0.066667
8 0.470573 0.042130 0.040104 0.060185
8 0.510938 0.043519 0.037500 0.057407
8 0.549740 0.043519 0.043229 0.059259
9 0.526042 0.093981 0.042708 0.076852
9 0.560417 0.098611 0.038542 0.069444
8 0.590365 0.043056 0.039062 0.058333
9 0.637240 0.055556 0.040104 0.050000
8 0.602865 0.081481 0.048438 0.062963
8 0.652865 0.093981 0.045312 0.082407
9 0.698438 0.168056 0.058333 0.080556
8 0.652865 0.160185 0.043229 0.081481
8 0.613542 0.141204 0.042708 0.104630
9 0.571615 0.156481 0.060937 0.094444
5 0.482292 0.131019 0.019792 0.026852
8 0.507292 0.152315 0.045833 0.087963
8 0.452344 0.162500 0.060937 0.093519
8 0.398438 0.098611 0.046875 0.080556
8 0.399740 0.166667 0.053646 0.098148
9 0.354167 0.172222 0.044792 0.068519
8 0.310417 0.184722 0.043750 0.080556
9 0.266667 0.193056 0.047917 0.073148
8 0.241146 0.268056 0.056250 0.119444
8 0.296615 0.241204 0.051562 0.115741
8 0.346094 0.249537 0.060937 0.106481
9 0.407813 0.247222 0.068750 0.100000
9 0.466667 0.249537 0.058333 0.080556
8 0.529167 0.240741 0.068750 0.098148
8 0.631771 0.254167 0.063542 0.110185
8 0.696875 0.249074 0.056250 0.096296
8 0.751042 0.267130 0.060417 0.139815
5 0.673438 0.305556 0.028125 0.035185
5 0.698438 0.306019 0.026042 0.037963
8 0.777344 0.380556 0.055729 0.114815
9 0.720313 0.377315 0.066667 0.102778
9 0.653646 0.368056 0.064583 0.128704
9 0.585417 0.361574 0.078125 0.134259
7 0.734896 0.393056 0.031250 0.063889
7 0.659115 0.382407 0.030729 0.055556
3 0.649219 0.431019 0.020313 0.036111
3 0.729167 0.430556 0.022917 0.031481
8 0.505990 0.369907 0.075521 0.150926
8 0.450521 0.335648 0.056250 0.119444
8 0.385417 0.337037 0.077083 0.144444
9 0.309115 0.381019 0.080729 0.112037
9 0.249740 0.369907 0.056771 0.099074
8 0.199219 0.389815 0.056771 0.111111
9 0.146615 0.561574 0.067187 0.110185
9 0.213542 0.523148 0.063542 0.131481
9 0.268490 0.555556 0.083854 0.116667
8 0.349740 0.537500 0.081771 0.167593
8 0.430990 0.519444 0.080729 0.148148
8 0.599740 0.528241 0.099479 0.147222
9 0.685417 0.537037 0.082292 0.144444
8 0.754167 0.529630 0.071875 0.124074
9 0.824219 0.543056 0.071354 0.156481
8 0.674219 0.750926 0.120313 0.174074
5 0.730469 0.843519 0.048438 0.088889
5 0.524740 0.938889 0.061979 0.122222
8 0.965365 0.707870 0.068229 0.112037
4 0.980990 0.749537 0.016146 0.034259
8 0.905990 0.495833 0.067187 0.128704
8 0.860417 0.344907 0.052083 0.106481
9 0.901563 0.364815 0.040625 0.096296
8 0.814063 0.243056 0.050000 0.080556
8 0.857292 0.256019 0.038542 0.069444
8 0.789844 0.180556 0.045312 0.072222
3 0.792969 0.229630 0.014063 0.018519
8 0.832292 0.193056 0.037500 0.067593
8 0.755990 0.118056 0.042188 0.086111
8 0.797396 0.127778 0.032292 0.062963
9 0.780469 0.093981 0.026562 0.043519
9 0.735417 0.081019 0.029167 0.047222
8 0.713542 0.040741 0.032292 0.059259
9 0.745313 0.050926 0.026042 0.044444
5 0.387240 0.429167 0.053646 0.050926
5 0.452865 0.411111 0.053646 0.055556
5 0.240365 0.447685 0.029687 0.043519
3 0.501823 0.205556 0.011979 0.022222
1 0.127865 0.327778 0.020313 0.046296
6 0.130990 0.368519 0.020313 0.037037
1 0.148438 0.218056 0.018750 0.043519
1 0.170313 0.216204 0.019792 0.043519
1 0.186198 0.150463 0.016146 0.030556
1 0.216667 0.143056 0.016667 0.039815
1 0.209115 0.108333 0.013021 0.031481
0 0.242969 0.081019 0.014063 0.028704
4 0.269271 0.089352 0.014583 0.015741
1 0.272917 0.065741 0.017708 0.031481
1 0.427344 0.037963 0.014063 0.031481
1 0.339844 0.092130 0.018229 0.037963
2 0.426563 0.081019 0.022917 0.041667
4 0.388542 0.128704 0.019792 0.018519
1 0.484115 0.081944 0.020313 0.039815
1 0.469271 0.026389 0.015625 0.030556
1 0.513542 0.031019 0.015625 0.032407
6 0.510938 0.068519 0.019792 0.022222
1 0.532292 0.081019 0.020833 0.039815
4 0.524740 0.121296 0.018229 0.025926
2 0.559115 0.081944 0.022396 0.039815
1 0.552865 0.030556 0.015104 0.033333
1 0.596094 0.030556 0.017188 0.037037
1 0.604688 0.068519 0.018750 0.037037
1 0.644792 0.048611 0.017708 0.030556
1 0.654948 0.077778 0.021354 0.040741
2 0.688542 0.152778 0.020833 0.046296
1 0.661719 0.143056 0.021354 0.041667
5 0.662240 0.210185 0.039062 0.031481
5 0.621094 0.198148 0.023438 0.031481
5 0.663021 0.186111 0.017708 0.020370
2 0.613542 0.113889 0.022917 0.048148
2 0.582292 0.135185 0.022917 0.044444
3 0.557813 0.210185 0.013542 0.018519
6 0.574740 0.192593 0.032813 0.035185
1 0.509375 0.131019 0.021875 0.050926
1 0.449740 0.143519 0.023438 0.051852
4 0.447917 0.194907 0.023958 0.025000
2 0.408594 0.141667 0.023438 0.048148
4 0.385417 0.206019 0.019792 0.023148
1 0.352865 0.168981 0.020313 0.043519
1 0.305990 0.166667 0.021354 0.044444
4 0.302865 0.207870 0.016146 0.025000
1 0.269271 0.181944 0.020833 0.041667
4 0.268490 0.218519 0.019271 0.018519
1 0.233594 0.236574 0.023438 0.052778
4 0.230990 0.316204 0.021354 0.026852
1 0.285417 0.209259 0.020833 0.051852
5 0.296615 0.306019 0.026562 0.034259
1 0.348438 0.225926 0.023958 0.061111
4 0.343490 0.291204 0.021354 0.026852
1 0.401042 0.229167 0.026042 0.054630
4 0.409115 0.286574 0.020313 0.026852
1 0.465365 0.237963 0.025521 0.055556
4 0.466146 0.278241 0.031250 0.026852
1 0.530990 0.219444 0.026562 0.055556
4 0.528646 0.282407 0.017708 0.031481
1 0.635417 0.226389 0.022917 0.052778
4 0.636719 0.294907 0.023438 0.025000
1 0.696615 0.226852 0.022396 0.050000
4 0.694792 0.280556 0.020833 0.025926
2 0.762240 0.229167 0.027604 0.060185
4 0.755990 0.318981 0.024479 0.028704
1 0.791146 0.355556 0.027083 0.053704
4 0.780469 0.425000 0.021354 0.031481
1 0.596615 0.352315 0.031771 0.060185
4 0.589844 0.413426 0.020313 0.037963
2 0.485938 0.325926 0.032292 0.055556
6 0.515365 0.418056 0.051562 0.054630
1 0.443490 0.307407 0.028646 0.055556
2 0.384896 0.300463 0.032292 0.067593
1 0.310417 0.365741 0.030208 0.061111
4 0.306771 0.417130 0.033333 0.034259
1 0.244010 0.368056 0.026562 0.052778
4 0.247917 0.415278 0.022917 0.026852
4 0.188542 0.428241 0.023958 0.030556
1 0.192188 0.369907 0.026042 0.050926
2 0.135417 0.540278 0.028125 0.062037
3 0.138542 0.606481 0.014583 0.033333
3 0.181771 0.606019 0.019792 0.037963
5 0.207292 0.606944 0.051042 0.058333
0 0.197917 0.493056 0.026042 0.065741
1 0.262240 0.547685 0.032813 0.067593
4 0.256771 0.606019 0.026042 0.045370
1 0.346094 0.493056 0.032813 0.073148
4 0.351042 0.604630 0.030208 0.033333
1 0.422917 0.490278 0.035417 0.082407
4 0.424740 0.581019 0.027604 0.032407
1 0.599740 0.506019 0.038021 0.073148
4 0.596615 0.587037 0.025521 0.029630
1 0.697917 0.546759 0.041667 0.076852
4 0.674219 0.604167 0.025521 0.060185
5 0.698438 0.619444 0.053125 0.070370
1 0.775000 0.513889 0.031250 0.061111
5 0.775521 0.620833 0.053125 0.060185
1 0.837500 0.534722 0.034375 0.069444
4 0.832292 0.606944 0.021875 0.032407
0 0.694792 0.706944 0.042708 0.082407
4 0.644792 0.802778 0.034375 0.062963
1 0.922917 0.462963 0.022917 0.055556
4 0.927865 0.547222 0.021354 0.025926
1 0.870313 0.320833 0.020833 0.050926
4 0.868490 0.390741 0.017188 0.031481
1 0.910937 0.343056 0.018750 0.050926
1 0.826042 0.228704 0.020833 0.050000
5 0.834375 0.291667 0.034375 0.035185
1 0.867188 0.243056 0.017708 0.041667
1 0.842448 0.181481 0.016146 0.042593
1 0.802865 0.168056 0.018229 0.041667
1 0.763542 0.095833 0.017708 0.036111
1 0.803125 0.115741 0.015625 0.037037
5 0.770312 0.156019 0.020833 0.023148
1 0.782813 0.091667 0.017708 0.031481
1 0.718490 0.027778 0.014063 0.033333
1 0.747917 0.043056 0.011458 0.028704
