8 0.137240 0.344444 0.044271 0.090741
5 0.121615 0.402778 0.025521 0.029630
8 0.179688 0.230556 0.042708 0.109259
8 0.148438 0.236574 0.032292 0.082407
8 0.190365 0.167130 0.033854 0.056481
8 0.226042 0.158796 0.038542 0.065741
5 0.217188 0.193519 0.029167 0.024074
8 0.244792 0.109722 0.033333 0.056481
8 0.210938 0.118056 0.034375 0.054630
9 0.275260 0.069907 0.040104 0.047222
9 0.279167 0.041204 0.031250 0.049074
9 0.307292 0.033796 0.032292 0.050926
9 0.391667 0.062963 0.047917 0.044444
8 0.351562 0.110185 0.043750 0.068519
8 0.430990 0.048611 0.040104 0.052778
9 0.434115 0.101389 0.046354 0.063889
9 0.478125 0.093519 0.053125 0.064815
8 0.469792 0.040278 0.038542 0.060185
8 0.510938 0.042593 0.037500 0.059259
8 0.549740 0.043056 0.042188 0.058333
8 0.526563 0.091667 0.040625 0.075926
9 0.560417 0.099537 0.038542 0.071296
8 0.588542 0.038889 0.034375 0.062963
9 0.638542 0.055093 0.038542 0.049074
8 0.605990 0.078704 0.050521 0.088889
8 0.652865 0.096759 0.043229 0.080556
9 0.699740 0.168519 0.055729 0.087037
8 0.652865 0.162963 0.043229 0.074074
8 0.609115 0.143056 0.044271 0.102778
8 0.571094 0.159259 0.064062 0.098148
5 0.482292 0.132870 0.019792 0.026852
8 0.507292 0.153241 0.045833 0.087963
8 0.452865 0.161111 0.058854 0.094444
8 0.396615 0.098611 0.042188 0.078704
8 0.400521 0.165741 0.055208 0.100000
9 0.354167 0.172685 0.044792 0.069444
8 0.311719 0.189352 0.045312 0.089815
9 0.268490 0.187963 0.048438 0.075926
8 0.240365 0.265278 0.053646 0.119444
8 0.288021 0.255556 0.053125 0.105556
8 0.347917 0.250000 0.062500 0.105556
9 0.407813 0.247685 0.066667 0.093519
9 0.469271 0.252778 0.055208 0.070370
8 0.527865 0.241667 0.069271 0.100000
8 0.632292 0.251389 0.061458 0.106481
8 0.695573 0.250463 0.053646 0.093519
8 0.748437 0.275000 0.058333 0.118519
5 0.673438 0.305556 0.028125 0.035185
5 0.699219 0.307870 0.026562 0.037963
8 0.777344 0.382407 0.056771 0.109259
9 0.720313 0.377315 0.066667 0.102778
9 0.654167 0.370833 0.065625 0.126852
9 0.584896 0.364815 0.077083 0.137037
7 0.734896 0.393056 0.031250 0.063889
7 0.659115 0.380556 0.030729 0.055556
3 0.649219 0.431019 0.020313 0.036111
3 0.729688 0.437963 0.022917 0.031481
8 0.496615 0.356019 0.085938 0.154630
8 0.447917 0.330556 0.051042 0.127778
8 0.388542 0.345370 0.081250 0.129630
9 0.309115 0.380093 0.080729 0.112037
9 0.252344 0.370370 0.053646 0.103704
8 0.199740 0.389352 0.057813 0.112037
9 0.149740 0.566667 0.067187 0.101852
8 0.209115 0.531019 0.066146 0.119444
9 0.267188 0.557407 0.084375 0.120370
8 0.349740 0.539352 0.081771 0.162037
8 0.432292 0.520833 0.079167 0.147222
8 0.599740 0.526852 0.098437 0.151852
9 0.685417 0.540741 0.082292 0.146296
8 0.754167 0.528704 0.070833 0.120370
9 0.824740 0.544907 0.072396 0.154630
8 0.672917 0.730556 0.106250 0.218519
5 0.524740 0.938889 0.061979 0.122222
8 0.966146 0.693519 0.067708 0.094444
3 0.992969 0.748611 0.014063 0.041667
8 0.901563 0.504630 0.062500 0.157407
9 0.855990 0.355093 0.056771 0.152778
9 0.900521 0.364815 0.042708 0.096296
8 0.815625 0.237037 0.053125 0.096296
8 0.857292 0.261574 0.039583 0.065741
8 0.790365 0.181019 0.048438 0.071296
3 0.792969 0.229630 0.014063 0.018519
8 0.832292 0.193056 0.037500 0.067593
8 0.757292 0.118981 0.040625 0.084259
8 0.797396 0.127778 0.032292 0.062963
9 0.780990 0.098611 0.026562 0.043519
9 0.735417 0.080556 0.029167 0.044444
8 0.714323 0.041667 0.030729 0.061111
8 0.745313 0.053241 0.025000 0.039815
5 0.387240 0.430093 0.054688 0.052778
5 0.454167 0.408333 0.052083 0.046296
5 0.239844 0.447685 0.029687 0.043519
3 0.501823 0.205556 0.011979 0.022222
1 0.129167 0.327315 0.020833 0.041667
6 0.130990 0.369907 0.020313 0.037963
1 0.148438 0.217130 0.018750 0.041667
0 0.168490 0.199537 0.017188 0.043519
1 0.184115 0.155556 0.014063 0.031481
1 0.216667 0.146759 0.016667 0.039815
1 0.209115 0.109259 0.015104 0.031481
1 0.241146 0.097222 0.014583 0.031481
1 0.272917 0.066667 0.015625 0.029630
4 0.270313 0.089352 0.013542 0.013889
1 0.277865 0.030556 0.013021 0.027778
1 0.299219 0.027315 0.014063 0.026852
1 0.355990 0.093981 0.018229 0.037963
1 0.396615 0.085185 0.021354 0.042593
4 0.388542 0.127778 0.018750 0.020370
2 0.430469 0.088426 0.020313 0.036111
1 0.484115 0.082870 0.020313 0.037963
1 0.532292 0.073148 0.019792 0.042593
4 0.529167 0.118519 0.020833 0.018519
1 0.427865 0.037500 0.014063 0.030556
1 0.469271 0.025926 0.014583 0.031481
1 0.515365 0.030556 0.014063 0.033333
6 0.511719 0.068056 0.019271 0.019444
1 0.552865 0.030556 0.015104 0.031481
2 0.557813 0.082407 0.020833 0.037037
1 0.592969 0.026852 0.017188 0.035185
0 0.610938 0.055093 0.017708 0.037963
1 0.652865 0.076852 0.019271 0.040741
1 0.644792 0.049074 0.017708 0.031481
2 0.691667 0.150000 0.021875 0.044444
1 0.660417 0.145370 0.019792 0.040741
5 0.662240 0.210648 0.041146 0.030556
4 0.708073 0.205556 0.018229 0.022222
4 0.663542 0.187500 0.016667 0.019444
1 0.605990 0.117130 0.021354 0.047222
5 0.621615 0.198611 0.023438 0.030556
1 0.574740 0.136111 0.021354 0.046296
4 0.567708 0.187037 0.020833 0.020370
1 0.509115 0.131481 0.021354 0.050000
4 0.447917 0.195370 0.026042 0.025926
1 0.449219 0.143056 0.023438 0.049074
2 0.405990 0.140741 0.023438 0.051852
4 0.386458 0.205556 0.020833 0.022222
1 0.352865 0.169907 0.020313 0.041667
1 0.306771 0.167130 0.021875 0.043519
4 0.303646 0.210185 0.017708 0.022222
1 0.266667 0.174537 0.020833 0.043519
1 0.231771 0.230556 0.023958 0.050000
6 0.237240 0.304167 0.036979 0.043519
1 0.284115 0.230556 0.023438 0.055556
4 0.278646 0.292130 0.023958 0.026852
5 0.296875 0.306481 0.025000 0.033333
1 0.348438 0.228241 0.023958 0.060185
4 0.341667 0.291667 0.020833 0.027778
1 0.401042 0.229630 0.026042 0.059259
1 0.466146 0.248148 0.028125 0.051852
1 0.531771 0.218056 0.026042 0.052778
4 0.527865 0.283333 0.019271 0.031481
1 0.634896 0.225463 0.023958 0.050926
4 0.634115 0.293056 0.025521 0.023148
1 0.696615 0.231019 0.021354 0.045370
4 0.694792 0.281019 0.023958 0.023148
1 0.757812 0.244444 0.025000 0.055556
1 0.757812 0.321759 0.025000 0.025000
1 0.790625 0.356019 0.025000 0.050926
4 0.780990 0.423611 0.020313 0.030556
1 0.597396 0.352778 0.032292 0.059259
4 0.590365 0.414815 0.022396 0.035185
2 0.476042 0.315278 0.034375 0.069444
3 0.507292 0.418056 0.014583 0.028704
5 0.517188 0.417593 0.048958 0.048148
2 0.445573 0.293981 0.027604 0.058333
2 0.398438 0.315278 0.033333 0.062037
1 0.310417 0.364815 0.033333 0.062963
4 0.307292 0.417130 0.031250 0.032407
1 0.241667 0.368056 0.026042 0.050926
4 0.245312 0.414352 0.026042 0.030556
1 0.192448 0.372222 0.027604 0.053704
1 0.188542 0.425926 0.022917 0.031481
2 0.148438 0.543981 0.030208 0.058333
3 0.138542 0.606944 0.013542 0.034259
3 0.181771 0.606019 0.017708 0.039815
2 0.191146 0.504167 0.027083 0.062037
5 0.206771 0.607407 0.051042 0.055556
1 0.261719 0.544907 0.032813 0.062037
4 0.256771 0.606019 0.026042 0.043519
1 0.346094 0.493519 0.031771 0.072222
4 0.351042 0.603704 0.029167 0.031481
4 0.424219 0.580093 0.026562 0.032407
1 0.423438 0.493519 0.034375 0.085185
1 0.599740 0.505093 0.036979 0.078704
4 0.597917 0.587500 0.022917 0.030556
1 0.698438 0.544907 0.040625 0.076852
4 0.674219 0.605556 0.026562 0.061111
1 0.774219 0.511574 0.029687 0.060185
5 0.774740 0.619907 0.053646 0.060185
1 0.837240 0.537963 0.035937 0.068519
4 0.831771 0.606944 0.021875 0.030556
3 0.582292 0.819444 0.033333 0.053704
0 0.696094 0.676389 0.040104 0.100926
6 0.702865 0.807870 0.070312 0.087963
0 0.917969 0.454630 0.023438 0.057407
3 0.934115 0.575000 0.013021 0.029630
0 0.868490 0.305556 0.023438 0.053704
3 0.869792 0.393056 0.012500 0.026852
1 0.910937 0.343056 0.018750 0.049074
0 0.827344 0.213889 0.019271 0.048148
5 0.833594 0.288889 0.034896 0.031481
1 0.868490 0.252778 0.017188 0.044444
1 0.803125 0.166667 0.018750 0.040741
1 0.841667 0.181944 0.017708 0.043519
1 0.763542 0.094907 0.016667 0.036111
5 0.771094 0.155556 0.021354 0.022222
1 0.802865 0.115278 0.014063 0.036111
1 0.782292 0.092593 0.016667 0.029630
7 0.732292 0.069444 0.012500 0.024074
1 0.749219 0.045833 0.010937 0.026852
1 0.719271 0.027778 0.013542 0.033333
