8 0.138542 0.340741 0.042708 0.094444
5 0.121615 0.402778 0.025521 0.029630
8 0.179167 0.235648 0.041667 0.106481
8 0.149740 0.234722 0.032813 0.080556
8 0.190365 0.167593 0.035937 0.061111
8 0.225521 0.147222 0.034375 0.081481
5 0.217188 0.193519 0.029167 0.024074
9 0.246615 0.106481 0.032813 0.055556
8 0.208594 0.118056 0.026562 0.052778
9 0.276042 0.068519 0.039583 0.046296
9 0.278646 0.043519 0.032292 0.044444
8 0.309896 0.031481 0.028125 0.050000
9 0.390365 0.062500 0.046354 0.043519
9 0.349740 0.118056 0.042188 0.056481
8 0.430990 0.044907 0.040104 0.050926
9 0.438542 0.104167 0.045833 0.056481
9 0.481771 0.093056 0.051042 0.062037
8 0.468490 0.043056 0.039062 0.049074
8 0.510938 0.043519 0.037500 0.057407
8 0.549219 0.043519 0.043229 0.059259
9 0.523438 0.105556 0.055208 0.059259
9 0.568490 0.093056 0.044271 0.067593
8 0.590365 0.043056 0.039062 0.058333
9 0.637240 0.055556 0.040104 0.050000
8 0.607292 0.080556 0.038542 0.079630
8 0.652344 0.093981 0.042188 0.089815
9 0.696615 0.168981 0.052604 0.082407
8 0.651563 0.154630 0.040625 0.092593
8 0.613542 0.137963 0.044792 0.112963
8 0.572396 0.156019 0.051042 0.104630
5 0.482292 0.131019 0.019792 0.026852
8 0.507292 0.152315 0.045833 0.087963
8 0.451042 0.162500 0.058333 0.093519
8 0.396615 0.098148 0.044271 0.070370
8 0.399740 0.166667 0.054688 0.100000
9 0.354167 0.172222 0.043750 0.068519
9 0.312240 0.190278 0.045312 0.087963
8 0.269271 0.178241 0.051042 0.099074
8 0.238021 0.274537 0.051042 0.119444
8 0.285938 0.262963 0.051042 0.112963
8 0.346615 0.245370 0.058854 0.109259
9 0.408594 0.249537 0.064062 0.093519
9 0.469792 0.255556 0.055208 0.070370
8 0.529167 0.243056 0.066667 0.102778
8 0.624740 0.219444 0.065104 0.135185
8 0.696615 0.243519 0.054688 0.111111
8 0.747917 0.276389 0.056250 0.119444
5 0.673438 0.305556 0.028125 0.035185
5 0.699219 0.306019 0.026562 0.037963
8 0.777344 0.379630 0.055729 0.114815
9 0.720313 0.377315 0.066667 0.102778
9 0.654167 0.356481 0.065625 0.105556
9 0.584375 0.363426 0.078125 0.136111
7 0.734896 0.393056 0.031250 0.063889
7 0.659115 0.380556 0.030729 0.055556
3 0.649219 0.431019 0.020313 0.036111
3 0.729688 0.436574 0.022917 0.030556
8 0.508594 0.333333 0.069271 0.150000
8 0.455990 0.318056 0.063021 0.147222
8 0.385417 0.328241 0.081250 0.169444
9 0.309115 0.381019 0.080729 0.112037
9 0.249740 0.368056 0.056771 0.099074
8 0.197917 0.387963 0.056250 0.105556
9 0.145313 0.560648 0.069792 0.093519
9 0.217969 0.557407 0.064062 0.111111
9 0.276042 0.546759 0.070833 0.106481
8 0.349740 0.534259 0.080729 0.162963
8 0.433594 0.527778 0.081771 0.144444
8 0.596615 0.525463 0.095312 0.156481
8 0.677344 0.491204 0.076563 0.204630
8 0.753646 0.544907 0.084375 0.173148
9 0.824219 0.543056 0.071354 0.156481
8 0.677865 0.720370 0.114062 0.198148
5 0.729167 0.843519 0.051042 0.088889
5 0.524740 0.938889 0.061979 0.122222
8 0.965365 0.707870 0.068229 0.112037
4 0.982292 0.751389 0.016667 0.030556
8 0.905990 0.493981 0.067187 0.112037
9 0.861198 0.348611 0.052604 0.084259
9 0.901563 0.364815 0.040625 0.096296
8 0.822396 0.237963 0.054167 0.105556
8 0.860938 0.261111 0.039583 0.066667
8 0.791667 0.175926 0.035417 0.074074
3 0.792969 0.229630 0.014063 0.018519
8 0.832292 0.193981 0.037500 0.067593
8 0.755990 0.118056 0.042188 0.086111
8 0.797917 0.128704 0.032292 0.062963
9 0.780469 0.093981 0.026562 0.043519
8 0.737240 0.079630 0.030729 0.053704
8 0.714323 0.039815 0.030729 0.061111
8 0.745313 0.053241 0.025000 0.039815
5 0.388542 0.423611 0.051042 0.052778
5 0.452865 0.410648 0.053646 0.056481
5 0.239844 0.444444 0.029687 0.050000
3 0.501563 0.205556 0.010417 0.020370
6 0.132292 0.368519 0.021875 0.037037
1 0.130990 0.318056 0.021354 0.047222
2 0.148438 0.215741 0.020833 0.040741
0 0.170313 0.205556 0.019792 0.040741
3 0.172917 0.268056 0.011458 0.019444
1 0.187240 0.154630 0.016146 0.035185
0 0.222917 0.123148 0.015625 0.031481
1 0.209115 0.109722 0.014063 0.030556
1 0.243490 0.096759 0.014063 0.030556
1 0.273438 0.065278 0.014583 0.030556
1 0.274740 0.033333 0.015104 0.031481
1 0.305990 0.026852 0.015104 0.027778
7 0.392188 0.064352 0.018750 0.021296
7 0.339323 0.118519 0.021354 0.035185
1 0.397917 0.086111 0.022917 0.044444
1 0.439844 0.093519 0.021354 0.037037
1 0.428646 0.036574 0.014583 0.030556
5 0.434375 0.073611 0.028125 0.019444
1 0.469271 0.036111 0.014583 0.031481
1 0.484115 0.086111 0.020313 0.042593
1 0.515625 0.030556 0.015625 0.033333
6 0.513542 0.068056 0.025000 0.021296
1 0.551823 0.031019 0.015104 0.030556
1 0.529167 0.102778 0.020833 0.038889
4 0.526042 0.128704 0.017708 0.022222
7 0.567448 0.092593 0.021354 0.037037
1 0.597917 0.032407 0.018750 0.038889
1 0.609115 0.060185 0.017188 0.044444
1 0.652865 0.072685 0.020313 0.043519
2 0.684115 0.154167 0.022396 0.047222
0 0.650521 0.131019 0.020833 0.043519
0 0.617188 0.105556 0.020833 0.048148
0 0.572917 0.130556 0.023958 0.048148
4 0.574740 0.194907 0.019271 0.021296
5 0.663542 0.210648 0.035417 0.030556
1 0.509115 0.130556 0.021354 0.050000
1 0.451042 0.142130 0.023958 0.049074
4 0.447917 0.198148 0.026042 0.029630
1 0.401823 0.143519 0.024479 0.051852
4 0.387240 0.205093 0.020313 0.025000
1 0.352344 0.169444 0.020313 0.042593
1 0.304688 0.168056 0.021875 0.045370
4 0.302865 0.211111 0.017188 0.020370
1 0.268490 0.148611 0.019271 0.043519
2 0.235417 0.240278 0.023958 0.049074
1 0.280469 0.231019 0.024479 0.056481
4 0.227865 0.319444 0.018229 0.024074
4 0.283594 0.306019 0.024479 0.034259
4 0.343490 0.289815 0.022396 0.025926
1 0.346094 0.221296 0.023438 0.062963
1 0.402865 0.231019 0.025521 0.056481
4 0.409115 0.286111 0.018229 0.020370
1 0.466667 0.252778 0.026042 0.057407
1 0.530990 0.218056 0.024479 0.056481
4 0.529167 0.281019 0.019792 0.030556
0 0.632292 0.181944 0.022917 0.054630
4 0.624219 0.274537 0.019271 0.030556
5 0.638542 0.301852 0.022917 0.038889
2 0.693490 0.214352 0.023438 0.047222
4 0.697917 0.280556 0.021875 0.027778
1 0.760417 0.245833 0.027083 0.056481
4 0.757292 0.318519 0.025000 0.027778
1 0.838021 0.531481 0.033333 0.068519
4 0.830990 0.606019 0.021354 0.032407
0 0.771094 0.494907 0.029687 0.071296
2 0.677865 0.427315 0.035937 0.073148
3 0.676042 0.613426 0.020833 0.043519
5 0.696094 0.618056 0.060937 0.071296
1 0.593490 0.494444 0.036979 0.077778
4 0.599740 0.587500 0.023438 0.030556
1 0.424740 0.498611 0.032813 0.091667
4 0.424740 0.581019 0.027604 0.034259
1 0.345313 0.492593 0.033333 0.074074
4 0.348438 0.606019 0.030208 0.028704
1 0.259896 0.543519 0.033333 0.062963
4 0.258594 0.599537 0.021354 0.056481
2 0.230990 0.542593 0.029687 0.064815
3 0.180990 0.606019 0.019271 0.041667
1 0.131250 0.556019 0.031250 0.063889
1 0.136719 0.605556 0.020313 0.040741
5 0.153646 0.613426 0.030208 0.056481
1 0.659115 0.668056 0.039062 0.087963
4 0.677865 0.795370 0.029687 0.051852
1 0.926042 0.476389 0.023958 0.056481
4 0.926562 0.540741 0.020833 0.025926
1 0.876042 0.336574 0.021875 0.045370
4 0.868490 0.388426 0.017188 0.030556
1 0.910417 0.343056 0.019792 0.052778
1 0.788542 0.349074 0.026042 0.055556
4 0.777865 0.420833 0.025521 0.030556
0 0.819792 0.206019 0.019792 0.043519
1 0.870573 0.253704 0.019271 0.040741
1 0.798698 0.159259 0.019271 0.044444
1 0.841667 0.181481 0.017708 0.042593
1 0.802865 0.115741 0.016146 0.037037
1 0.763542 0.094907 0.017708 0.036111
5 0.769792 0.156019 0.019792 0.023148
1 0.782292 0.093056 0.016667 0.034259
1 0.738542 0.068056 0.013542 0.028704
1 0.747917 0.044907 0.011458 0.026852
1 0.718490 0.023148 0.015104 0.031481
1 0.596094 0.353704 0.032813 0.061111
4 0.590365 0.416204 0.023438 0.037963
2 0.506771 0.293519 0.033333 0.066667
3 0.482292 0.424074 0.018750 0.031481
5 0.517448 0.417593 0.050521 0.050000
0 0.446615 0.278241 0.026562 0.058333
0 0.379688 0.278704 0.032292 0.068519
1 0.311719 0.366204 0.034896 0.065741
4 0.306771 0.418056 0.034375 0.036111
4 0.244792 0.413426 0.027083 0.030556
1 0.242969 0.367130 0.025521 0.052778
1 0.192969 0.368519 0.025521 0.050000
4 0.188542 0.429167 0.023958 0.030556
