8 0.135417 0.343519 0.046875 0.087037
5 0.121615 0.402778 0.025521 0.029630
8 0.179688 0.231019 0.043750 0.099074
8 0.150521 0.232870 0.030208 0.084259
8 0.188542 0.166204 0.031250 0.060185
9 0.222396 0.167130 0.041667 0.047222
5 0.216667 0.191667 0.026042 0.020370
8 0.244271 0.109722 0.033333 0.056481
8 0.211719 0.118056 0.032813 0.052778
9 0.274740 0.069444 0.040104 0.046296
9 0.278125 0.041204 0.031250 0.049074
8 0.307292 0.033333 0.030208 0.055556
9 0.392188 0.063889 0.045833 0.044444
8 0.349219 0.104630 0.047396 0.075926
8 0.432292 0.050463 0.039583 0.050926
9 0.430990 0.101389 0.047396 0.060185
9 0.477865 0.093056 0.053646 0.065741
8 0.470313 0.040741 0.039583 0.059259
8 0.510938 0.043519 0.037500 0.057407
9 0.549740 0.043056 0.040104 0.054630
8 0.526563 0.090741 0.043750 0.074074
8 0.565365 0.093519 0.043229 0.077778
8 0.591667 0.042130 0.042708 0.058333
9 0.638542 0.055556 0.036458 0.050000
8 0.609115 0.082407 0.038021 0.062963
8 0.654167 0.094907 0.044792 0.087963
9 0.702865 0.178704 0.053646 0.074074
8 0.655990 0.155556 0.041146 0.081481
8 0.619271 0.143519 0.037500 0.101852
8 0.575521 0.155556 0.062500 0.088889
5 0.482292 0.131944 0.019792 0.026852
8 0.507292 0.154167 0.045833 0.087963
8 0.452865 0.158333 0.060937 0.094444
8 0.393490 0.097685 0.044271 0.080556
8 0.401042 0.156019 0.055208 0.087963
9 0.355469 0.173611 0.047396 0.069444
9 0.310417 0.181019 0.047917 0.102778
9 0.268490 0.182870 0.048438 0.086111
8 0.239063 0.273148 0.055208 0.129630
8 0.288542 0.255556 0.057292 0.100000
8 0.346615 0.250926 0.060937 0.105556
9 0.407813 0.249074 0.066667 0.094444
9 0.467969 0.254630 0.057813 0.072222
8 0.530990 0.242593 0.073438 0.100000
8 0.632292 0.251852 0.061458 0.111111
8 0.694792 0.252778 0.054167 0.090741
8 0.749740 0.278241 0.059896 0.119444
5 0.673438 0.305556 0.028125 0.035185
5 0.699219 0.306019 0.026562 0.037963
8 0.778646 0.380556 0.057292 0.107407
9 0.720313 0.378241 0.066667 0.102778
9 0.654167 0.368519 0.066667 0.125926
9 0.585417 0.361111 0.077083 0.133333
7 0.734896 0.393056 0.031250 0.063889
7 0.659115 0.380556 0.030729 0.055556
3 0.649219 0.431019 0.020313 0.036111
3 0.728646 0.437500 0.022917 0.030556
8 0.509115 0.356019 0.079687 0.149074
8 0.454167 0.326389 0.060417 0.139815
8 0.384115 0.342593 0.079687 0.135185
9 0.312240 0.374537 0.085938 0.106481
9 0.251823 0.371296 0.053646 0.100000
8 0.197917 0.387500 0.058333 0.106481
9 0.149740 0.560185 0.064062 0.105556
8 0.212240 0.531019 0.066146 0.132407
8 0.274740 0.549537 0.074479 0.156481
8 0.351042 0.537500 0.082292 0.169444
8 0.432292 0.522222 0.082292 0.144444
8 0.600521 0.529167 0.098958 0.150926
9 0.687240 0.543519 0.084896 0.157407
8 0.759115 0.556019 0.073438 0.169444
9 0.823438 0.543519 0.071875 0.155556
8 0.671094 0.745833 0.108854 0.169444
8 0.966667 0.702315 0.066667 0.104630
4 0.991667 0.749074 0.016667 0.031481
8 0.902344 0.505093 0.063021 0.154630
9 0.860417 0.355556 0.048958 0.103704
9 0.901563 0.356019 0.042708 0.108333
9 0.820573 0.255093 0.061979 0.075000
8 0.860417 0.261111 0.035417 0.068519
8 0.796875 0.178241 0.043750 0.067593
3 0.792188 0.228704 0.013542 0.016667
8 0.832292 0.193056 0.037500 0.067593
8 0.757292 0.117593 0.039583 0.077778
8 0.797396 0.127778 0.032292 0.062963
9 0.779167 0.097685 0.026042 0.043519
9 0.736719 0.074537 0.029687 0.056481
8 0.713542 0.038426 0.030208 0.062037
9 0.746094 0.055093 0.023438 0.036111
5 0.388021 0.427778 0.051042 0.048148
5 0.452344 0.406944 0.051562 0.049074
5 0.239844 0.445833 0.029687 0.043519
3 0.501823 0.205556 0.011979 0.022222
5 0.662240 0.209722 0.041146 0.030556
3 0.580990 0.819444 0.031771 0.053704
3 0.934896 0.573611 0.012500 0.030556
1 0.125000 0.329630 0.021875 0.044444
6 0.132292 0.368519 0.020833 0.035185
1 0.149219 0.216667 0.018229 0.040741
1 0.166667 0.205556 0.018750 0.040741
1 0.186719 0.154630 0.015104 0.031481
1 0.213542 0.164815 0.016667 0.040741
0 0.207813 0.110185 0.014583 0.031481
1 0.237240 0.097685 0.015104 0.030556
1 0.271615 0.066204 0.016146 0.030556
4 0.269792 0.088889 0.013542 0.014815
1 0.277344 0.031019 0.015104 0.030556
1 0.304167 0.018056 0.013542 0.026852
1 0.346615 0.082407 0.017188 0.037037
4 0.360938 0.131019 0.013542 0.021296
1 0.392188 0.083333 0.020833 0.038889
1 0.435417 0.093519 0.020833 0.038889
1 0.484115 0.081019 0.019271 0.037963
1 0.470313 0.025926 0.014583 0.031481
1 0.529167 0.073148 0.019792 0.044444
4 0.528646 0.116667 0.021875 0.018519
1 0.516667 0.031019 0.015625 0.032407
6 0.511719 0.068056 0.020313 0.021296
1 0.549219 0.037500 0.016146 0.030556
1 0.596094 0.030556 0.017188 0.035185
4 0.599219 0.057870 0.016146 0.015741
5 0.592969 0.073611 0.017188 0.019444
1 0.644271 0.050463 0.017708 0.030556
1 0.655469 0.074537 0.020313 0.043519
1 0.615365 0.073148 0.019271 0.042593
1 0.563021 0.076389 0.020833 0.039815
4 0.568490 0.126852 0.023438 0.024074
1 0.268490 0.165278 0.020313 0.041667
1 0.301042 0.155556 0.022917 0.044444
3 0.305990 0.212500 0.011979 0.019444
6 0.309115 0.218519 0.033854 0.027778
1 0.352865 0.170833 0.020313 0.043519
2 0.402865 0.141204 0.024479 0.050926
3 0.390365 0.204630 0.010937 0.022222
1 0.449740 0.137500 0.021354 0.043519
4 0.447917 0.193056 0.027083 0.025000
1 0.509115 0.131481 0.021354 0.050000
2 0.593490 0.136574 0.023438 0.043519
4 0.574219 0.191204 0.020313 0.023148
1 0.622917 0.117593 0.020833 0.046296
4 0.622917 0.181019 0.013542 0.021296
2 0.656250 0.135185 0.021875 0.044444
1 0.713542 0.168519 0.022917 0.042593
4 0.707292 0.206019 0.020833 0.021296
1 0.761719 0.247685 0.025521 0.056481
4 0.758594 0.318056 0.026562 0.026852
1 0.694792 0.230556 0.023958 0.048148
4 0.694792 0.281019 0.025000 0.023148
1 0.633594 0.218056 0.023438 0.052778
4 0.635417 0.293519 0.027083 0.025926
4 0.527865 0.283333 0.019271 0.031481
1 0.533594 0.218519 0.027604 0.053704
1 0.466667 0.245833 0.028125 0.054630
1 0.400521 0.230556 0.026042 0.057407
4 0.409115 0.283333 0.021354 0.024074
1 0.346615 0.229630 0.024479 0.059259
1 0.280990 0.231944 0.024479 0.050926
4 0.280469 0.291667 0.021354 0.027778
4 0.342969 0.292593 0.022396 0.025926
5 0.296875 0.305556 0.028125 0.035185
1 0.234115 0.240741 0.022396 0.051852
4 0.230990 0.323611 0.029687 0.021296
1 0.191667 0.371296 0.027083 0.053704
4 0.188542 0.425926 0.023958 0.031481
4 0.244792 0.415278 0.026042 0.028704
1 0.244271 0.368056 0.027083 0.052778
1 0.305990 0.355556 0.029687 0.061111
4 0.305990 0.412500 0.032813 0.030556
2 0.372917 0.306944 0.032292 0.065741
0 0.447917 0.288426 0.027083 0.062037
3 0.487240 0.430556 0.018229 0.033333
2 0.502865 0.318056 0.032813 0.063889
6 0.517969 0.418056 0.049479 0.049074
1 0.596615 0.352778 0.031771 0.059259
4 0.590365 0.415741 0.022396 0.037037
4 0.779167 0.418519 0.021875 0.031481
1 0.791146 0.356019 0.027083 0.054630
1 0.837240 0.533333 0.033854 0.068519
4 0.831771 0.606019 0.020833 0.030556
0 0.769792 0.506019 0.030208 0.071296
6 0.777344 0.620833 0.050521 0.060185
1 0.702865 0.534259 0.041146 0.081481
4 0.672396 0.606944 0.030208 0.054630
5 0.698438 0.618056 0.052083 0.069444
1 0.601042 0.506019 0.037500 0.076852
4 0.596094 0.587037 0.026562 0.031481
1 0.424740 0.493519 0.033854 0.083333
4 0.424740 0.579167 0.028646 0.032407
1 0.346094 0.493056 0.032813 0.071296
4 0.350521 0.605093 0.030208 0.032407
4 0.270313 0.612037 0.027083 0.044444
1 0.276042 0.516667 0.031250 0.064815
2 0.194792 0.500000 0.030208 0.068519
6 0.205469 0.600463 0.051562 0.069444
3 0.181771 0.605556 0.016667 0.037037
2 0.148438 0.539815 0.033333 0.051852
3 0.139323 0.605556 0.016146 0.040741
1 0.696615 0.714815 0.041146 0.085185
5 0.714063 0.841204 0.061458 0.099074
0 0.918490 0.456019 0.022396 0.060185
1 0.872396 0.331019 0.021875 0.049074
1 0.912240 0.328704 0.018229 0.050000
4 0.826042 0.281019 0.019792 0.023148
1 0.830990 0.242593 0.021354 0.044444
1 0.868490 0.253241 0.017188 0.043519
1 0.807813 0.165278 0.017708 0.041667
1 0.840365 0.181019 0.017188 0.041667
1 0.764844 0.095370 0.017188 0.037037
5 0.769792 0.155556 0.020833 0.022222
1 0.802865 0.115741 0.015104 0.037037
1 0.750000 0.051389 0.012500 0.026852
1 0.718490 0.023611 0.014063 0.030556
5 0.454948 0.945370 0.065104 0.109259
