8 0.137240 0.331481 0.049479 0.075926
5 0.121615 0.402778 0.025521 0.029630
8 0.179167 0.230556 0.044792 0.103704
8 0.149740 0.231481 0.031771 0.085185
8 0.188542 0.166204 0.031250 0.060185
8 0.227865 0.147222 0.033854 0.081481
5 0.217448 0.190278 0.027604 0.023148
8 0.247396 0.106019 0.030208 0.058333
8 0.209115 0.123148 0.031771 0.055556
9 0.276823 0.069444 0.040104 0.046296
8 0.278646 0.040278 0.032292 0.047222
9 0.307292 0.032407 0.031250 0.048148
8 0.346615 0.105556 0.050521 0.074074
8 0.432292 0.048148 0.039583 0.053704
9 0.432292 0.103241 0.046875 0.056481
9 0.477865 0.093056 0.053646 0.065741
8 0.470313 0.040741 0.039583 0.059259
8 0.510938 0.043519 0.037500 0.057407
9 0.549740 0.043056 0.040104 0.054630
8 0.526563 0.091204 0.042708 0.075000
9 0.566667 0.093519 0.044792 0.064815
8 0.591667 0.041667 0.040625 0.059259
9 0.640365 0.054630 0.033854 0.046296
8 0.610417 0.083333 0.041667 0.081481
8 0.652865 0.095370 0.045312 0.085185
9 0.699740 0.168519 0.054688 0.087037
8 0.652865 0.155556 0.042188 0.085185
8 0.613542 0.143056 0.043750 0.093519
8 0.571615 0.162037 0.063021 0.081481
5 0.482292 0.131944 0.019792 0.026852
8 0.507292 0.153241 0.045833 0.087963
8 0.452865 0.158796 0.059896 0.100926
8 0.396615 0.079630 0.043229 0.107407
9 0.401042 0.162963 0.054167 0.081481
9 0.355469 0.174537 0.047396 0.069444
8 0.310417 0.187500 0.043750 0.093519
9 0.269792 0.195370 0.045833 0.061111
8 0.241146 0.267130 0.055208 0.126852
8 0.287240 0.256019 0.055729 0.099074
8 0.347135 0.250000 0.060937 0.105556
9 0.407813 0.247685 0.066667 0.093519
9 0.466667 0.254630 0.058333 0.072222
8 0.528646 0.242130 0.068750 0.095370
8 0.632292 0.248148 0.061458 0.118519
8 0.696615 0.250000 0.055729 0.094444
8 0.749219 0.275926 0.059896 0.118519
5 0.673438 0.305556 0.028125 0.035185
5 0.699219 0.306019 0.026562 0.037963
8 0.778646 0.380556 0.057292 0.107407
9 0.720313 0.378241 0.066667 0.102778
9 0.654167 0.368519 0.066667 0.125926
9 0.584115 0.363426 0.077604 0.136111
7 0.734896 0.393056 0.031250 0.063889
7 0.659115 0.380556 0.030729 0.055556
3 0.649219 0.431019 0.020313 0.036111
3 0.728646 0.437500 0.022917 0.030556
8 0.513542 0.360185 0.076042 0.150000
8 0.454948 0.330556 0.063021 0.138889
8 0.386458 0.333796 0.079167 0.150926
9 0.310417 0.373148 0.083333 0.118519
9 0.251823 0.369444 0.053646 0.100000
8 0.197917 0.389352 0.055208 0.110185
9 0.146094 0.558796 0.070312 0.102778
8 0.214323 0.522222 0.061979 0.144444
9 0.269271 0.555556 0.086458 0.116667
8 0.350521 0.538889 0.082292 0.164815
8 0.430990 0.520370 0.082812 0.144444
8 0.599740 0.527778 0.099479 0.153704
9 0.684896 0.539352 0.084375 0.149074
8 0.755990 0.539352 0.075521 0.123148
9 0.823438 0.543519 0.071875 0.155556
8 0.679688 0.764815 0.109375 0.200000
5 0.524740 0.938889 0.061979 0.122222
8 0.966667 0.706019 0.066667 0.104630
4 0.990365 0.746759 0.019271 0.030556
8 0.902865 0.505556 0.064062 0.159259
9 0.860417 0.355556 0.048958 0.103704
9 0.899740 0.356019 0.036979 0.095370
9 0.822917 0.256019 0.057292 0.075000
8 0.859896 0.265278 0.035417 0.067593
8 0.793490 0.180093 0.047396 0.071296
3 0.792188 0.228704 0.013542 0.016667
8 0.832292 0.193056 0.037500 0.067593
8 0.757292 0.118519 0.041667 0.085185
8 0.797396 0.127778 0.032292 0.062963
9 0.779167 0.097685 0.026042 0.043519
9 0.736719 0.079630 0.028646 0.046296
8 0.715365 0.036574 0.029687 0.058333
8 0.745313 0.053241 0.025000 0.039815
5 0.388021 0.427778 0.051042 0.048148
5 0.452344 0.409722 0.051562 0.049074
5 0.239844 0.445833 0.029687 0.043519
3 0.501823 0.205556 0.011979 0.022222
5 0.662240 0.209722 0.041146 0.030556
3 0.580990 0.818519 0.031771 0.053704
3 0.934896 0.573611 0.012500 0.030556
1 0.123438 0.320833 0.020833 0.043519
5 0.131771 0.370833 0.019792 0.030556
3 0.141667 0.380093 0.014583 0.025000
1 0.144792 0.212963 0.017708 0.044444
1 0.165365 0.203704 0.019271 0.044444
1 0.186198 0.154167 0.015104 0.032407
2 0.226042 0.124537 0.017708 0.030556
3 0.215365 0.186574 0.008854 0.019444
0 0.208594 0.110185 0.014063 0.031481
1 0.242188 0.093519 0.014583 0.029630
4 0.269792 0.089352 0.013542 0.013889
1 0.272917 0.065741 0.015625 0.029630
2 0.332292 0.089815 0.022917 0.035185
0 0.396615 0.043519 0.021354 0.040741
3 0.390365 0.131019 0.016146 0.013889
1 0.440365 0.093056 0.021354 0.037963
1 0.429167 0.037963 0.013542 0.031481
1 0.468490 0.025926 0.016146 0.031481
1 0.482292 0.082407 0.020833 0.038889
1 0.513542 0.030556 0.015625 0.031481
6 0.511719 0.068519 0.020313 0.020370
4 0.466667 0.062963 0.018750 0.012963
4 0.527865 0.117130 0.020313 0.019444
1 0.530990 0.076389 0.018229 0.039815
1 0.554167 0.036111 0.016667 0.031481
1 0.566667 0.080556 0.018750 0.040741
1 0.595313 0.029630 0.017708 0.035185
4 0.597917 0.057407 0.015625 0.016667
5 0.591667 0.073611 0.015625 0.019444
0 0.619271 0.065741 0.017708 0.038889
1 0.654167 0.076852 0.019792 0.038889
1 0.643490 0.050926 0.018229 0.031481
2 0.690365 0.152315 0.024479 0.045370
1 0.657813 0.135648 0.019792 0.043519
4 0.663021 0.186111 0.019792 0.018519
4 0.707292 0.206019 0.019792 0.021296
5 0.618490 0.200000 0.023438 0.031481
1 0.622917 0.119907 0.023958 0.043519
1 0.574740 0.143056 0.022396 0.047222
6 0.576042 0.193519 0.028125 0.027778
1 0.510417 0.132407 0.022917 0.048148
1 0.449219 0.133333 0.023438 0.046296
4 0.447917 0.196759 0.026042 0.025000
2 0.404167 0.148611 0.025000 0.043519
3 0.390365 0.204167 0.014063 0.021296
1 0.352865 0.170833 0.021354 0.041667
1 0.304688 0.165741 0.021875 0.044444
3 0.305990 0.213426 0.011979 0.019444
6 0.309896 0.218056 0.033333 0.030556
1 0.260417 0.196296 0.021875 0.038889
1 0.234115 0.230556 0.023438 0.051852
6 0.242969 0.312037 0.042188 0.044444
1 0.279167 0.233333 0.022917 0.050000
4 0.279167 0.292593 0.020833 0.027778
5 0.296615 0.305556 0.026562 0.033333
1 0.346615 0.228241 0.023438 0.056481
4 0.341667 0.290278 0.022917 0.028704
1 0.399740 0.230556 0.025521 0.057407
4 0.410417 0.286111 0.021875 0.020370
1 0.465365 0.250000 0.029687 0.055556
1 0.530990 0.224537 0.025521 0.056481
4 0.527865 0.282407 0.020313 0.033333
1 0.633594 0.218056 0.022396 0.052778
4 0.635938 0.293981 0.026042 0.025000
1 0.696615 0.231019 0.022396 0.047222
4 0.694792 0.282407 0.023958 0.024074
4 0.758594 0.318519 0.026562 0.027778
1 0.761198 0.249074 0.025521 0.055556
1 0.792188 0.356019 0.027083 0.054630
4 0.779167 0.421759 0.022917 0.030556
4 0.590365 0.413426 0.023438 0.037963
1 0.597396 0.353241 0.032292 0.058333
1 0.518490 0.318981 0.031771 0.065741
3 0.507292 0.418056 0.014583 0.030556
6 0.513542 0.417130 0.054167 0.049074
1 0.450000 0.293056 0.028125 0.062037
0 0.382812 0.299537 0.030208 0.069444
1 0.296615 0.346759 0.032813 0.063889
1 0.302865 0.412037 0.034896 0.033333
4 0.246615 0.416204 0.023438 0.028704
1 0.244010 0.368519 0.027604 0.051852
1 0.192188 0.372222 0.029167 0.053704
4 0.187760 0.427778 0.023438 0.035185
1 0.132292 0.556019 0.029167 0.058333
4 0.135417 0.606019 0.021875 0.039815
3 0.180990 0.606019 0.017188 0.039815
1 0.198437 0.488889 0.028125 0.064815
1 0.262240 0.549074 0.032813 0.059259
6 0.205990 0.598611 0.051562 0.069444
4 0.257292 0.606019 0.026042 0.047222
1 0.346615 0.493519 0.031771 0.074074
4 0.349740 0.605556 0.031771 0.031481
1 0.426042 0.492593 0.034375 0.085185
4 0.424740 0.581019 0.029687 0.032407
1 0.598958 0.506019 0.038542 0.078704
4 0.592969 0.582870 0.029687 0.037963
4 0.672396 0.603241 0.029167 0.067593
1 0.698438 0.543056 0.040625 0.076852
1 0.699740 0.619444 0.050521 0.068519
0 0.771094 0.516204 0.030729 0.073148
5 0.776042 0.620370 0.055208 0.062963
1 0.835938 0.535185 0.032292 0.068519
4 0.830990 0.606481 0.021354 0.029630
1 0.682813 0.712037 0.041667 0.094444
6 0.707812 0.823611 0.065625 0.093519
0 0.919792 0.456019 0.022917 0.056481
1 0.872917 0.331019 0.022917 0.049074
0 0.905990 0.333796 0.019271 0.049074
6 0.908594 0.396296 0.019271 0.035185
1 0.832292 0.243519 0.020833 0.044444
1 0.869271 0.253704 0.016667 0.040741
4 0.826823 0.281944 0.018229 0.023148
1 0.806771 0.164815 0.019792 0.040741
1 0.841667 0.182407 0.016667 0.042593
1 0.764062 0.093981 0.018750 0.037963
1 0.802865 0.115741 0.017188 0.037037
5 0.770312 0.156019 0.020833 0.023148
1 0.719792 0.021759 0.014583 0.030556
