4 0.136198 0.600000 0.018229 0.031481
1 0.130990 0.554630 0.023438 0.050000
9 0.141667 0.558333 0.062500 0.087037
4 0.189323 0.602315 0.019271 0.037963
1 0.190365 0.518056 0.026562 0.060185
8 0.204167 0.543056 0.064583 0.123148
5 0.255990 0.612500 0.032813 0.058333
4 0.247917 0.557407 0.020833 0.029630
0 0.255990 0.480556 0.028646 0.064815
8 0.271615 0.529167 0.080729 0.160185
4 0.338542 0.604167 0.027083 0.034259
0 0.339844 0.468981 0.028646 0.073148
8 0.345313 0.527315 0.073958 0.186111
4 0.413542 0.585185 0.025000 0.050000
1 0.416667 0.518981 0.031250 0.082407
5 0.426563 0.597685 0.058333 0.067593
8 0.430990 0.531944 0.082812 0.115741
4 0.685417 0.816667 0.041667 0.033333
5 0.729167 0.843056 0.051042 0.089815
1 0.706250 0.719444 0.040625 0.074074
8 0.676562 0.743519 0.121875 0.172222
4 0.770312 0.612500 0.026042 0.030556
4 0.835938 0.611111 0.031250 0.031481
5 0.763542 0.617130 0.029167 0.054630
5 0.837240 0.621759 0.035937 0.039815
1 0.843490 0.532407 0.033854 0.059259
8 0.826042 0.545370 0.066667 0.157407
1 0.779948 0.509722 0.028646 0.063889
8 0.756771 0.552778 0.073958 0.146296
4 0.682813 0.606019 0.025000 0.037963
5 0.694271 0.621759 0.033333 0.060185
0 0.685417 0.478704 0.034375 0.077778
8 0.682813 0.530556 0.073958 0.183333
2 0.624219 0.468056 0.038021 0.078704
8 0.603646 0.502778 0.084375 0.150000
4 0.193490 0.426389 0.015104 0.023148
4 0.255208 0.419907 0.028125 0.026852
1 0.192188 0.374074 0.023958 0.044444
1 0.251563 0.374537 0.023958 0.045370
9 0.199219 0.381481 0.057813 0.094444
9 0.254688 0.372685 0.058333 0.106481
4 0.322917 0.408333 0.022917 0.024074
1 0.321615 0.348148 0.026562 0.057407
8 0.322917 0.368519 0.079167 0.103704
5 0.369792 0.424537 0.037500 0.030556
5 0.461198 0.407870 0.038021 0.036111
5 0.531771 0.419907 0.028125 0.045370
4 0.596615 0.411111 0.026562 0.031481
4 0.652344 0.428704 0.024479 0.035185
1 0.595313 0.335648 0.028125 0.056481
8 0.587240 0.356019 0.076563 0.137963
7 0.662240 0.381019 0.027604 0.054630
9 0.655469 0.368519 0.059896 0.124074
7 0.724740 0.398611 0.032813 0.052778
9 0.716667 0.397222 0.061458 0.105556
4 0.783594 0.420833 0.029687 0.025000
1 0.785417 0.356019 0.022917 0.052778
8 0.779167 0.380556 0.062500 0.101852
4 0.696615 0.293519 0.025521 0.022222
5 0.709115 0.312037 0.043229 0.031481
4 0.760938 0.306481 0.021875 0.029630
1 0.701042 0.218056 0.020833 0.049074
8 0.698438 0.249537 0.056250 0.108333
1 0.762240 0.207870 0.022396 0.054630
8 0.752344 0.252778 0.051562 0.140741
3 0.522917 0.297222 0.010417 0.018519
4 0.527865 0.281019 0.019271 0.030556
1 0.534115 0.215278 0.024479 0.052778
8 0.529167 0.236111 0.072917 0.094444
4 0.468490 0.279630 0.028646 0.025926
1 0.467969 0.232407 0.023438 0.044444
9 0.466667 0.246759 0.054167 0.069444
4 0.404167 0.276852 0.028125 0.022222
1 0.401823 0.218056 0.024479 0.054630
8 0.405990 0.240278 0.064062 0.099074
5 0.395313 0.294444 0.030208 0.022222
1 0.340365 0.218056 0.021354 0.056481
5 0.347396 0.292593 0.025000 0.033333
5 0.368490 0.308333 0.025521 0.035185
3 0.364063 0.305556 0.018750 0.012963
5 0.288021 0.301852 0.027083 0.031481
5 0.380990 0.205556 0.020313 0.027778
2 0.431771 0.132870 0.021875 0.047222
8 0.415365 0.154630 0.054688 0.088889
4 0.455990 0.193519 0.026562 0.018519
1 0.454688 0.131019 0.020833 0.045370
8 0.457813 0.155556 0.054167 0.090741
4 0.506771 0.189815 0.016667 0.024074
1 0.513542 0.145833 0.019792 0.041667
8 0.509896 0.156944 0.046875 0.065741
3 0.573698 0.201852 0.015104 0.009259
5 0.573438 0.201389 0.021875 0.026852
2 0.584115 0.130556 0.021354 0.044444
8 0.573698 0.161574 0.052604 0.106481
5 0.621615 0.202778 0.023438 0.024074
0 0.659115 0.134259 0.018229 0.038889
5 0.662240 0.218056 0.042188 0.026852
8 0.655990 0.157407 0.043229 0.085185
1 0.706771 0.161574 0.019792 0.045370
9 0.705990 0.172222 0.056771 0.075926
1 0.659896 0.078704 0.017708 0.037037
8 0.652865 0.095833 0.040104 0.076852
5 0.613542 0.128704 0.017708 0.020370
4 0.566667 0.120370 0.014583 0.016667
1 0.572396 0.093519 0.017708 0.033333
9 0.564063 0.098611 0.052083 0.056481
5 0.533594 0.128241 0.017188 0.019444
4 0.482812 0.116204 0.015625 0.013889
1 0.480990 0.079167 0.020313 0.032407
8 0.479167 0.092593 0.051042 0.059259
1 0.434115 0.089352 0.017188 0.034259
8 0.436719 0.095833 0.039062 0.049074
1 0.388542 0.089815 0.019792 0.035185
4 0.389844 0.129630 0.021354 0.016667
4 0.355990 0.132407 0.013021 0.016667
5 0.358594 0.141204 0.018229 0.019444
9 0.396615 0.100463 0.042188 0.069444
1 0.355990 0.088889 0.016146 0.035185
8 0.354167 0.105556 0.042708 0.070370
1 0.394792 0.047685 0.013542 0.030556
9 0.389844 0.056019 0.038021 0.047222
4 0.437240 0.065741 0.016146 0.012963
1 0.435417 0.034259 0.012500 0.027778
8 0.434115 0.045370 0.038021 0.051852
1 0.460938 0.041204 0.014583 0.028704
8 0.471094 0.043519 0.032813 0.040741
6 0.513542 0.068519 0.026042 0.020370
1 0.513021 0.027778 0.013542 0.029630
8 0.509375 0.041667 0.037500 0.055556
6 0.546094 0.069907 0.024479 0.019444
1 0.548438 0.031944 0.014583 0.028704
9 0.548698 0.043519 0.038021 0.051852
4 0.595313 0.062500 0.021875 0.019444
1 0.588021 0.023148 0.014583 0.031481
8 0.590365 0.040741 0.042188 0.064815
5 0.609115 0.077315 0.021354 0.013889
1 0.638542 0.033333 0.013542 0.031481
8 0.636719 0.045833 0.034896 0.056481
4 0.985417 0.755556 0.016667 0.038889
5 0.985938 0.768519 0.020833 0.040741
4 0.925521 0.539352 0.017708 0.021296
5 0.920833 0.541204 0.023958 0.047222
1 0.927865 0.468981 0.021354 0.050926
8 0.905990 0.494907 0.064062 0.104630
4 0.868490 0.385648 0.014063 0.019444
5 0.865365 0.390741 0.025521 0.031481
4 0.901563 0.394444 0.013542 0.025926
1 0.864062 0.318056 0.020833 0.045370
8 0.852344 0.343519 0.051562 0.101852
1 0.913542 0.354167 0.017708 0.041667
9 0.899740 0.365278 0.044271 0.078704
4 0.802865 0.197222 0.015104 0.024074
2 0.818490 0.171296 0.020313 0.038889
1 0.833073 0.171759 0.015104 0.036111
8 0.804167 0.181019 0.050000 0.056481
8 0.830469 0.188889 0.019271 0.068519
4 0.772917 0.154167 0.014583 0.019444
1 0.774740 0.105556 0.017188 0.038889
8 0.763542 0.124074 0.040625 0.077778
1 0.804688 0.118519 0.013542 0.035185
8 0.799740 0.129167 0.032813 0.056481
4 0.738542 0.101852 0.013542 0.018519
1 0.742188 0.062500 0.014583 0.030556
8 0.735938 0.079167 0.035417 0.062037
1 0.746615 0.038426 0.011979 0.025000
8 0.743490 0.050463 0.032813 0.049074
1 0.714844 0.020370 0.014063 0.027778
8 0.709115 0.031481 0.030729 0.050000
1 0.302865 0.020370 0.011979 0.025926
8 0.308594 0.032407 0.031771 0.050000
4 0.302344 0.051852 0.010937 0.012963
0 0.277344 0.028241 0.013021 0.030556
1 0.269792 0.057870 0.015625 0.026852
8 0.281771 0.068519 0.039583 0.044444
3 0.270313 0.089815 0.008333 0.009259
5 0.267188 0.093056 0.019792 0.013889
1 0.238542 0.103241 0.014583 0.028704
4 0.237760 0.130093 0.016146 0.015741
8 0.246094 0.111574 0.032813 0.052778
4 0.204687 0.136111 0.015625 0.016667
1 0.207292 0.107407 0.013542 0.027778
8 0.212240 0.118056 0.029687 0.047222
5 0.217188 0.191667 0.019792 0.020370
5 0.180469 0.200926 0.015104 0.018519
4 0.190625 0.180556 0.015625 0.014815
1 0.188542 0.148148 0.014583 0.031481
8 0.193490 0.162037 0.032813 0.057407
1 0.217188 0.146759 0.013542 0.037963
8 0.227083 0.159259 0.038542 0.062963
4 0.141146 0.271759 0.010417 0.013889
1 0.140365 0.216667 0.018229 0.038889
8 0.152865 0.239352 0.048438 0.084259
6 0.132292 0.367130 0.038542 0.045370
3 0.138021 0.382407 0.014583 0.020370
1 0.121615 0.330093 0.021354 0.036111
8 0.138021 0.343056 0.054167 0.069444
