4 0.139063 0.593056 0.021875 0.047222
5 0.135417 0.605556 0.026042 0.048148
4 0.194792 0.597222 0.029167 0.044444
1 0.132292 0.545370 0.026042 0.048148
9 0.141667 0.556019 0.061458 0.087963
1 0.189844 0.518519 0.026562 0.059259
8 0.205990 0.543056 0.068229 0.119444
5 0.254688 0.614352 0.030208 0.060185
4 0.291667 0.588889 0.028125 0.038889
2 0.309115 0.498148 0.035937 0.068519
8 0.291667 0.543056 0.072917 0.163889
4 0.338542 0.618056 0.025000 0.043519
0 0.338542 0.461574 0.029167 0.069444
8 0.348438 0.530556 0.052083 0.209259
4 0.378646 0.534722 0.021875 0.056481
5 0.426563 0.596759 0.059375 0.069444
2 0.392188 0.481019 0.041667 0.071296
8 0.405469 0.518056 0.074479 0.152778
5 0.596615 0.606019 0.048438 0.069444
4 0.684375 0.605556 0.031250 0.038889
5 0.694792 0.618519 0.033333 0.061111
1 0.683594 0.485185 0.028646 0.081481
8 0.680469 0.531944 0.076563 0.175000
4 0.771615 0.614352 0.024479 0.028704
5 0.763542 0.617130 0.029167 0.056481
1 0.779167 0.515278 0.029167 0.062037
8 0.755990 0.553241 0.071354 0.147222
4 0.835938 0.613889 0.029167 0.037037
5 0.838021 0.621759 0.034375 0.043519
1 0.841146 0.530556 0.033333 0.061111
8 0.826042 0.547685 0.064583 0.169444
2 0.616146 0.443056 0.034375 0.073148
8 0.591667 0.493056 0.098958 0.169444
4 0.782813 0.422222 0.028125 0.031481
1 0.785417 0.353241 0.022917 0.052778
8 0.777344 0.380556 0.067187 0.111111
7 0.724219 0.397685 0.032813 0.056481
9 0.715365 0.394907 0.061979 0.106481
4 0.651563 0.428704 0.022917 0.035185
1 0.659115 0.343519 0.025521 0.059259
9 0.654948 0.368056 0.058854 0.123148
4 0.596615 0.405556 0.027604 0.024074
1 0.595313 0.340741 0.027083 0.053704
8 0.587240 0.356019 0.074479 0.128704
5 0.531771 0.418056 0.028125 0.045370
5 0.461198 0.406019 0.038021 0.037963
5 0.369792 0.423611 0.038542 0.030556
4 0.318490 0.405556 0.031771 0.027778
1 0.322917 0.353704 0.029167 0.057407
9 0.322917 0.368519 0.079167 0.100000
4 0.254688 0.418519 0.028125 0.027778
1 0.249740 0.377315 0.023438 0.047222
9 0.254167 0.371759 0.059375 0.106481
4 0.193490 0.423148 0.017188 0.018519
1 0.191667 0.374074 0.026042 0.044444
9 0.198698 0.381019 0.056771 0.095370
5 0.287240 0.300926 0.027604 0.031481
5 0.347917 0.291667 0.025000 0.035185
5 0.369271 0.306481 0.027083 0.037037
3 0.364063 0.305556 0.018750 0.012963
5 0.395313 0.293519 0.030208 0.024074
4 0.403646 0.272222 0.026042 0.018519
0 0.346615 0.212500 0.023438 0.056481
8 0.345313 0.236574 0.056250 0.106481
1 0.401823 0.218056 0.024479 0.052778
8 0.405990 0.240278 0.066146 0.100926
3 0.467969 0.280556 0.009896 0.020370
1 0.467969 0.245370 0.023438 0.050000
9 0.468490 0.243519 0.057813 0.066667
4 0.519792 0.291204 0.017708 0.032407
4 0.536719 0.281019 0.021354 0.025000
1 0.534896 0.217593 0.026042 0.051852
8 0.529167 0.243519 0.073958 0.107407
4 0.696615 0.292130 0.024479 0.028704
5 0.709375 0.306019 0.043750 0.037963
4 0.760417 0.318519 0.023958 0.025926
1 0.702344 0.218056 0.020313 0.049074
8 0.698438 0.251389 0.056250 0.110185
1 0.761719 0.242130 0.023438 0.052778
8 0.752865 0.268981 0.053646 0.113889
1 0.707292 0.161574 0.019792 0.043519
9 0.705469 0.173148 0.057813 0.079630
5 0.662240 0.218519 0.042188 0.027778
5 0.622396 0.203241 0.021875 0.023148
1 0.660417 0.131019 0.017708 0.041667
8 0.655990 0.156019 0.041146 0.089815
2 0.560417 0.114815 0.023958 0.040741
4 0.574740 0.196759 0.020313 0.019444
8 0.569792 0.148148 0.057292 0.107407
4 0.507292 0.188889 0.016667 0.025926
1 0.513542 0.143519 0.019792 0.038889
8 0.509375 0.156019 0.050000 0.065741
4 0.453125 0.193056 0.021875 0.019444
1 0.452865 0.130556 0.019271 0.044444
8 0.454688 0.155556 0.054167 0.092593
2 0.411198 0.106019 0.022396 0.041667
8 0.408594 0.140741 0.050521 0.107407
3 0.382292 0.203704 0.009375 0.014815
5 0.381771 0.205556 0.020833 0.027778
4 0.355990 0.131019 0.014063 0.015741
1 0.355990 0.097685 0.016146 0.032407
9 0.354167 0.107407 0.044792 0.061111
1 0.392188 0.080556 0.019792 0.038889
8 0.395313 0.098611 0.036458 0.069444
1 0.432292 0.093056 0.020833 0.034259
9 0.437240 0.097222 0.032813 0.044444
4 0.484115 0.116667 0.016146 0.012963
1 0.480990 0.079167 0.017188 0.032407
8 0.479167 0.092593 0.051042 0.061111
5 0.492969 0.129630 0.019271 0.018519
5 0.534115 0.125463 0.018229 0.019444
1 0.572396 0.093519 0.017708 0.027778
9 0.565365 0.093519 0.051562 0.053704
5 0.613542 0.128704 0.018750 0.020370
1 0.659115 0.080556 0.018229 0.037037
8 0.652865 0.099537 0.042188 0.069444
4 0.641146 0.068056 0.012500 0.013889
1 0.638542 0.034259 0.013542 0.031481
8 0.635938 0.044907 0.036458 0.056481
5 0.609115 0.077315 0.021354 0.015741
4 0.595573 0.062500 0.021354 0.019444
1 0.588542 0.022222 0.014583 0.031481
8 0.590365 0.040278 0.042188 0.067593
6 0.548438 0.068519 0.025000 0.020370
1 0.552865 0.035648 0.014063 0.030556
9 0.547917 0.043519 0.040625 0.050000
6 0.513542 0.068519 0.027083 0.020370
1 0.513542 0.024074 0.013542 0.031481
8 0.509115 0.039815 0.035937 0.059259
1 0.462240 0.043056 0.015104 0.026852
9 0.468490 0.043519 0.033854 0.035185
2 0.435417 0.030093 0.014583 0.028704
3 0.426563 0.071759 0.009375 0.006481
8 0.432292 0.043056 0.042708 0.058333
1 0.394792 0.046759 0.013542 0.030556
9 0.390365 0.055556 0.036979 0.048148
4 0.301563 0.053241 0.011458 0.010185
1 0.302865 0.018056 0.013021 0.025000
8 0.307292 0.031019 0.033333 0.050926
0 0.277865 0.024537 0.013021 0.030556
2 0.272917 0.050463 0.014583 0.025000
8 0.283073 0.062037 0.034896 0.055556
3 0.270313 0.089815 0.009375 0.009259
4 0.239063 0.130093 0.014583 0.015741
1 0.238542 0.098611 0.014583 0.030556
8 0.246615 0.109722 0.033854 0.056481
1 0.202865 0.105556 0.013021 0.024074
8 0.210417 0.118519 0.030208 0.050000
5 0.217969 0.191667 0.019271 0.020370
1 0.215365 0.153704 0.014063 0.038889
8 0.226042 0.160185 0.038542 0.055556
4 0.188542 0.181019 0.015625 0.015741
5 0.180469 0.200000 0.015104 0.018519
1 0.188542 0.147685 0.013542 0.030556
8 0.192969 0.162037 0.031771 0.055556
3 0.159115 0.279167 0.010937 0.017593
2 0.140365 0.205556 0.017188 0.035185
8 0.152865 0.231019 0.042188 0.082407
3 0.137240 0.381019 0.015104 0.021296
6 0.129167 0.366667 0.033333 0.050000
1 0.123438 0.323148 0.020833 0.044444
8 0.137240 0.340278 0.049479 0.073148
5 0.118490 0.403241 0.025521 0.025000
4 0.987240 0.756019 0.016146 0.034259
4 0.926042 0.539352 0.017708 0.023148
1 0.927865 0.468519 0.022396 0.051852
8 0.905990 0.493519 0.065104 0.107407
5 0.921615 0.542130 0.024479 0.047222
4 0.868490 0.384259 0.014063 0.018519
5 0.865365 0.390278 0.025521 0.032407
4 0.901563 0.393056 0.013542 0.026852
1 0.913021 0.354167 0.018750 0.041667
9 0.899740 0.367593 0.045312 0.081481
1 0.864323 0.317130 0.021354 0.047222
8 0.854167 0.343519 0.047917 0.103704
1 0.797917 0.168519 0.017708 0.037037
1 0.831771 0.172685 0.015625 0.030556
8 0.788542 0.180556 0.036458 0.068519
8 0.823438 0.190278 0.033333 0.065741
4 0.772917 0.154630 0.014583 0.016667
1 0.769792 0.104630 0.016667 0.038889
8 0.763542 0.119444 0.038542 0.077778
0 0.805990 0.118056 0.014063 0.034259
8 0.799219 0.129630 0.035937 0.057407
4 0.740365 0.103704 0.015104 0.016667
1 0.743490 0.064815 0.015104 0.027778
8 0.734115 0.079630 0.036979 0.057407
1 0.720313 0.028241 0.012500 0.028704
8 0.712240 0.040278 0.030729 0.052778
1 0.746094 0.038426 0.010937 0.026852
8 0.743490 0.050463 0.032813 0.050926
5 0.729167 0.843519 0.051042 0.088889
4 0.686719 0.816667 0.040104 0.035185
1 0.704167 0.714815 0.036458 0.074074
8 0.677344 0.743056 0.121354 0.173148
