6 0.124740 0.376852 0.023438 0.035185
3 0.137240 0.381019 0.014063 0.019444
1 0.122917 0.334259 0.020833 0.044444
8 0.137240 0.343056 0.048438 0.063889
1 0.142969 0.225926 0.017188 0.037037
8 0.146615 0.243056 0.030729 0.075000
2 0.177344 0.187500 0.021354 0.043519
8 0.188542 0.253704 0.057292 0.172222
1 0.187240 0.151852 0.015104 0.027778
8 0.193490 0.164352 0.031771 0.052778
1 0.217188 0.155093 0.013542 0.037963
5 0.217188 0.191667 0.018750 0.020370
8 0.226823 0.167593 0.038021 0.064815
4 0.204948 0.136574 0.015104 0.017593
1 0.205990 0.106481 0.011979 0.025926
8 0.211719 0.118519 0.029687 0.048148
4 0.238021 0.130556 0.013542 0.016667
1 0.236719 0.102315 0.014063 0.026852
8 0.246094 0.111574 0.032813 0.045370
6 0.266667 0.092130 0.017708 0.017593
1 0.273438 0.048148 0.014583 0.031481
8 0.279167 0.062037 0.035417 0.055556
4 0.302344 0.052315 0.010937 0.010185
1 0.302865 0.020370 0.011979 0.024074
1 0.276823 0.021296 0.013021 0.024074
8 0.307292 0.030556 0.031250 0.048148
5 0.368490 0.038889 0.013021 0.012963
4 0.399740 0.018981 0.010937 0.013889
1 0.391146 0.043519 0.014583 0.031481
8 0.391667 0.054167 0.041667 0.050926
1 0.429167 0.030556 0.013542 0.029630
8 0.432292 0.043519 0.039583 0.055556
1 0.470313 0.039815 0.014583 0.027778
8 0.469271 0.043981 0.033333 0.041667
6 0.514844 0.068519 0.025521 0.016667
0 0.512240 0.017593 0.013021 0.029630
8 0.510417 0.038889 0.034375 0.072222
5 0.544792 0.072222 0.023958 0.018519
1 0.546094 0.025000 0.014063 0.031481
8 0.547396 0.038426 0.039583 0.056481
6 0.593490 0.068519 0.019271 0.020370
5 0.610417 0.078704 0.021875 0.011111
1 0.588542 0.020833 0.013542 0.030556
8 0.590365 0.038889 0.039062 0.064815
2 0.625521 0.031481 0.015625 0.031481
8 0.629167 0.043981 0.035417 0.056481
4 0.646615 0.042130 0.014063 0.015741
1 0.654167 0.013889 0.014583 0.025926
8 0.648438 0.025463 0.032292 0.049074
1 0.659115 0.078704 0.018229 0.038889
8 0.653646 0.093056 0.040625 0.073148
5 0.613542 0.128241 0.018750 0.019444
1 0.568490 0.086111 0.018229 0.031481
8 0.564063 0.098148 0.051042 0.055556
4 0.481771 0.114815 0.015625 0.016667
1 0.480469 0.073148 0.017188 0.033333
8 0.480990 0.089352 0.044271 0.063889
0 0.435417 0.068056 0.017708 0.034259
3 0.434115 0.123611 0.008854 0.008333
8 0.437240 0.085648 0.035937 0.069444
4 0.388542 0.129167 0.018750 0.013889
1 0.392188 0.088426 0.019792 0.037963
8 0.395313 0.098611 0.039583 0.069444
1 0.355990 0.087037 0.016146 0.031481
4 0.354167 0.132407 0.012500 0.012963
8 0.354167 0.105556 0.041667 0.070370
3 0.385417 0.206019 0.009375 0.015741
2 0.414323 0.118056 0.025521 0.047222
8 0.412240 0.143519 0.046354 0.096296
4 0.451042 0.186111 0.016667 0.029630
0 0.462240 0.116667 0.018229 0.042593
8 0.458594 0.142593 0.050521 0.094444
6 0.504167 0.192593 0.020833 0.037037
2 0.511719 0.105556 0.021354 0.040741
8 0.510417 0.137963 0.054167 0.100000
3 0.571615 0.202778 0.016146 0.009259
5 0.573438 0.201389 0.020833 0.026852
0 0.572917 0.134259 0.020833 0.044444
8 0.569792 0.163889 0.058333 0.100000
5 0.621615 0.203241 0.023438 0.023148
5 0.662240 0.218519 0.042188 0.024074
2 0.656771 0.131019 0.019792 0.037963
8 0.655990 0.160185 0.040104 0.094444
0 0.702865 0.143519 0.018229 0.042593
8 0.704688 0.165741 0.057292 0.085185
4 0.759115 0.316204 0.024479 0.023148
1 0.759896 0.239352 0.023958 0.052778
8 0.752344 0.268519 0.051562 0.112963
5 0.709115 0.309722 0.043229 0.030556
4 0.692969 0.268519 0.017188 0.020370
1 0.701042 0.218519 0.020833 0.048148
8 0.698438 0.243519 0.056250 0.101852
3 0.522396 0.297685 0.010417 0.019444
3 0.532292 0.285648 0.011458 0.019444
5 0.527865 0.293981 0.028646 0.036111
2 0.524740 0.206019 0.024479 0.047222
8 0.529167 0.236111 0.069792 0.105556
3 0.467969 0.281481 0.009896 0.018519
0 0.468490 0.206019 0.023438 0.052778
8 0.468750 0.230093 0.053125 0.097222
4 0.406250 0.275463 0.025000 0.019444
1 0.404167 0.218056 0.023958 0.052778
8 0.407292 0.242130 0.063542 0.097222
4 0.365365 0.296296 0.022396 0.024074
1 0.343490 0.218056 0.022396 0.054630
8 0.348438 0.248611 0.058333 0.119444
5 0.287240 0.302778 0.027604 0.029630
4 0.193490 0.424074 0.015104 0.018519
1 0.192188 0.374537 0.025000 0.043519
9 0.199219 0.383796 0.057813 0.100926
4 0.254688 0.420833 0.028125 0.023148
1 0.249740 0.376852 0.024479 0.046296
9 0.255990 0.374537 0.055729 0.117593
4 0.315365 0.405556 0.035937 0.033333
1 0.314063 0.335648 0.028125 0.056481
8 0.322917 0.366204 0.080208 0.117593
5 0.371094 0.423611 0.035937 0.030556
5 0.461198 0.406481 0.036979 0.033333
5 0.531250 0.418981 0.028125 0.045370
4 0.596615 0.410648 0.025521 0.030556
1 0.595573 0.325926 0.027604 0.061111
8 0.589844 0.355556 0.075521 0.140741
6 0.663021 0.429630 0.033333 0.046296
3 0.644792 0.432870 0.012500 0.026852
1 0.656771 0.318519 0.026042 0.059259
8 0.655990 0.360648 0.057813 0.141667
7 0.724740 0.398611 0.031771 0.045370
9 0.717448 0.394444 0.061979 0.101852
4 0.779167 0.416667 0.017708 0.027778
1 0.790365 0.368519 0.023438 0.050000
9 0.774740 0.379167 0.052604 0.086111
5 0.791667 0.426852 0.029167 0.040741
4 0.832292 0.595833 0.018750 0.023148
1 0.839063 0.518519 0.030208 0.062963
8 0.819792 0.543056 0.067708 0.162037
4 0.757292 0.593056 0.027083 0.043519
1 0.771615 0.555093 0.028646 0.063889
9 0.753646 0.543056 0.072917 0.102778
4 0.680990 0.606019 0.027604 0.036111
5 0.693490 0.620370 0.034896 0.057407
5 0.763542 0.611574 0.030208 0.043519
1 0.685417 0.506019 0.031250 0.067593
8 0.676042 0.534259 0.078125 0.174074
4 0.414844 0.582870 0.025521 0.050926
5 0.427344 0.598148 0.058854 0.068519
1 0.417969 0.500926 0.030729 0.081481
8 0.427865 0.519907 0.078646 0.123148
3 0.336198 0.626852 0.018229 0.038889
1 0.345573 0.455556 0.028646 0.068519
8 0.347917 0.512037 0.076042 0.181481
1 0.220312 0.446296 0.031250 0.062963
8 0.249740 0.496296 0.090104 0.162963
5 0.255990 0.607870 0.027604 0.062037
3 0.225521 0.603704 0.021875 0.029630
3 0.194792 0.612037 0.020833 0.031481
5 0.196615 0.605556 0.031771 0.051852
2 0.179688 0.511111 0.029167 0.057407
8 0.203646 0.531019 0.077083 0.099074
3 0.138542 0.603241 0.013542 0.032407
5 0.134635 0.606481 0.026562 0.050000
2 0.135417 0.531019 0.027083 0.049074
8 0.150000 0.557407 0.062500 0.105556
6 0.144792 0.818519 0.029167 0.088889
1 0.074219 0.669907 0.041146 0.075000
8 0.134896 0.728704 0.159375 0.205556
4 0.685417 0.814352 0.039583 0.030556
5 0.729948 0.843056 0.050521 0.087963
1 0.707292 0.720370 0.044792 0.074074
8 0.677865 0.743056 0.121354 0.167593
3 0.985938 0.757870 0.012500 0.032407
5 0.984896 0.765741 0.022917 0.048148
4 0.926042 0.536574 0.017708 0.019444
1 0.927865 0.475926 0.021354 0.051852
8 0.905990 0.493519 0.064062 0.100000
4 0.868490 0.385185 0.014063 0.018519
1 0.865365 0.317130 0.019271 0.045370
8 0.855990 0.343056 0.043229 0.099074
2 0.901823 0.327778 0.021354 0.038889
4 0.905990 0.394444 0.017188 0.020370
8 0.899740 0.355556 0.042188 0.096296
1 0.797917 0.167130 0.018750 0.036111
8 0.789844 0.181019 0.035937 0.069444
1 0.819792 0.154630 0.016667 0.035185
8 0.819271 0.178704 0.026042 0.083333
4 0.774219 0.153704 0.014063 0.016667
1 0.769792 0.102315 0.016667 0.037963
8 0.765365 0.119907 0.036979 0.078704
2 0.799740 0.116667 0.015104 0.029630
8 0.796615 0.129167 0.032813 0.054630
4 0.739323 0.099074 0.015104 0.018519
1 0.737240 0.063889 0.011979 0.025926
8 0.734896 0.078704 0.034375 0.059259
1 0.747917 0.030556 0.010417 0.027778
8 0.743490 0.043981 0.032813 0.056481
0 0.716667 0.018056 0.013542 0.026852
8 0.713021 0.030556 0.026042 0.053704
