8 0.133594 0.342593 0.051562 0.088889
5 0.129948 0.374537 0.024479 0.039815
5 0.120313 0.404630 0.027083 0.027778
8 0.154688 0.236111 0.043750 0.087037
8 0.193490 0.165278 0.032813 0.062037
8 0.227344 0.165278 0.040104 0.062037
5 0.217188 0.192130 0.021875 0.025000
8 0.213021 0.121296 0.029167 0.051852
8 0.245312 0.107407 0.033333 0.059259
8 0.284115 0.066204 0.046354 0.054630
5 0.368490 0.037037 0.014063 0.018519
9 0.390365 0.056944 0.039062 0.052778
8 0.357292 0.103704 0.037500 0.062963
9 0.396094 0.100000 0.042188 0.070370
9 0.429948 0.054167 0.041146 0.049074
8 0.468490 0.043981 0.038021 0.050926
8 0.509115 0.040278 0.038021 0.063889
5 0.534375 0.128241 0.018750 0.023148
8 0.547135 0.045370 0.040104 0.053704
8 0.595313 0.045833 0.043750 0.060185
8 0.639583 0.050000 0.043750 0.055556
9 0.654167 0.104630 0.044792 0.068519
8 0.566667 0.089815 0.045833 0.081481
5 0.613542 0.129630 0.020833 0.024074
9 0.704688 0.176852 0.060417 0.085185
8 0.654687 0.160648 0.044792 0.099074
5 0.622917 0.204167 0.023958 0.030556
5 0.287760 0.304167 0.028646 0.034259
8 0.468490 0.236574 0.054688 0.097222
8 0.530990 0.242130 0.073438 0.093519
4 0.532813 0.280556 0.031250 0.033333
8 0.698438 0.263889 0.053125 0.100000
8 0.751042 0.272685 0.059375 0.119444
8 0.778385 0.379167 0.068229 0.106481
9 0.716667 0.397222 0.065625 0.105556
9 0.655469 0.368056 0.064062 0.128704
8 0.589583 0.357870 0.081250 0.134259
5 0.531771 0.421759 0.029167 0.049074
5 0.461719 0.407407 0.040104 0.044444
5 0.369792 0.424537 0.040625 0.041667
9 0.322917 0.375463 0.079167 0.115741
9 0.255208 0.375000 0.065625 0.116667
9 0.201563 0.389815 0.056250 0.098148
5 0.197917 0.605556 0.033333 0.061111
9 0.271615 0.552778 0.089063 0.137037
8 0.419792 0.513889 0.084375 0.155556
9 0.756510 0.545370 0.070312 0.129630
9 0.824740 0.548148 0.071354 0.168519
8 0.712240 0.036574 0.028646 0.058333
8 0.739583 0.077778 0.037500 0.061111
8 0.800000 0.130093 0.034375 0.056481
8 0.825781 0.192593 0.025521 0.066667
8 0.857292 0.343519 0.047917 0.109259
9 0.894792 0.349537 0.041667 0.093519
8 0.969271 0.709722 0.061458 0.097222
5 0.369271 0.309722 0.028125 0.039815
8 0.480990 0.092130 0.049479 0.067593
6 0.514844 0.068981 0.029687 0.021296
8 0.582292 0.143981 0.063542 0.099074
8 0.344271 0.250463 0.059375 0.119444
8 0.405990 0.242130 0.065104 0.134259
5 0.729688 0.844907 0.055208 0.093519
8 0.905469 0.493981 0.067187 0.113889
8 0.790365 0.181944 0.050521 0.073148
8 0.763542 0.125000 0.039583 0.081481
6 0.662240 0.215741 0.042188 0.035185
5 0.722917 0.218056 0.020833 0.023148
8 0.305469 0.031481 0.030729 0.048148
9 0.366667 0.021759 0.035417 0.041667
8 0.511458 0.143519 0.062500 0.094444
8 0.454167 0.155556 0.055208 0.098148
8 0.405990 0.145370 0.054688 0.096296
5 0.611719 0.078704 0.021354 0.018519
9 0.149740 0.557407 0.070312 0.109259
8 0.208594 0.498611 0.076563 0.169444
8 0.346615 0.525000 0.072396 0.190741
8 0.602344 0.514815 0.089063 0.140741
5 0.596615 0.611111 0.048438 0.066667
8 0.682292 0.528241 0.081250 0.165741
8 0.657292 0.690278 0.116667 0.212037
3 0.138021 0.381944 0.017708 0.025000
1 0.126042 0.324537 0.022917 0.045370
1 0.148958 0.216204 0.020833 0.045370
3 0.159115 0.278704 0.014063 0.024074
5 0.180469 0.201852 0.015104 0.022222
1 0.217188 0.155093 0.015625 0.041667
1 0.207813 0.112037 0.014583 0.031481
4 0.207813 0.138889 0.013542 0.014815
1 0.240365 0.095833 0.014063 0.032407
4 0.238542 0.129630 0.014583 0.016667
1 0.274740 0.054630 0.017188 0.031481
4 0.263021 0.090278 0.011458 0.021296
1 0.297396 0.024537 0.014583 0.028704
1 0.371615 0.012963 0.014063 0.024074
1 0.395833 0.047685 0.015625 0.036111
1 0.351823 0.090741 0.018229 0.035185
1 0.395573 0.086574 0.021354 0.039815
1 0.426042 0.045833 0.014583 0.030556
9 0.435937 0.103704 0.039583 0.055556
1 0.435417 0.094907 0.020833 0.037963
4 0.429688 0.120833 0.016667 0.019444
1 0.482812 0.078704 0.020833 0.037037
1 0.468490 0.035185 0.014063 0.031481
4 0.484115 0.117593 0.017188 0.014815
2 0.515365 0.024537 0.017188 0.032407
0 0.571875 0.068056 0.018750 0.041667
1 0.552083 0.037037 0.015625 0.031481
6 0.548698 0.069907 0.025521 0.023148
2 0.588021 0.118056 0.022917 0.043519
1 0.595573 0.034722 0.016146 0.037963
1 0.642448 0.041204 0.016146 0.036111
2 0.659115 0.089352 0.022396 0.036111
1 0.659896 0.135648 0.020833 0.043519
1 0.706771 0.166204 0.020833 0.043519
4 0.704167 0.207870 0.017708 0.025000
1 0.759896 0.243519 0.026042 0.055556
4 0.759115 0.318519 0.026562 0.029630
1 0.706250 0.242593 0.025000 0.046296
4 0.702865 0.305556 0.017188 0.025926
1 0.534896 0.227778 0.026042 0.053704
3 0.523438 0.296296 0.014583 0.025926
1 0.509115 0.120370 0.022396 0.048148
3 0.510938 0.194444 0.012500 0.020370
5 0.509896 0.195833 0.022917 0.028704
1 0.450521 0.132407 0.021875 0.046296
4 0.452344 0.194907 0.023438 0.023148
2 0.467969 0.215278 0.029687 0.054630
4 0.464062 0.281481 0.020833 0.033333
0 0.407813 0.121759 0.023958 0.049074
3 0.383594 0.203241 0.011979 0.021296
5 0.380990 0.205556 0.021354 0.031481
1 0.402865 0.204630 0.026562 0.061111
3 0.365365 0.306019 0.020313 0.017593
1 0.346094 0.220370 0.023438 0.057407
5 0.347396 0.292593 0.026042 0.035185
1 0.190885 0.382407 0.028646 0.053704
1 0.254688 0.371759 0.027083 0.052778
4 0.257292 0.424074 0.030208 0.031481
1 0.300521 0.350926 0.032292 0.061111
4 0.312760 0.414815 0.032813 0.035185
1 0.594271 0.340278 0.029167 0.060185
4 0.596615 0.412963 0.029687 0.031481
7 0.663542 0.384722 0.032292 0.056481
3 0.648438 0.431944 0.017708 0.036111
7 0.726042 0.403704 0.035417 0.059259
1 0.786458 0.354630 0.026042 0.057407
4 0.784115 0.419444 0.028646 0.027778
1 0.840365 0.529630 0.034896 0.066667
4 0.776563 0.597685 0.031250 0.030556
1 0.772135 0.531944 0.030729 0.067593
5 0.763542 0.624537 0.031250 0.045370
0 0.689063 0.491204 0.035417 0.084259
1 0.610417 0.497685 0.038542 0.075000
2 0.673438 0.625926 0.038542 0.081481
1 0.397135 0.477778 0.034896 0.079630
5 0.432292 0.603241 0.058333 0.063889
4 0.392188 0.571759 0.029167 0.028704
1 0.342969 0.467130 0.033854 0.067593
4 0.342969 0.601389 0.029687 0.037963
1 0.259115 0.524074 0.032813 0.068519
4 0.261719 0.605093 0.032813 0.032407
3 0.196615 0.599537 0.020313 0.041667
1 0.208073 0.477315 0.030729 0.063889
1 0.138021 0.543056 0.029167 0.060185
4 0.142187 0.600000 0.021875 0.031481
4 0.985938 0.756019 0.016667 0.036111
4 0.839063 0.612500 0.036458 0.039815
1 0.927344 0.466667 0.024479 0.055556
4 0.926042 0.538889 0.018750 0.024074
1 0.864062 0.317130 0.020833 0.050926
4 0.869792 0.385648 0.017708 0.025000
1 0.904948 0.331019 0.019271 0.045370
4 0.906510 0.386111 0.015104 0.020370
1 0.805990 0.168519 0.019271 0.040741
1 0.829948 0.180093 0.018229 0.037963
1 0.772917 0.107407 0.020833 0.038889
4 0.773438 0.154630 0.016667 0.020370
1 0.807292 0.120370 0.014583 0.037037
1 0.746875 0.065278 0.015625 0.030556
0 0.718490 0.023148 0.011979 0.029630
2 0.745313 0.034259 0.013542 0.027778
