5 0.119792 0.403241 0.025000 0.023148
3 0.137240 0.382870 0.015104 0.021296
6 0.128646 0.370833 0.025000 0.036111
1 0.126042 0.331019 0.019792 0.039815
8 0.138542 0.343981 0.044792 0.065741
3 0.158333 0.278241 0.011458 0.017593
1 0.146094 0.213426 0.016146 0.037963
8 0.156771 0.232407 0.037500 0.079630
5 0.180469 0.201852 0.014063 0.018519
5 0.217969 0.192130 0.019271 0.019444
1 0.188542 0.149537 0.013542 0.028704
1 0.217188 0.150000 0.013542 0.035185
8 0.193490 0.163426 0.031771 0.056481
8 0.226562 0.160648 0.037500 0.056481
1 0.207813 0.112500 0.010417 0.025000
8 0.212760 0.119444 0.025521 0.044444
0 0.246615 0.081019 0.011979 0.028704
6 0.239844 0.113889 0.019271 0.025926
8 0.246615 0.098611 0.034896 0.067593
1 0.263542 0.068519 0.013542 0.027778
9 0.277865 0.073611 0.042188 0.037963
1 0.273698 0.031481 0.015104 0.024074
9 0.277865 0.040278 0.030729 0.039815
1 0.304688 0.019444 0.012500 0.025926
4 0.301823 0.052778 0.009896 0.011111
8 0.307292 0.031481 0.031250 0.051852
4 0.400000 0.020370 0.012500 0.014815
1 0.395313 0.049074 0.014583 0.029630
9 0.389062 0.056019 0.037500 0.047222
0 0.426042 0.031019 0.011458 0.026852
4 0.427344 0.068981 0.018229 0.015741
8 0.429167 0.046296 0.040625 0.057407
4 0.467187 0.059722 0.020833 0.013889
2 0.469271 0.023611 0.014583 0.030556
8 0.469010 0.037963 0.036979 0.057407
1 0.515885 0.031944 0.013021 0.030556
8 0.511719 0.045370 0.039062 0.057407
6 0.544792 0.065741 0.016667 0.022222
1 0.552865 0.037963 0.014063 0.029630
9 0.549740 0.046296 0.039062 0.048148
4 0.594792 0.065741 0.011458 0.014815
1 0.592969 0.035648 0.014063 0.030556
9 0.592187 0.045833 0.044792 0.052778
9 0.609896 0.077315 0.020833 0.012037
1 0.644271 0.042593 0.013542 0.033333
8 0.638021 0.050926 0.036458 0.050000
1 0.659896 0.081019 0.016667 0.036111
8 0.654167 0.099074 0.047917 0.070370
5 0.533594 0.127315 0.017188 0.019444
5 0.614062 0.128704 0.018750 0.020370
2 0.564063 0.070370 0.018750 0.037037
8 0.567187 0.089815 0.041667 0.074074
4 0.484115 0.115741 0.017188 0.012963
1 0.483594 0.078241 0.017188 0.032407
8 0.479687 0.091667 0.051042 0.061111
4 0.427344 0.126389 0.014063 0.023148
1 0.442188 0.103704 0.018750 0.029630
9 0.434896 0.108333 0.040625 0.040741
1 0.393490 0.087037 0.019271 0.033333
4 0.387240 0.126852 0.015104 0.018519
8 0.394792 0.099537 0.039583 0.069444
4 0.357292 0.115741 0.012500 0.016667
5 0.358594 0.141204 0.017188 0.021296
1 0.357292 0.080556 0.015625 0.035185
8 0.357031 0.099537 0.038021 0.071296
5 0.264062 0.229630 0.023958 0.022222
4 0.282813 0.203241 0.014583 0.017593
4 0.304688 0.213426 0.015625 0.017593
2 0.273438 0.169907 0.020833 0.032407
2 0.304167 0.156944 0.021875 0.039815
9 0.273958 0.184259 0.037500 0.074074
8 0.315365 0.180556 0.046354 0.092593
2 0.405208 0.131019 0.021875 0.045370
8 0.403646 0.162037 0.051042 0.107407
3 0.455469 0.203704 0.014063 0.014815
5 0.454167 0.205556 0.023958 0.024074
1 0.451042 0.132407 0.019792 0.044444
8 0.455469 0.153241 0.052604 0.084259
1 0.508594 0.132407 0.017188 0.042593
4 0.506250 0.189815 0.021875 0.024074
8 0.509115 0.154167 0.053646 0.082407
5 0.574740 0.200463 0.024479 0.028704
5 0.622135 0.203241 0.023438 0.025000
5 0.662240 0.218519 0.041146 0.025926
4 0.599740 0.158333 0.015104 0.027778
2 0.582292 0.118056 0.019792 0.039815
8 0.579688 0.144907 0.058333 0.093519
1 0.659896 0.136111 0.018750 0.042593
8 0.654687 0.160648 0.042708 0.091667
4 0.703646 0.206944 0.017708 0.023148
5 0.721094 0.216667 0.023438 0.024074
1 0.707292 0.166204 0.019792 0.039815
9 0.705990 0.176852 0.058854 0.075926
4 0.758073 0.315278 0.025521 0.026852
4 0.700521 0.297222 0.025000 0.022222
1 0.701562 0.243519 0.020833 0.046296
1 0.759635 0.242593 0.022396 0.050000
8 0.696615 0.262500 0.058854 0.093519
8 0.752344 0.271296 0.054688 0.111111
4 0.519792 0.291667 0.017708 0.029630
4 0.538542 0.274074 0.018750 0.022222
4 0.464844 0.280556 0.026562 0.020370
1 0.471615 0.235185 0.021354 0.044444
1 0.532292 0.222685 0.020833 0.049074
9 0.469271 0.246296 0.055208 0.085185
8 0.530990 0.243519 0.070312 0.100000
5 0.528385 0.295833 0.028646 0.034259
6 0.341146 0.292130 0.021875 0.036111
3 0.364063 0.306481 0.018750 0.012963
5 0.367969 0.309722 0.026562 0.036111
5 0.395313 0.294907 0.030208 0.021296
4 0.401562 0.275463 0.026042 0.021296
1 0.350260 0.248611 0.021354 0.045370
1 0.401823 0.218519 0.024479 0.051852
9 0.344271 0.261111 0.062500 0.079630
8 0.406510 0.241204 0.065104 0.099074
5 0.287240 0.302315 0.027604 0.030556
4 0.193490 0.430556 0.017188 0.024074
1 0.250000 0.360648 0.021875 0.050926
1 0.190885 0.380556 0.024479 0.046296
9 0.200260 0.389815 0.055729 0.096296
3 0.262240 0.427778 0.019271 0.022222
8 0.254688 0.378241 0.060417 0.113889
4 0.316146 0.401852 0.029167 0.031481
1 0.314844 0.348611 0.026562 0.056481
9 0.323958 0.368519 0.079167 0.098148
5 0.369792 0.425000 0.037500 0.031481
5 0.460938 0.409259 0.037500 0.037037
5 0.531510 0.420370 0.028646 0.046296
1 0.596615 0.332407 0.027604 0.062963
4 0.596875 0.408333 0.028125 0.029630
8 0.589063 0.356019 0.075000 0.126852
7 0.662240 0.377315 0.026562 0.045370
9 0.654687 0.368519 0.060417 0.124074
3 0.647135 0.430556 0.016146 0.029630
7 0.722917 0.397685 0.030208 0.045370
9 0.716146 0.396296 0.062500 0.101852
4 0.784375 0.424537 0.028125 0.021296
1 0.784115 0.377778 0.021354 0.051852
9 0.779167 0.390278 0.066667 0.087963
4 0.831771 0.609259 0.023958 0.025926
4 0.776563 0.596759 0.031250 0.021296
5 0.763542 0.624537 0.029167 0.039815
5 0.838021 0.620833 0.034375 0.041667
1 0.774740 0.533333 0.030729 0.059259
1 0.838542 0.526389 0.029167 0.060185
9 0.756771 0.547685 0.067708 0.125000
9 0.821094 0.543519 0.064062 0.151852
4 0.685417 0.602778 0.033333 0.033333
2 0.681250 0.478241 0.034375 0.069444
8 0.681771 0.530093 0.083333 0.173148
1 0.588542 0.453241 0.034375 0.067593
8 0.601042 0.501389 0.091667 0.163889
5 0.596615 0.607407 0.047396 0.066667
4 0.347396 0.601389 0.029167 0.030556
3 0.422917 0.596759 0.014583 0.036111
1 0.343490 0.478241 0.030729 0.067593
2 0.391146 0.485648 0.034375 0.071296
8 0.344792 0.528704 0.070833 0.170370
8 0.419792 0.519907 0.092708 0.147222
5 0.260417 0.611574 0.035417 0.058333
1 0.266667 0.468519 0.027083 0.066667
8 0.272396 0.506481 0.076042 0.148148
3 0.196615 0.599074 0.015104 0.033333
5 0.196094 0.606481 0.031771 0.057407
2 0.191667 0.477315 0.026042 0.060185
8 0.205469 0.513889 0.067187 0.135185
4 0.137240 0.594907 0.020313 0.028704
1 0.130469 0.539815 0.023438 0.055556
9 0.146094 0.556019 0.070312 0.095370
5 0.729167 0.844444 0.051042 0.087037
4 0.689063 0.806481 0.038542 0.037037
1 0.672917 0.654630 0.033333 0.077778
8 0.667969 0.723611 0.104688 0.215741
4 0.984115 0.752778 0.016146 0.040741
4 0.925521 0.538426 0.017708 0.019444
5 0.921094 0.540741 0.023438 0.046296
1 0.927344 0.466667 0.022396 0.050000
8 0.905990 0.493519 0.066146 0.105556
4 0.867969 0.386574 0.014063 0.019444
5 0.865365 0.390741 0.025521 0.033333
1 0.863542 0.317130 0.019792 0.045370
8 0.852865 0.343981 0.050521 0.100926
1 0.892969 0.314352 0.018229 0.039815
8 0.887240 0.335185 0.028646 0.081481
3 0.792448 0.230093 0.008854 0.015741
1 0.796615 0.156944 0.017188 0.037963
8 0.785417 0.176852 0.040625 0.075926
1 0.830208 0.180556 0.015625 0.037037
8 0.821615 0.191667 0.031771 0.061111
4 0.772396 0.152778 0.014583 0.016667
1 0.771615 0.105556 0.016146 0.037037
1 0.804948 0.116204 0.013021 0.032407
8 0.763542 0.121759 0.038542 0.071296
8 0.801042 0.129167 0.032292 0.058333
1 0.746615 0.068056 0.013021 0.026852
4 0.740365 0.101389 0.014063 0.017593
8 0.739062 0.079630 0.033333 0.051852
2 0.719010 0.028241 0.011979 0.028704
8 0.713021 0.039815 0.028125 0.053704
1 0.752344 0.043981 0.013021 0.023148
9 0.745573 0.055556 0.034896 0.046296
