9 0.135417 0.343981 0.043750 0.080556
6 0.128385 0.373611 0.027604 0.043519
5 0.120313 0.404630 0.027083 0.027778
8 0.154167 0.234722 0.043750 0.087963
8 0.189844 0.164352 0.026562 0.062037
8 0.245312 0.109259 0.033333 0.059259
9 0.276042 0.072685 0.042708 0.047222
5 0.367708 0.040741 0.014583 0.016667
9 0.390365 0.056944 0.039062 0.052778
8 0.352865 0.106481 0.042188 0.074074
9 0.395313 0.098148 0.042708 0.070370
8 0.429948 0.052315 0.040104 0.049074
8 0.468490 0.043519 0.036979 0.051852
8 0.509115 0.040278 0.038021 0.063889
5 0.534375 0.128241 0.018750 0.023148
8 0.547917 0.043056 0.039583 0.060185
8 0.592969 0.044907 0.046354 0.062037
8 0.638281 0.048611 0.041146 0.056481
8 0.653385 0.093519 0.044271 0.079630
9 0.566667 0.095833 0.047917 0.063889
5 0.613542 0.129630 0.020833 0.024074
9 0.704688 0.176852 0.059375 0.081481
8 0.655469 0.161574 0.045312 0.097222
5 0.622917 0.203241 0.023958 0.030556
5 0.288021 0.303704 0.028125 0.035185
4 0.405990 0.277315 0.026562 0.026852
8 0.469792 0.235185 0.054167 0.105556
8 0.530990 0.241204 0.073438 0.091667
4 0.532292 0.280556 0.031250 0.033333
8 0.698438 0.256481 0.054167 0.088889
8 0.752865 0.272222 0.060937 0.118519
8 0.777865 0.380556 0.068229 0.109259
9 0.716146 0.397222 0.065625 0.105556
9 0.655469 0.368519 0.064062 0.129630
8 0.589063 0.356019 0.081250 0.134259
5 0.531771 0.421759 0.030208 0.052778
5 0.461719 0.407407 0.040104 0.044444
5 0.369792 0.425000 0.039583 0.040741
8 0.322917 0.367130 0.083333 0.117593
8 0.255469 0.372222 0.061979 0.114815
9 0.201563 0.390741 0.058333 0.105556
5 0.197917 0.605556 0.033333 0.061111
9 0.270313 0.556481 0.086458 0.129630
8 0.413542 0.513889 0.077083 0.157407
9 0.755990 0.546759 0.073438 0.126852
9 0.824219 0.550926 0.071354 0.168519
8 0.712240 0.038426 0.029687 0.056481
8 0.740625 0.078241 0.034375 0.062037
8 0.800260 0.130093 0.034896 0.054630
8 0.821094 0.190741 0.028646 0.072222
8 0.855990 0.343056 0.048438 0.108333
9 0.894792 0.348611 0.038542 0.097222
8 0.968490 0.705556 0.061979 0.105556
5 0.369271 0.309722 0.028125 0.039815
8 0.480990 0.092130 0.049479 0.067593
6 0.514062 0.068981 0.029167 0.021296
8 0.581250 0.143519 0.059375 0.096296
8 0.344792 0.249074 0.057292 0.118519
8 0.407292 0.243056 0.069792 0.102778
5 0.729688 0.847222 0.055208 0.094444
8 0.905990 0.491204 0.069271 0.113889
8 0.789844 0.181019 0.047396 0.076852
8 0.765365 0.124074 0.039062 0.081481
6 0.663021 0.215278 0.042708 0.036111
5 0.723437 0.218056 0.020833 0.021296
8 0.307292 0.033796 0.033333 0.050926
9 0.367188 0.021759 0.035417 0.041667
8 0.510938 0.157870 0.058333 0.076852
8 0.455469 0.156481 0.055729 0.098148
8 0.404687 0.145833 0.051042 0.100926
5 0.609635 0.077315 0.021354 0.019444
9 0.146094 0.556481 0.070312 0.122222
8 0.205208 0.518056 0.071875 0.128704
8 0.349740 0.531019 0.072396 0.169444
8 0.608333 0.518519 0.089583 0.162963
6 0.597396 0.610185 0.047917 0.068519
8 0.681250 0.533796 0.081250 0.173148
8 0.675521 0.712037 0.126042 0.216667
1 0.125521 0.331019 0.020833 0.045370
3 0.137240 0.382407 0.016146 0.025926
3 0.159115 0.279167 0.013021 0.023148
1 0.145313 0.214815 0.018750 0.044444
1 0.188542 0.150000 0.014583 0.031481
4 0.189844 0.184259 0.016146 0.014815
5 0.180469 0.201852 0.016146 0.024074
8 0.215885 0.207870 0.046354 0.182407
8 0.286458 0.169907 0.054167 0.143519
1 0.273438 0.123148 0.023958 0.050000
1 0.238281 0.098611 0.016146 0.030556
4 0.237760 0.131019 0.016146 0.017593
1 0.265625 0.067130 0.015625 0.032407
1 0.351562 0.090741 0.017708 0.038889
1 0.396094 0.047685 0.017188 0.036111
1 0.425260 0.043519 0.015104 0.029630
4 0.355990 0.134259 0.015104 0.016667
0 0.397917 0.119444 0.025000 0.050000
3 0.383073 0.204167 0.013021 0.019444
5 0.383073 0.206944 0.022396 0.030556
9 0.434115 0.101389 0.042188 0.056481
1 0.442969 0.097685 0.020313 0.039815
4 0.429688 0.120370 0.016667 0.020370
1 0.467969 0.035185 0.015104 0.031481
4 0.467448 0.061574 0.018229 0.017593
1 0.484115 0.078704 0.020313 0.035185
2 0.516146 0.023611 0.015625 0.034259
4 0.484115 0.115741 0.017188 0.016667
1 0.458073 0.132870 0.021354 0.047222
1 0.512240 0.143056 0.020313 0.043519
4 0.507292 0.190741 0.019792 0.024074
2 0.550521 0.031019 0.017708 0.034259
6 0.549219 0.070370 0.028646 0.022222
1 0.573438 0.082870 0.018750 0.036111
1 0.594792 0.033333 0.017708 0.037037
4 0.594271 0.068519 0.017708 0.016667
1 0.643490 0.040278 0.019271 0.037963
2 0.656510 0.075926 0.019271 0.037037
2 0.588021 0.118056 0.022917 0.045370
5 0.574740 0.200926 0.026562 0.031481
3 0.579167 0.205556 0.017708 0.016667
1 0.660417 0.135185 0.020833 0.044444
1 0.704688 0.165741 0.018750 0.042593
4 0.704948 0.208796 0.018229 0.023148
1 0.345833 0.220370 0.025000 0.061111
5 0.347396 0.290741 0.026042 0.037037
3 0.365365 0.306019 0.020313 0.019444
1 0.404167 0.221759 0.025000 0.058333
2 0.466667 0.210648 0.030208 0.054630
4 0.463542 0.281944 0.020833 0.032407
1 0.536719 0.227315 0.027604 0.052778
3 0.523438 0.296296 0.012500 0.024074
1 0.708073 0.245833 0.025521 0.050926
3 0.702344 0.306481 0.019271 0.018519
1 0.761198 0.241667 0.025521 0.055556
4 0.759896 0.318519 0.026042 0.025926
1 0.787240 0.355093 0.024479 0.056481
4 0.784115 0.420833 0.029687 0.030556
7 0.726042 0.400463 0.037500 0.058333
3 0.648438 0.431481 0.016667 0.035185
7 0.663021 0.384722 0.029167 0.056481
1 0.596094 0.336574 0.029687 0.058333
4 0.596615 0.411111 0.029687 0.033333
1 0.315365 0.343519 0.030729 0.064815
4 0.317448 0.407407 0.034896 0.035185
1 0.257292 0.371296 0.027083 0.051852
4 0.258333 0.423611 0.028125 0.032407
1 0.191146 0.380093 0.028125 0.050926
4 0.194792 0.430556 0.020833 0.025926
1 0.134896 0.531944 0.027083 0.062037
4 0.139063 0.601389 0.023958 0.036111
2 0.189062 0.491204 0.036458 0.071296
3 0.197135 0.598611 0.019271 0.037963
4 0.261719 0.604630 0.032813 0.031481
1 0.258333 0.537500 0.032292 0.060185
1 0.372917 0.483333 0.027083 0.072222
4 0.338542 0.601852 0.029167 0.037037
1 0.397135 0.476389 0.034896 0.080556
4 0.392448 0.568056 0.033854 0.032407
5 0.432292 0.602778 0.058333 0.061111
2 0.634896 0.485648 0.036458 0.075000
1 0.688542 0.500000 0.033333 0.079630
1 0.772917 0.532870 0.032292 0.067593
4 0.776563 0.593981 0.030208 0.028704
5 0.763542 0.623611 0.030208 0.045370
1 0.839844 0.527315 0.035937 0.069444
4 0.833594 0.608796 0.024479 0.028704
4 0.683333 0.602778 0.033333 0.033333
2 0.686719 0.646759 0.039062 0.084259
4 0.688021 0.801852 0.043750 0.035185
4 0.986719 0.756019 0.018229 0.043519
1 0.926562 0.464352 0.023958 0.056481
4 0.926042 0.537037 0.018750 0.024074
1 0.904687 0.332407 0.020833 0.046296
1 0.864583 0.318519 0.021875 0.051852
4 0.869792 0.386574 0.016667 0.023148
1 0.821615 0.173611 0.017188 0.041667
1 0.801562 0.165741 0.019792 0.040741
3 0.792448 0.229630 0.013021 0.022222
1 0.772135 0.106944 0.019271 0.041667
4 0.773698 0.154630 0.015104 0.020370
1 0.806510 0.120370 0.016146 0.037037
1 0.747135 0.064815 0.018229 0.033333
1 0.747917 0.037037 0.013542 0.029630
0 0.719010 0.026852 0.013021 0.031481
1 0.213281 0.141667 0.024479 0.050000
