5 0.729688 0.843056 0.050000 0.087963
4 0.693490 0.818056 0.032813 0.054630
2 0.668490 0.630556 0.035937 0.083333
8 0.667969 0.715741 0.110937 0.248148
4 0.832292 0.605556 0.023958 0.025926
5 0.838021 0.618056 0.033333 0.043519
1 0.839844 0.531481 0.032813 0.055556
9 0.823438 0.543519 0.071875 0.148148
4 0.775521 0.596759 0.028125 0.019444
5 0.763021 0.618056 0.029167 0.037963
1 0.772917 0.530556 0.030208 0.061111
9 0.755990 0.543519 0.067187 0.125926
4 0.693490 0.598148 0.017188 0.031481
1 0.686719 0.493519 0.029687 0.075926
8 0.681771 0.530556 0.082292 0.161111
0 0.605990 0.479167 0.029687 0.075000
8 0.604688 0.553704 0.086458 0.233333
5 0.605990 0.605556 0.029687 0.062963
5 0.430990 0.593056 0.059896 0.065741
4 0.429948 0.519907 0.028646 0.030556
1 0.418490 0.439815 0.029687 0.074074
8 0.427344 0.488889 0.092188 0.172222
4 0.346615 0.598611 0.032813 0.030556
1 0.340625 0.480556 0.028125 0.070370
8 0.346875 0.531019 0.071875 0.169444
4 0.261719 0.603704 0.034896 0.027778
1 0.255990 0.541204 0.029687 0.060185
9 0.269271 0.555556 0.086458 0.118519
4 0.197917 0.580093 0.028125 0.026852
5 0.196094 0.605556 0.032813 0.048148
1 0.192969 0.505556 0.025521 0.055556
8 0.209115 0.534259 0.057813 0.105556
3 0.137500 0.606019 0.012500 0.030556
5 0.132292 0.613889 0.026042 0.038889
2 0.134115 0.531019 0.027604 0.054630
9 0.145573 0.554167 0.065104 0.099074
4 0.193490 0.430556 0.017188 0.022222
1 0.190365 0.378704 0.026562 0.048148
9 0.199740 0.389352 0.057813 0.099074
4 0.258594 0.422685 0.026562 0.030556
1 0.256771 0.372222 0.025000 0.044444
9 0.254688 0.372685 0.063542 0.119444
4 0.316146 0.403241 0.030208 0.034259
1 0.315365 0.346759 0.025521 0.056481
9 0.322917 0.368519 0.078125 0.096296
5 0.370573 0.422685 0.038021 0.030556
5 0.460938 0.405556 0.038542 0.035185
5 0.530990 0.418519 0.028646 0.046296
4 0.596615 0.409722 0.031771 0.030556
1 0.593490 0.331481 0.028646 0.055556
8 0.588021 0.357407 0.073958 0.131481
3 0.647917 0.431019 0.014583 0.028704
1 0.661719 0.381019 0.029687 0.052778
9 0.655469 0.368056 0.060937 0.123148
7 0.724740 0.397685 0.033854 0.056481
9 0.716667 0.393056 0.061458 0.100926
4 0.782813 0.418056 0.033333 0.032407
9 0.777865 0.390278 0.067187 0.091667
1 0.787240 0.368519 0.023438 0.048148
4 0.757292 0.316667 0.025000 0.025926
1 0.758594 0.238889 0.023438 0.051852
8 0.752865 0.268056 0.051562 0.113889
4 0.701042 0.293056 0.025000 0.023148
5 0.710417 0.311111 0.042708 0.031481
1 0.704688 0.234259 0.020833 0.044444
8 0.697917 0.258333 0.058333 0.094444
4 0.519792 0.292130 0.017708 0.026852
4 0.538542 0.273148 0.017708 0.018519
1 0.532292 0.225463 0.020833 0.049074
8 0.530990 0.243519 0.070312 0.101852
5 0.529167 0.293519 0.029167 0.033333
4 0.463021 0.280556 0.019792 0.029630
1 0.470313 0.231019 0.021875 0.041667
9 0.468490 0.243519 0.052604 0.075926
4 0.391667 0.280556 0.017708 0.018519
5 0.395313 0.293056 0.031250 0.026852
2 0.402865 0.210185 0.025521 0.055556
8 0.407292 0.236111 0.063542 0.105556
3 0.364844 0.306019 0.019271 0.012037
5 0.368490 0.306481 0.027604 0.037037
2 0.338542 0.217130 0.027083 0.054630
6 0.341667 0.293519 0.022917 0.033333
8 0.341667 0.246759 0.059375 0.119444
5 0.287240 0.302778 0.027604 0.029630
4 0.266667 0.218519 0.016667 0.014815
1 0.267188 0.177778 0.017708 0.037037
9 0.266146 0.189352 0.052083 0.076852
5 0.263542 0.228704 0.023958 0.024074
6 0.324740 0.203241 0.021354 0.036111
1 0.300521 0.147685 0.021875 0.032407
8 0.312240 0.179167 0.045312 0.095370
1 0.401823 0.135185 0.018229 0.044444
8 0.402344 0.161111 0.048438 0.094444
4 0.452865 0.193056 0.026562 0.019444
1 0.459115 0.130556 0.018229 0.044444
8 0.455469 0.156019 0.054688 0.095370
5 0.453646 0.205556 0.022917 0.022222
4 0.511198 0.185648 0.028646 0.019444
1 0.510417 0.122222 0.017708 0.044444
8 0.510938 0.146296 0.057292 0.094444
2 0.578646 0.109259 0.020833 0.044444
3 0.579167 0.205093 0.016667 0.010185
5 0.575521 0.201852 0.025000 0.027778
5 0.621615 0.203241 0.023438 0.025000
8 0.573438 0.141667 0.047917 0.100000
5 0.660417 0.218056 0.041667 0.025000
1 0.659115 0.134722 0.018229 0.043519
8 0.652865 0.158333 0.041146 0.094444
1 0.705990 0.156481 0.019271 0.038889
9 0.704688 0.173611 0.059375 0.080556
1 0.655990 0.080556 0.018229 0.037037
8 0.652865 0.095833 0.045312 0.069444
5 0.614844 0.128704 0.019271 0.018519
1 0.566667 0.081019 0.017708 0.032407
9 0.566667 0.093056 0.038542 0.062037
5 0.532813 0.125000 0.017708 0.018519
4 0.483594 0.116204 0.017188 0.013889
5 0.492188 0.130093 0.017708 0.017593
1 0.483073 0.078704 0.018229 0.033333
8 0.479167 0.092130 0.048958 0.060185
4 0.429688 0.130093 0.014583 0.017593
1 0.441667 0.100926 0.017708 0.031481
9 0.433594 0.110648 0.042188 0.054630
4 0.387240 0.124537 0.016146 0.019444
1 0.394792 0.092593 0.019792 0.035185
8 0.395313 0.101852 0.038542 0.064815
1 0.359115 0.080556 0.015104 0.035185
8 0.355990 0.098611 0.040104 0.069444
5 0.358594 0.141667 0.017188 0.020370
1 0.395313 0.048148 0.012500 0.031481
9 0.389844 0.056019 0.038021 0.047222
4 0.424740 0.069907 0.016146 0.012037
5 0.434115 0.074074 0.027604 0.018519
1 0.429688 0.031019 0.012500 0.028704
8 0.429688 0.043981 0.041667 0.062037
1 0.468750 0.023611 0.012500 0.030556
8 0.469271 0.037037 0.036458 0.055556
1 0.516667 0.031019 0.013542 0.030556
8 0.512240 0.043519 0.038021 0.055556
6 0.544792 0.067593 0.015625 0.018519
1 0.555469 0.035185 0.015104 0.031481
8 0.549740 0.043519 0.041146 0.051852
4 0.592969 0.062037 0.015104 0.018519
1 0.594792 0.030556 0.013542 0.033333
9 0.593490 0.043056 0.043229 0.054630
5 0.610938 0.079630 0.020833 0.012963
1 0.635938 0.031019 0.014583 0.030556
8 0.635938 0.043519 0.039583 0.055556
3 0.137240 0.380556 0.015104 0.020370
6 0.127865 0.369907 0.024479 0.036111
1 0.124740 0.331019 0.020313 0.039815
8 0.138021 0.343519 0.046875 0.064815
3 0.159115 0.278704 0.011979 0.016667
1 0.147396 0.215278 0.017708 0.039815
8 0.157292 0.231481 0.037500 0.075926
5 0.179688 0.200463 0.014583 0.019444
5 0.217969 0.192130 0.019271 0.021296
1 0.185938 0.154167 0.013542 0.026852
8 0.193490 0.166204 0.032813 0.052778
1 0.217188 0.155093 0.014583 0.037963
8 0.227344 0.163426 0.038021 0.056481
4 0.207813 0.138889 0.015625 0.012963
1 0.207813 0.110185 0.011458 0.029630
8 0.212240 0.118519 0.026562 0.046296
4 0.239063 0.130556 0.014583 0.014815
1 0.239323 0.093056 0.013021 0.028704
8 0.244792 0.106944 0.030208 0.054630
3 0.263542 0.093056 0.010417 0.008333
5 0.260417 0.093056 0.014583 0.013889
1 0.264323 0.067130 0.015104 0.028704
9 0.276562 0.069907 0.042708 0.041667
1 0.278646 0.030556 0.010417 0.029630
8 0.279167 0.036111 0.027083 0.044444
4 0.301823 0.051852 0.013021 0.012963
1 0.304688 0.018056 0.011458 0.025000
8 0.308594 0.030556 0.032813 0.050000
4 0.984375 0.750000 0.015625 0.044444
5 0.984896 0.768056 0.020833 0.041667
4 0.926042 0.536574 0.017708 0.019444
5 0.921615 0.540741 0.024479 0.048148
1 0.926042 0.464352 0.022917 0.050926
8 0.905990 0.493519 0.063021 0.111111
4 0.869271 0.385185 0.014583 0.018519
5 0.865365 0.390278 0.025521 0.032407
1 0.863021 0.317593 0.019792 0.044444
8 0.852344 0.343519 0.050521 0.100000
1 0.895573 0.318056 0.018229 0.039815
8 0.888542 0.331944 0.031250 0.082407
3 0.792188 0.230093 0.009375 0.015741
1 0.802865 0.166204 0.017188 0.037963
8 0.789844 0.181019 0.044271 0.067593
1 0.831250 0.181481 0.015625 0.038889
8 0.824740 0.193056 0.026562 0.062037
1 0.802865 0.105556 0.013021 0.035185
1 0.769792 0.105556 0.016667 0.037037
4 0.773438 0.155093 0.015625 0.019444
8 0.763542 0.125926 0.041667 0.075926
8 0.801042 0.123611 0.038542 0.069444
1 0.746615 0.075000 0.011979 0.031481
9 0.738542 0.081944 0.031250 0.047222
4 0.740365 0.099537 0.014063 0.019444
1 0.752344 0.043519 0.013021 0.024074
9 0.746875 0.054167 0.031250 0.043519
2 0.724219 0.029630 0.013021 0.027778
8 0.716667 0.035648 0.029167 0.043519
