5 0.119792 0.404167 0.025000 0.026852
6 0.129167 0.369907 0.023958 0.037963
3 0.138021 0.381019 0.014583 0.021296
1 0.124740 0.330556 0.017188 0.038889
8 0.138542 0.343056 0.045833 0.065741
3 0.159115 0.278704 0.011979 0.016667
1 0.145313 0.213889 0.016667 0.038889
8 0.155469 0.231944 0.039062 0.086111
5 0.180469 0.199537 0.015104 0.019444
5 0.217969 0.191667 0.019271 0.020370
1 0.188021 0.146759 0.012500 0.030556
1 0.217448 0.154630 0.013021 0.037037
8 0.193490 0.161574 0.032813 0.056481
8 0.226042 0.160648 0.037500 0.056481
4 0.208073 0.138889 0.016146 0.012963
4 0.237240 0.130556 0.015104 0.012963
1 0.207813 0.110185 0.012500 0.031481
1 0.239063 0.101389 0.012500 0.026852
8 0.213542 0.118519 0.029167 0.048148
8 0.243490 0.114352 0.038021 0.052778
4 0.262240 0.091204 0.011979 0.013889
1 0.264844 0.068519 0.014063 0.027778
9 0.277344 0.073148 0.039062 0.044444
1 0.276042 0.029167 0.013542 0.026852
9 0.277865 0.035648 0.030729 0.043519
1 0.304167 0.018056 0.011458 0.025000
4 0.301042 0.051852 0.011458 0.011111
8 0.307292 0.031019 0.031250 0.050926
4 0.355990 0.118056 0.013021 0.015741
4 0.388021 0.125000 0.014583 0.018519
4 0.427865 0.126389 0.014063 0.023148
4 0.427865 0.068056 0.018229 0.012037
4 0.466667 0.056481 0.020833 0.012963
1 0.394792 0.047685 0.014583 0.030556
1 0.357292 0.080556 0.014583 0.033333
1 0.394271 0.084722 0.016667 0.030556
1 0.441146 0.104167 0.016667 0.028704
1 0.429688 0.030556 0.014583 0.027778
8 0.354167 0.098611 0.040625 0.069444
8 0.394792 0.098611 0.038542 0.069444
9 0.390625 0.056019 0.037500 0.047222
8 0.429167 0.043519 0.042708 0.057407
9 0.434896 0.110185 0.040625 0.044444
5 0.358594 0.141667 0.017188 0.020370
1 0.467969 0.030556 0.010937 0.027778
8 0.468490 0.043056 0.035937 0.047222
4 0.483594 0.116667 0.017188 0.014815
1 0.485417 0.077315 0.018750 0.034259
8 0.480990 0.091667 0.051562 0.061111
1 0.517448 0.031019 0.013021 0.028704
8 0.511719 0.043056 0.038021 0.056481
5 0.533594 0.125926 0.017188 0.018519
5 0.533594 0.075000 0.024479 0.018519
1 0.552865 0.037037 0.015104 0.031481
9 0.549740 0.043056 0.041146 0.045370
4 0.572917 0.118056 0.014583 0.021296
1 0.565365 0.079167 0.017188 0.034259
8 0.569271 0.093519 0.043750 0.062963
5 0.609115 0.079167 0.021354 0.013889
1 0.591667 0.030556 0.014583 0.033333
9 0.593490 0.043056 0.046354 0.056481
1 0.644271 0.041667 0.013542 0.027778
8 0.638542 0.051389 0.037500 0.049074
1 0.651042 0.070833 0.017708 0.036111
8 0.651042 0.092593 0.042708 0.074074
4 0.704167 0.205556 0.015625 0.022222
5 0.720313 0.215741 0.022917 0.024074
5 0.660417 0.218056 0.040625 0.025000
5 0.621615 0.202778 0.023438 0.024074
1 0.659896 0.135648 0.017708 0.043519
8 0.654948 0.162037 0.043229 0.092593
1 0.706771 0.165741 0.020833 0.037037
9 0.705469 0.178241 0.057813 0.080556
5 0.575521 0.199074 0.025000 0.029630
2 0.604688 0.123611 0.016667 0.034259
8 0.587500 0.147685 0.053125 0.082407
2 0.405469 0.134259 0.021354 0.044444
2 0.462500 0.131019 0.021875 0.037963
2 0.509115 0.129630 0.022396 0.040741
3 0.455990 0.203704 0.014063 0.014815
3 0.508594 0.194444 0.017188 0.009259
8 0.507292 0.151389 0.053125 0.086111
8 0.454167 0.156019 0.054167 0.084259
8 0.402865 0.163426 0.052604 0.099074
5 0.454688 0.205556 0.022917 0.024074
5 0.509896 0.193981 0.020833 0.025000
4 0.270313 0.218519 0.014583 0.018519
4 0.305990 0.205556 0.020313 0.020370
5 0.262240 0.230556 0.021354 0.016667
5 0.317969 0.218056 0.020313 0.017593
1 0.270573 0.171759 0.018229 0.037963
1 0.301563 0.164352 0.022917 0.039815
9 0.268490 0.189815 0.047396 0.075926
9 0.313542 0.191667 0.048958 0.096296
5 0.287240 0.303704 0.027604 0.031481
6 0.340365 0.290741 0.021354 0.035185
4 0.362240 0.302778 0.022396 0.022222
5 0.395313 0.293519 0.030208 0.022222
4 0.401042 0.276852 0.025000 0.022222
1 0.338542 0.218056 0.020833 0.056481
1 0.401042 0.218519 0.025000 0.051852
8 0.341667 0.250000 0.061458 0.118519
8 0.405990 0.242130 0.065104 0.095370
4 0.465365 0.278704 0.024479 0.025926
4 0.519792 0.287963 0.017708 0.031481
4 0.538021 0.281019 0.017708 0.028704
1 0.468490 0.240741 0.023438 0.044444
1 0.532813 0.218056 0.023958 0.049074
9 0.468490 0.243981 0.053646 0.075000
8 0.530990 0.242593 0.069271 0.094444
4 0.701823 0.294444 0.025521 0.024074
4 0.757292 0.317130 0.023958 0.025000
1 0.701042 0.243519 0.021875 0.048148
1 0.759115 0.242130 0.023438 0.049074
8 0.696615 0.264815 0.057813 0.090741
8 0.752344 0.269907 0.052604 0.112037
1 0.785417 0.375000 0.023958 0.044444
4 0.784115 0.424074 0.026562 0.020370
9 0.777865 0.390741 0.070312 0.087037
9 0.715365 0.393056 0.061979 0.099074
7 0.723698 0.397222 0.031771 0.044444
7 0.660937 0.380556 0.026042 0.053704
9 0.654948 0.368519 0.059896 0.124074
3 0.647917 0.430556 0.015625 0.029630
4 0.596615 0.409259 0.029687 0.031481
1 0.594792 0.334722 0.026042 0.056481
8 0.587500 0.359259 0.075000 0.131481
5 0.530990 0.418519 0.028646 0.046296
5 0.460938 0.406019 0.038542 0.036111
5 0.369792 0.424074 0.038542 0.031481
4 0.315365 0.402778 0.030729 0.033333
1 0.317448 0.347222 0.025521 0.055556
8 0.322917 0.368519 0.079167 0.100000
4 0.193490 0.429167 0.017188 0.021296
4 0.255990 0.425926 0.031771 0.025926
1 0.191146 0.379630 0.025000 0.048148
1 0.252865 0.367130 0.022396 0.049074
9 0.199740 0.389352 0.056771 0.097222
9 0.252865 0.379167 0.060937 0.104630
3 0.138542 0.606019 0.014583 0.032407
5 0.134115 0.606019 0.028646 0.052778
1 0.148438 0.556019 0.026042 0.052778
9 0.157292 0.565741 0.080208 0.100000
4 0.166667 0.601852 0.015625 0.027778
4 0.202344 0.591667 0.024479 0.040741
5 0.194792 0.606019 0.029167 0.054630
5 0.261719 0.610185 0.035937 0.055556
1 0.187500 0.517130 0.028125 0.058333
8 0.207292 0.542130 0.067708 0.110185
1 0.263542 0.505556 0.032292 0.062963
8 0.271094 0.518981 0.085938 0.113889
2 0.351823 0.481019 0.030729 0.062037
4 0.346615 0.605556 0.031771 0.037037
3 0.422917 0.593056 0.016667 0.036111
8 0.346094 0.535185 0.073438 0.179630
1 0.405990 0.480556 0.035937 0.070370
8 0.419792 0.518056 0.076042 0.149074
5 0.432292 0.598148 0.058333 0.055556
5 0.597396 0.606019 0.048958 0.071296
5 0.694792 0.628241 0.033333 0.045370
4 0.684896 0.604167 0.033333 0.037963
2 0.679688 0.482407 0.036458 0.070370
8 0.682813 0.534259 0.083333 0.168519
1 0.594271 0.476389 0.033333 0.069444
8 0.591667 0.500463 0.100000 0.169444
4 0.771615 0.610648 0.026562 0.030556
4 0.832292 0.607407 0.023958 0.025926
5 0.766146 0.618519 0.029167 0.055556
5 0.837240 0.618519 0.033854 0.044444
1 0.780990 0.516204 0.030729 0.060185
1 0.838542 0.526852 0.031250 0.061111
8 0.759896 0.552315 0.073958 0.139815
9 0.823698 0.543519 0.063021 0.151852
5 0.729167 0.843056 0.052083 0.089815
4 0.688021 0.818519 0.037500 0.044444
1 0.674219 0.657407 0.029687 0.072222
8 0.665365 0.731019 0.110937 0.217593
4 0.984115 0.754167 0.016146 0.036111
5 0.984896 0.768056 0.020833 0.037963
4 0.926042 0.537037 0.017708 0.018519
5 0.921615 0.540741 0.024479 0.046296
1 0.927344 0.466204 0.022396 0.052778
8 0.905469 0.493519 0.064062 0.109259
4 0.868490 0.385185 0.014063 0.020370
1 0.863542 0.316667 0.018750 0.048148
1 0.893490 0.314352 0.017188 0.039815
8 0.854688 0.343519 0.047917 0.103704
8 0.887240 0.334259 0.027604 0.081481
3 0.792188 0.230556 0.010417 0.016667
1 0.802865 0.166667 0.017188 0.037037
8 0.788542 0.181019 0.045833 0.067593
1 0.829688 0.179167 0.016667 0.037963
8 0.824219 0.191204 0.026562 0.062037
4 0.772917 0.154630 0.014583 0.018519
1 0.771094 0.105556 0.017188 0.038889
1 0.805469 0.116667 0.011979 0.033333
8 0.762240 0.123611 0.042188 0.071296
8 0.799740 0.129167 0.031771 0.058333
1 0.746615 0.065741 0.013021 0.029630
4 0.740365 0.102778 0.015104 0.014815
8 0.738542 0.078241 0.033333 0.054630
0 0.714063 0.018056 0.012500 0.028704
8 0.712240 0.031019 0.025521 0.054630
5 0.865365 0.390741 0.025521 0.033333
