5 0.119792 0.403704 0.025000 0.025926
6 0.128385 0.371759 0.024479 0.037963
3 0.138021 0.381481 0.015625 0.022222
1 0.124740 0.330093 0.019271 0.039815
8 0.139063 0.343056 0.045833 0.067593
3 0.159115 0.278241 0.011979 0.017593
1 0.145313 0.215741 0.017708 0.038889
8 0.155990 0.238426 0.039062 0.086111
5 0.179688 0.200463 0.014583 0.019444
5 0.217188 0.191204 0.018750 0.021296
1 0.189844 0.148611 0.014063 0.028704
4 0.190365 0.183333 0.016146 0.014815
1 0.219792 0.128241 0.014583 0.034259
8 0.193490 0.162963 0.032813 0.057407
8 0.226042 0.146759 0.035417 0.075000
1 0.206771 0.111111 0.010417 0.029630
4 0.208073 0.138889 0.015104 0.012963
8 0.209896 0.119444 0.021875 0.050000
1 0.238021 0.102315 0.013542 0.026852
9 0.246615 0.113426 0.034896 0.049074
3 0.263542 0.093519 0.010417 0.009259
1 0.263542 0.068519 0.014583 0.029630
9 0.278646 0.073148 0.042708 0.042593
1 0.273958 0.032870 0.014583 0.026852
9 0.277865 0.040278 0.031771 0.039815
1 0.304948 0.018056 0.013021 0.025000
4 0.301563 0.052778 0.009375 0.012963
8 0.307292 0.031944 0.032292 0.054630
1 0.395313 0.049074 0.012500 0.031481
1 0.358073 0.080556 0.015104 0.035185
1 0.394792 0.083333 0.018750 0.033333
0 0.427865 0.031944 0.013021 0.028704
4 0.356771 0.118056 0.013542 0.013889
4 0.390365 0.125926 0.018229 0.018519
4 0.428646 0.068981 0.017708 0.013889
9 0.389844 0.055556 0.039062 0.050000
8 0.429948 0.047685 0.041146 0.056481
8 0.355990 0.099537 0.040104 0.071296
5 0.358594 0.141204 0.017188 0.019444
8 0.394792 0.097222 0.038542 0.068519
4 0.427865 0.125926 0.014063 0.024074
1 0.441667 0.104167 0.017708 0.028704
9 0.434115 0.110185 0.041146 0.044444
4 0.484115 0.116204 0.017188 0.013889
4 0.466146 0.059259 0.017708 0.012963
1 0.467969 0.031481 0.013021 0.027778
1 0.485417 0.077778 0.016667 0.033333
1 0.518490 0.031944 0.014063 0.028704
1 0.552865 0.037500 0.014063 0.030556
5 0.533073 0.076389 0.024479 0.019444
8 0.511719 0.045370 0.038021 0.053704
8 0.481250 0.091204 0.053125 0.060185
8 0.469271 0.043056 0.037500 0.049074
5 0.533594 0.126389 0.017188 0.019444
5 0.613542 0.128704 0.019792 0.020370
5 0.610417 0.078704 0.020833 0.012963
5 0.591667 0.074074 0.017708 0.016667
1 0.565365 0.080093 0.017188 0.032407
1 0.591146 0.030556 0.014583 0.033333
9 0.567969 0.093056 0.042188 0.063889
9 0.549740 0.044907 0.041146 0.049074
9 0.592187 0.043056 0.046875 0.058333
1 0.641146 0.027778 0.012500 0.033333
8 0.638542 0.042593 0.041667 0.062963
1 0.658594 0.092593 0.015104 0.033333
9 0.651563 0.106019 0.052083 0.065741
4 0.702865 0.206481 0.018229 0.022222
5 0.721094 0.216667 0.023438 0.025926
1 0.707292 0.165278 0.018750 0.037963
9 0.704948 0.177778 0.058854 0.077778
5 0.621615 0.203241 0.023438 0.025000
5 0.663021 0.218056 0.042708 0.026852
1 0.659896 0.136111 0.017708 0.042593
8 0.654167 0.161574 0.042708 0.093519
5 0.574740 0.200463 0.025521 0.030556
2 0.583073 0.117593 0.021354 0.040741
8 0.577865 0.143056 0.054688 0.093519
4 0.457813 0.193519 0.015625 0.020370
3 0.507292 0.196296 0.015625 0.009259
1 0.452865 0.132870 0.021354 0.045370
2 0.509115 0.130556 0.020313 0.046296
8 0.455469 0.160648 0.051562 0.093519
8 0.509115 0.150926 0.054688 0.087037
2 0.409115 0.134259 0.022396 0.044444
3 0.390365 0.210648 0.013021 0.017593
8 0.402865 0.157407 0.055729 0.094444
5 0.262760 0.230556 0.022396 0.020370
5 0.318490 0.218056 0.021354 0.017593
4 0.284115 0.206481 0.017188 0.018519
4 0.309115 0.206019 0.019271 0.019444
2 0.273958 0.163426 0.020833 0.037963
1 0.310417 0.143519 0.020833 0.042593
8 0.276042 0.181019 0.042708 0.078704
8 0.318490 0.168519 0.042188 0.092593
5 0.288021 0.303241 0.028125 0.032407
4 0.340365 0.289815 0.022396 0.024074
5 0.368490 0.306481 0.024479 0.035185
1 0.340365 0.225926 0.021354 0.055556
8 0.343490 0.249074 0.065104 0.103704
6 0.395313 0.292593 0.029167 0.029630
1 0.434115 0.218519 0.026562 0.055556
4 0.434635 0.291204 0.022396 0.023148
4 0.466667 0.277315 0.023958 0.026852
8 0.421615 0.244907 0.052604 0.110185
2 0.464844 0.235185 0.022396 0.044444
9 0.470313 0.244444 0.048958 0.075926
2 0.524740 0.206019 0.023438 0.049074
3 0.523438 0.294907 0.010417 0.019444
3 0.533594 0.286574 0.010937 0.019444
8 0.532292 0.232870 0.070833 0.108333
4 0.701042 0.295833 0.022917 0.023148
4 0.757292 0.316204 0.025000 0.026852
1 0.699740 0.243056 0.021354 0.049074
1 0.759375 0.241667 0.021875 0.050000
9 0.696615 0.262500 0.057813 0.091667
9 0.752344 0.269444 0.053646 0.111111
4 0.784115 0.425000 0.026562 0.020370
1 0.785417 0.375463 0.023958 0.043519
9 0.776563 0.391204 0.072917 0.086111
7 0.722917 0.397685 0.030208 0.045370
7 0.663021 0.380556 0.028125 0.051852
9 0.714844 0.395370 0.063021 0.101852
9 0.652865 0.368519 0.058854 0.124074
3 0.647917 0.431019 0.016667 0.030556
5 0.531771 0.419444 0.029167 0.046296
4 0.595313 0.409722 0.028125 0.030556
1 0.594792 0.335185 0.026042 0.055556
8 0.587240 0.359259 0.073438 0.131481
5 0.370573 0.425000 0.038021 0.031481
5 0.461198 0.408333 0.038021 0.038889
4 0.255990 0.428241 0.030729 0.023148
4 0.315365 0.403241 0.030729 0.034259
1 0.254948 0.371296 0.022396 0.050000
1 0.317969 0.347685 0.026562 0.056481
9 0.322917 0.368056 0.079167 0.100926
9 0.252865 0.381019 0.061979 0.104630
1 0.190365 0.380556 0.023438 0.048148
4 0.193490 0.430093 0.017188 0.023148
9 0.198698 0.386574 0.055729 0.093519
3 0.137240 0.606019 0.015104 0.032407
4 0.165365 0.604167 0.018229 0.032407
4 0.201823 0.593519 0.024479 0.042593
5 0.134115 0.606944 0.027604 0.049074
5 0.193490 0.606019 0.028646 0.054630
1 0.147917 0.562500 0.026042 0.056481
9 0.153646 0.566667 0.070833 0.101852
1 0.189844 0.506944 0.026562 0.058333
8 0.207813 0.541204 0.060417 0.126852
0 0.261719 0.488889 0.028646 0.068519
5 0.259896 0.611574 0.034375 0.056481
8 0.271094 0.522685 0.077604 0.143519
4 0.341667 0.606019 0.022917 0.036111
3 0.423438 0.593981 0.014583 0.036111
2 0.345313 0.480093 0.029167 0.063889
1 0.404167 0.481019 0.033333 0.069444
8 0.342969 0.530556 0.067187 0.170370
8 0.422396 0.519444 0.072917 0.153704
5 0.430990 0.601852 0.059896 0.059259
2 0.629167 0.466204 0.033333 0.075000
8 0.603646 0.510648 0.086458 0.169444
5 0.597396 0.612963 0.048958 0.055556
1 0.685417 0.492593 0.030208 0.074074
8 0.683594 0.531481 0.082812 0.162963
4 0.682813 0.602778 0.035417 0.038889
5 0.694271 0.620370 0.033333 0.059259
4 0.771615 0.609259 0.028646 0.031481
4 0.832292 0.608333 0.023958 0.027778
5 0.766667 0.618056 0.030208 0.054630
5 0.838021 0.620833 0.035417 0.043519
1 0.780990 0.518056 0.031771 0.058333
1 0.839063 0.528704 0.031250 0.062963
9 0.759896 0.550926 0.072917 0.137037
9 0.824740 0.543519 0.058854 0.150000
5 0.728646 0.843056 0.051042 0.087963
4 0.689844 0.817130 0.039062 0.045370
1 0.670312 0.657407 0.031250 0.077778
8 0.664844 0.730556 0.109896 0.216667
4 0.983594 0.753704 0.017188 0.038889
5 0.985938 0.771759 0.019792 0.030556
4 0.926042 0.536574 0.017708 0.019444
5 0.920312 0.541204 0.025000 0.049074
1 0.927865 0.466204 0.022396 0.050926
8 0.906771 0.493056 0.062500 0.108333
4 0.869271 0.386111 0.014583 0.018519
5 0.864062 0.390741 0.026042 0.033333
1 0.863021 0.317593 0.019792 0.046296
8 0.853646 0.343056 0.048958 0.102778
1 0.893490 0.315741 0.017188 0.040741
8 0.888021 0.332870 0.029167 0.078704
1 0.801042 0.175000 0.016667 0.042593
1 0.829688 0.179630 0.016667 0.035185
3 0.792188 0.230093 0.009375 0.015741
8 0.792188 0.180556 0.037500 0.066667
8 0.823438 0.191667 0.027083 0.061111
4 0.771615 0.153704 0.015104 0.018519
1 0.771094 0.105556 0.017188 0.037037
8 0.763542 0.125926 0.039583 0.074074
1 0.804688 0.117130 0.013542 0.032407
8 0.801042 0.129630 0.031250 0.059259
1 0.737240 0.059259 0.011979 0.025926
1 0.751563 0.043056 0.011458 0.023148
1 0.716667 0.023148 0.012500 0.029630
8 0.736719 0.078241 0.031771 0.062037
9 0.747396 0.055556 0.029167 0.044444
8 0.713542 0.033333 0.025000 0.051852
