8 0.135417 0.342130 0.044792 0.080556
5 0.121615 0.402778 0.025521 0.029630
8 0.177344 0.236111 0.033854 0.103704
8 0.150521 0.236574 0.032292 0.080556
8 0.187240 0.164815 0.026562 0.053704
8 0.226042 0.147222 0.028125 0.081481
8 0.246615 0.106019 0.032813 0.060185
9 0.276042 0.068981 0.038542 0.049074
9 0.279167 0.042593 0.032292 0.048148
8 0.309375 0.031481 0.028125 0.050000
9 0.391667 0.062037 0.045833 0.044444
9 0.349219 0.118056 0.042188 0.056481
8 0.432292 0.043981 0.038542 0.054630
9 0.437240 0.100926 0.044271 0.055556
9 0.480990 0.093056 0.045312 0.062037
8 0.469792 0.036111 0.038542 0.059259
8 0.510938 0.043519 0.037500 0.057407
8 0.547917 0.037037 0.044792 0.068519
9 0.519792 0.094907 0.054167 0.063889
9 0.566667 0.093056 0.042708 0.063889
9 0.591667 0.047222 0.038542 0.055556
9 0.640365 0.055093 0.036979 0.049074
8 0.609375 0.085648 0.043750 0.069444
8 0.651563 0.093519 0.046875 0.083333
9 0.696615 0.168056 0.052604 0.082407
8 0.652865 0.156019 0.040104 0.087963
8 0.612240 0.143056 0.045312 0.102778
8 0.576042 0.155556 0.045833 0.088889
5 0.482292 0.131944 0.019792 0.026852
8 0.507292 0.152315 0.045833 0.087963
8 0.451042 0.160185 0.059375 0.094444
8 0.396615 0.098611 0.044271 0.078704
8 0.399219 0.168519 0.053646 0.098148
9 0.352865 0.173148 0.045312 0.068519
9 0.309115 0.187963 0.049479 0.094444
9 0.266146 0.191667 0.053125 0.083333
8 0.242969 0.274537 0.067187 0.106481
8 0.342969 0.255556 0.067187 0.098148
9 0.407813 0.245833 0.060417 0.093519
9 0.469792 0.254167 0.055208 0.075000
8 0.529167 0.242130 0.069792 0.099074
8 0.632292 0.243056 0.058333 0.102778
8 0.694792 0.244444 0.057292 0.098148
8 0.747917 0.273148 0.056250 0.118519
5 0.673438 0.305556 0.028125 0.035185
5 0.699219 0.306019 0.026562 0.037963
8 0.777344 0.379630 0.055729 0.114815
9 0.720313 0.377315 0.066667 0.102778
9 0.654167 0.359259 0.065625 0.105556
9 0.582292 0.360648 0.078125 0.130556
7 0.734896 0.393056 0.031250 0.063889
7 0.659115 0.381481 0.030729 0.055556
3 0.649219 0.431019 0.020313 0.036111
3 0.729167 0.433333 0.022917 0.031481
8 0.514323 0.346296 0.059896 0.144444
8 0.455990 0.319907 0.063021 0.147222
8 0.388021 0.340278 0.080208 0.141667
9 0.309115 0.380093 0.080729 0.112037
9 0.251042 0.369907 0.057292 0.102778
8 0.197917 0.387037 0.057292 0.107407
9 0.146094 0.561574 0.071354 0.095370
8 0.218750 0.525463 0.068750 0.130556
9 0.270313 0.578241 0.095833 0.115741
8 0.359115 0.515741 0.067187 0.142593
8 0.423438 0.518056 0.069792 0.150926
8 0.592969 0.506481 0.091146 0.172222
8 0.686719 0.518981 0.090104 0.163889
8 0.757292 0.542593 0.071875 0.150000
9 0.823438 0.543056 0.072917 0.152778
8 0.674219 0.754167 0.120313 0.175000
5 0.729167 0.843519 0.051042 0.088889
5 0.523698 0.938889 0.061979 0.122222
8 0.965365 0.706019 0.068229 0.112037
4 0.982292 0.753241 0.016667 0.032407
8 0.905990 0.493056 0.068229 0.108333
9 0.860417 0.351389 0.055208 0.087963
9 0.901563 0.364815 0.040625 0.096296
8 0.814063 0.240741 0.047917 0.098148
8 0.855990 0.261574 0.039062 0.069444
8 0.790365 0.180556 0.048438 0.068519
8 0.832292 0.193056 0.037500 0.067593
8 0.757292 0.118056 0.039583 0.084259
8 0.798438 0.128704 0.032292 0.062963
9 0.780469 0.095833 0.026562 0.043519
8 0.737240 0.079630 0.030729 0.053704
8 0.714323 0.039815 0.030729 0.061111
8 0.745313 0.054630 0.025000 0.038889
5 0.388542 0.421759 0.052083 0.045370
5 0.452865 0.405556 0.053646 0.053704
5 0.239844 0.445833 0.029687 0.043519
1 0.126042 0.328241 0.020833 0.045370
6 0.127865 0.368056 0.018229 0.023148
1 0.148438 0.218519 0.017708 0.042593
0 0.170313 0.207407 0.018750 0.044444
3 0.172396 0.268056 0.011458 0.021296
1 0.186719 0.155093 0.015104 0.032407
0 0.202865 0.150000 0.019271 0.050000
8 0.213542 0.207870 0.050000 0.169444
1 0.219792 0.124537 0.015625 0.032407
1 0.209115 0.109259 0.013021 0.031481
1 0.241667 0.093056 0.014583 0.030556
1 0.272917 0.062963 0.014583 0.031481
1 0.304688 0.023611 0.014583 0.030556
1 0.276042 0.030556 0.013542 0.029630
7 0.390365 0.063889 0.017188 0.025926
1 0.429167 0.032407 0.014583 0.031481
1 0.396615 0.082407 0.022396 0.040741
7 0.337240 0.119907 0.018229 0.034259
1 0.440365 0.093981 0.020313 0.034259
1 0.484896 0.082870 0.018750 0.037963
5 0.434115 0.074537 0.028646 0.019444
1 0.466667 0.023148 0.014583 0.031481
4 0.476823 0.118056 0.019271 0.019444
1 0.529167 0.086111 0.020833 0.042593
1 0.513542 0.031019 0.015625 0.032407
6 0.510938 0.068519 0.018750 0.020370
1 0.542969 0.020370 0.015104 0.035185
6 0.544792 0.068056 0.019792 0.023148
1 0.597917 0.039815 0.020833 0.035185
1 0.568490 0.086111 0.020313 0.044444
2 0.618490 0.073611 0.019271 0.043519
1 0.647396 0.073148 0.020833 0.044444
2 0.682292 0.153241 0.020833 0.047222
1 0.654167 0.135648 0.020833 0.043519
5 0.661719 0.210648 0.040104 0.030556
3 0.635938 0.205556 0.010417 0.018519
0 0.607292 0.118519 0.021875 0.050000
2 0.580990 0.137963 0.023438 0.044444
3 0.502344 0.205556 0.011979 0.024074
1 0.510417 0.131481 0.021875 0.050000
2 0.444792 0.135648 0.026042 0.043519
2 0.402865 0.143519 0.023438 0.048148
4 0.386719 0.205556 0.017188 0.025926
1 0.351042 0.168981 0.020833 0.041667
4 0.346615 0.202778 0.017188 0.025926
1 0.304167 0.166204 0.021875 0.043519
4 0.301042 0.213426 0.022917 0.023148
1 0.267969 0.174537 0.020313 0.043519
4 0.270573 0.218981 0.019271 0.021296
1 0.234115 0.244907 0.022396 0.050926
4 0.235417 0.315741 0.021875 0.027778
5 0.285938 0.305556 0.026042 0.037037
1 0.335938 0.235185 0.023958 0.055556
4 0.338542 0.291204 0.025000 0.025000
1 0.401042 0.231019 0.026042 0.060185
4 0.410417 0.286111 0.020833 0.020370
1 0.468490 0.243519 0.026562 0.051852
1 0.529167 0.218056 0.027083 0.056481
4 0.528646 0.284722 0.017708 0.030556
1 0.621615 0.218056 0.023438 0.049074
4 0.621615 0.280093 0.022396 0.026852
5 0.638542 0.304630 0.023958 0.033333
1 0.696615 0.220833 0.022396 0.049074
1 0.759115 0.243056 0.027604 0.056481
4 0.692187 0.273148 0.023958 0.029630
4 0.755990 0.319444 0.024479 0.024074
4 0.779167 0.418981 0.023958 0.034259
1 0.788542 0.348611 0.026042 0.056481
1 0.596615 0.352315 0.034896 0.062037
4 0.590365 0.414815 0.022396 0.035185
2 0.506771 0.305556 0.033333 0.064815
3 0.484115 0.424074 0.015104 0.031481
0 0.449740 0.281019 0.028646 0.062037
2 0.380990 0.304167 0.033854 0.069444
1 0.311719 0.364815 0.029687 0.062963
4 0.306771 0.418519 0.030208 0.031481
1 0.242188 0.368519 0.028125 0.051852
4 0.247396 0.417130 0.022917 0.026852
1 0.191146 0.369444 0.028125 0.051852
4 0.188542 0.429167 0.022917 0.030556
1 0.131250 0.558333 0.028125 0.064815
4 0.137240 0.606019 0.020313 0.037963
2 0.200521 0.493519 0.031250 0.062963
3 0.181771 0.605556 0.018750 0.038889
5 0.203646 0.607407 0.044792 0.062963
1 0.267188 0.574537 0.033333 0.067593
4 0.264844 0.631019 0.023438 0.049074
2 0.358594 0.481019 0.032813 0.069444
1 0.412240 0.485185 0.035937 0.079630
4 0.405990 0.575926 0.028646 0.038889
3 0.354167 0.616204 0.021875 0.045370
1 0.583594 0.468519 0.035937 0.077778
4 0.621615 0.580556 0.021354 0.035185
5 0.601042 0.596296 0.033333 0.062963
2 0.701042 0.476852 0.043750 0.074074
5 0.696094 0.618519 0.060937 0.072222
3 0.676042 0.613426 0.019792 0.043519
1 0.769792 0.505093 0.032292 0.067593
1 0.837240 0.531481 0.035937 0.070370
4 0.830990 0.606481 0.022396 0.031481
4 0.684115 0.818981 0.035937 0.045370
1 0.693490 0.729630 0.038021 0.077778
1 0.926042 0.478704 0.025000 0.055556
4 0.926042 0.540741 0.019792 0.025926
1 0.876563 0.336574 0.022917 0.043519
4 0.868490 0.390278 0.015104 0.028704
1 0.912500 0.343519 0.018750 0.048148
1 0.821094 0.216667 0.020313 0.048148
1 0.821615 0.286111 0.022396 0.031481
1 0.867188 0.253241 0.017708 0.039815
1 0.802865 0.168519 0.018229 0.040741
1 0.841667 0.181019 0.016667 0.041667
1 0.802865 0.116204 0.016146 0.037963
1 0.763542 0.095370 0.017708 0.037037
5 0.769792 0.155556 0.020833 0.025926
1 0.742188 0.068056 0.015625 0.030556
1 0.782292 0.093519 0.016667 0.033333
1 0.718490 0.023611 0.013021 0.030556
1 0.747917 0.047685 0.013542 0.030556
