5 0.729688 0.843056 0.051042 0.086111
4 0.687240 0.818056 0.033854 0.036111
1 0.691667 0.734722 0.038542 0.069444
8 0.671615 0.752778 0.120313 0.164815
4 0.980990 0.752778 0.018229 0.037037
8 0.965365 0.710648 0.067187 0.106481
4 0.831771 0.606019 0.018750 0.030556
6 0.834115 0.615741 0.038021 0.042593
5 0.763542 0.611574 0.032292 0.056481
4 0.672396 0.611111 0.025000 0.044444
6 0.692448 0.618519 0.068229 0.070370
4 0.597917 0.580556 0.026042 0.046296
6 0.613021 0.593056 0.057292 0.063889
4 0.927865 0.543519 0.020313 0.029630
1 0.926042 0.468056 0.023958 0.052778
8 0.906771 0.493519 0.063542 0.112963
1 0.834896 0.533333 0.034375 0.068519
9 0.819792 0.543981 0.079167 0.147222
0 0.774740 0.503704 0.029687 0.070370
8 0.752865 0.527315 0.078646 0.123148
1 0.682813 0.518056 0.038542 0.073148
1 0.679688 0.539352 0.081250 0.160185
1 0.608594 0.480093 0.031771 0.073148
8 0.598437 0.518519 0.086458 0.172222
1 0.906771 0.331019 0.017708 0.047222
4 0.907813 0.393519 0.018750 0.025926
8 0.897917 0.355556 0.041667 0.100000
4 0.865365 0.388426 0.018229 0.025000
1 0.859115 0.318519 0.022396 0.044444
8 0.849740 0.343519 0.057813 0.105556
4 0.781771 0.426389 0.027083 0.025000
1 0.783594 0.341667 0.026562 0.057407
8 0.777865 0.374537 0.059896 0.121296
7 0.734115 0.392593 0.026562 0.062963
7 0.659115 0.380556 0.027604 0.055556
3 0.647917 0.430556 0.015625 0.027778
3 0.728646 0.438889 0.019792 0.024074
5 0.661719 0.429167 0.031771 0.043519
5 0.731771 0.437037 0.034375 0.044444
9 0.717969 0.375000 0.061979 0.094444
9 0.652865 0.371759 0.067187 0.119444
1 0.596615 0.353704 0.028646 0.053704
4 0.590365 0.411111 0.021354 0.031481
8 0.584115 0.362037 0.075521 0.140741
4 0.689063 0.286111 0.015625 0.018519
5 0.696615 0.305556 0.022396 0.033333
5 0.673438 0.305556 0.029167 0.033333
2 0.692969 0.205556 0.025521 0.042593
8 0.691667 0.242130 0.060417 0.110185
2 0.776563 0.218519 0.027083 0.055556
8 0.755990 0.255556 0.067187 0.137037
6 0.834115 0.290741 0.022396 0.029630
1 0.828646 0.218519 0.020833 0.048148
8 0.816146 0.243519 0.055208 0.092593
1 0.867448 0.254630 0.019271 0.031481
8 0.859115 0.263889 0.035937 0.055556
1 0.801042 0.157407 0.018750 0.044444
0 0.819271 0.150000 0.017708 0.044444
8 0.824740 0.167130 0.031771 0.075000
8 0.791667 0.180093 0.046875 0.082407
1 0.804688 0.115741 0.013542 0.027778
8 0.799740 0.122685 0.029687 0.056481
1 0.771615 0.102315 0.015104 0.037963
4 0.772396 0.152778 0.019792 0.025926
8 0.763542 0.124074 0.041667 0.085185
2 0.702865 0.147222 0.020313 0.044444
4 0.710938 0.197222 0.018750 0.031481
8 0.704167 0.166667 0.055208 0.087037
1 0.655990 0.131019 0.019271 0.043519
6 0.663542 0.205556 0.036458 0.035185
5 0.638021 0.205556 0.021875 0.022222
5 0.617188 0.193056 0.022917 0.028704
0 0.617188 0.106019 0.022917 0.043519
8 0.613542 0.139352 0.047917 0.110185
8 0.657292 0.155556 0.040625 0.101852
1 0.738542 0.078241 0.011458 0.026852
9 0.736198 0.083333 0.028646 0.038889
0 0.717969 0.019907 0.014063 0.030556
1 0.754167 0.051852 0.012500 0.025926
9 0.750521 0.056019 0.020833 0.037963
8 0.714323 0.035185 0.024479 0.055556
8 0.703646 0.016667 0.033333 0.031481
8 0.673438 0.018519 0.030208 0.035185
1 0.655990 0.077778 0.020313 0.040741
8 0.654167 0.093981 0.051042 0.080556
1 0.563542 0.081019 0.018750 0.037963
8 0.568490 0.093519 0.051562 0.068519
4 0.567969 0.118519 0.017188 0.022222
6 0.576042 0.193519 0.019792 0.024074
1 0.578646 0.145833 0.018750 0.043519
8 0.568490 0.167593 0.053646 0.075926
1 0.638542 0.043981 0.014583 0.030556
8 0.637240 0.055556 0.039062 0.050000
1 0.601042 0.042593 0.016667 0.031481
8 0.594792 0.050000 0.045833 0.050000
5 0.602865 0.078704 0.033854 0.020370
1 0.652865 0.010185 0.016146 0.018519
1 0.615365 0.010185 0.014063 0.018519
1 0.576042 0.006019 0.012500 0.010185
8 0.609375 0.018519 0.037500 0.035185
8 0.649740 0.022685 0.039062 0.043519
8 0.571615 0.016667 0.034896 0.031481
1 0.551042 0.033333 0.014583 0.031481
8 0.548438 0.043056 0.042708 0.054630
4 0.538021 0.280556 0.029167 0.033333
3 0.563021 0.293056 0.013542 0.019444
1 0.535417 0.218056 0.023958 0.050926
8 0.532292 0.242130 0.069792 0.093519
0 0.509896 0.120833 0.019792 0.043519
8 0.504167 0.151389 0.060417 0.099074
4 0.496615 0.196759 0.017188 0.030556
5 0.515365 0.199537 0.020313 0.030556
0 0.468490 0.018056 0.013021 0.030556
1 0.509896 0.018519 0.017708 0.027778
8 0.509896 0.039815 0.038542 0.064815
6 0.512240 0.065741 0.028646 0.020370
8 0.469792 0.035185 0.040625 0.068519
5 0.435417 0.077778 0.026042 0.012963
1 0.426563 0.035185 0.014583 0.031481
8 0.429688 0.043056 0.039583 0.050926
7 0.391146 0.058333 0.047917 0.044444
4 0.387240 0.130093 0.023438 0.025000
1 0.396094 0.080556 0.018229 0.038889
8 0.396615 0.095833 0.051562 0.080556
1 0.341667 0.111111 0.020833 0.031481
7 0.349740 0.110185 0.045312 0.055556
8 0.401042 0.018056 0.038542 0.034259
8 0.371615 0.018519 0.035937 0.035185
2 0.442188 0.126852 0.021875 0.048148
8 0.447917 0.153704 0.063542 0.103704
6 0.460938 0.203704 0.039583 0.027778
2 0.409115 0.130556 0.023438 0.046296
3 0.390365 0.205556 0.011979 0.016667
8 0.404167 0.155093 0.058333 0.089815
1 0.351042 0.168056 0.017708 0.041667
6 0.362500 0.198148 0.025000 0.031481
9 0.352865 0.168519 0.049479 0.061111
1 0.297917 0.155556 0.023958 0.042593
2 0.263542 0.181019 0.025000 0.041667
4 0.273438 0.218519 0.022917 0.024074
3 0.302865 0.214352 0.016146 0.010185
6 0.307292 0.218519 0.037500 0.033333
8 0.305469 0.180556 0.054688 0.090741
9 0.262240 0.193056 0.048438 0.067593
1 0.471094 0.243056 0.024479 0.052778
9 0.468490 0.244907 0.055729 0.080556
0 0.407292 0.205556 0.026042 0.055556
8 0.410938 0.234722 0.065625 0.106481
1 0.340365 0.218056 0.026562 0.054630
6 0.340625 0.293056 0.040625 0.034259
8 0.344792 0.243519 0.064583 0.111111
5 0.285938 0.305556 0.027083 0.031481
4 0.233594 0.314815 0.029687 0.027778
1 0.233594 0.246759 0.023438 0.047222
8 0.241667 0.272685 0.063542 0.106481
2 0.509115 0.293056 0.030729 0.058333
2 0.454948 0.293519 0.027604 0.059259
4 0.502865 0.417593 0.028646 0.025926
5 0.502865 0.418056 0.031771 0.050926
8 0.516667 0.344907 0.058333 0.163889
5 0.454688 0.404167 0.051042 0.049074
8 0.454688 0.329167 0.062500 0.126852
6 0.388021 0.420370 0.052083 0.044444
0 0.375000 0.293519 0.031250 0.061111
8 0.385417 0.352315 0.079167 0.178704
0 0.307292 0.330556 0.027083 0.064815
8 0.309115 0.368056 0.077604 0.128704
8 0.313021 0.418056 0.030208 0.030556
5 0.308594 0.430556 0.030729 0.044444
4 0.249219 0.415741 0.023438 0.018519
5 0.239323 0.443056 0.030729 0.043519
1 0.244271 0.368519 0.025000 0.050000
9 0.248698 0.368519 0.050521 0.094444
5 0.432292 0.599537 0.059375 0.067593
2 0.393490 0.485648 0.044271 0.069444
4 0.366667 0.543981 0.027083 0.043519
8 0.407292 0.516204 0.107292 0.126852
4 0.351042 0.612037 0.025000 0.044444
0 0.341146 0.480556 0.034375 0.068519
8 0.351042 0.538889 0.069792 0.181481
4 0.259115 0.629630 0.024479 0.038889
2 0.268490 0.510648 0.035937 0.069444
8 0.272396 0.555556 0.094792 0.155556
3 0.198698 0.593056 0.015104 0.030556
5 0.199740 0.605556 0.034896 0.055556
2 0.225521 0.509722 0.028125 0.069444
8 0.225000 0.530093 0.059375 0.108333
4 0.139844 0.603704 0.018229 0.037037
1 0.133594 0.556019 0.025521 0.043519
9 0.145573 0.559722 0.074479 0.093519
4 0.187240 0.431019 0.014063 0.023148
1 0.189844 0.377315 0.027604 0.045370
9 0.198698 0.389352 0.055729 0.100926
6 0.124219 0.383333 0.039062 0.055556
3 0.141667 0.380093 0.011458 0.021296
2 0.131771 0.291204 0.023958 0.045370
8 0.137240 0.328241 0.050521 0.113889
1 0.167448 0.218056 0.018229 0.039815
8 0.180469 0.231019 0.048438 0.080556
0 0.146094 0.206019 0.017188 0.037963
8 0.146615 0.230093 0.028646 0.086111
1 0.209115 0.146759 0.018229 0.030556
1 0.182292 0.156019 0.016667 0.032407
8 0.221094 0.157407 0.045312 0.053704
5 0.218490 0.193056 0.018229 0.019444
8 0.187240 0.168519 0.032813 0.057407
1 0.233594 0.098611 0.015104 0.030556
1 0.205990 0.112037 0.013021 0.029630
8 0.242188 0.108796 0.036458 0.050926
8 0.210938 0.118519 0.033333 0.044444
2 0.267188 0.053704 0.017708 0.029630
8 0.274740 0.067593 0.040104 0.051852
1 0.301823 0.020370 0.013021 0.024074
8 0.308594 0.031019 0.032813 0.045370
1 0.274740 0.030556 0.015104 0.029630
9 0.280990 0.037963 0.026562 0.044444
