5 0.729167 0.843056 0.051042 0.086111
4 0.685417 0.818519 0.042708 0.040741
1 0.694792 0.740278 0.039583 0.076852
8 0.674219 0.756019 0.124479 0.171296
4 0.927865 0.543056 0.018229 0.021296
4 0.830469 0.605556 0.018229 0.024074
6 0.833594 0.616204 0.035937 0.041667
7 0.769792 0.581019 0.030208 0.062037
9 0.754167 0.561111 0.078125 0.105556
4 0.672396 0.606019 0.029167 0.049074
5 0.699219 0.618519 0.057813 0.068519
3 0.605469 0.584259 0.014063 0.044444
6 0.612500 0.593056 0.059375 0.063889
1 0.676042 0.503241 0.038542 0.071296
8 0.677865 0.531019 0.082812 0.150926
1 0.607292 0.478241 0.034375 0.071296
8 0.599740 0.515278 0.086979 0.171296
4 0.982292 0.754630 0.012500 0.031481
8 0.967448 0.705093 0.065104 0.108333
1 0.927865 0.468519 0.024479 0.053704
8 0.907813 0.493056 0.062500 0.112037
4 0.863542 0.384259 0.021875 0.018519
4 0.907813 0.393056 0.019792 0.019444
1 0.906250 0.330556 0.018750 0.044444
8 0.896615 0.354167 0.040104 0.097222
1 0.855990 0.316204 0.025521 0.045370
8 0.850521 0.343056 0.053125 0.104630
4 0.779167 0.422685 0.031250 0.019444
1 0.782813 0.336574 0.026042 0.056481
8 0.776563 0.368519 0.061458 0.120370
7 0.734115 0.391204 0.028646 0.063889
3 0.729167 0.435185 0.017708 0.018519
3 0.647917 0.430556 0.017708 0.029630
9 0.720573 0.373611 0.066146 0.093519
7 0.658594 0.381019 0.028646 0.056481
9 0.656771 0.368056 0.063542 0.125000
4 0.590365 0.412963 0.023438 0.037037
1 0.595573 0.352778 0.030729 0.057407
9 0.586198 0.357407 0.077604 0.131481
1 0.867188 0.238889 0.015625 0.038889
8 0.857292 0.255556 0.035417 0.074074
2 0.764844 0.231019 0.026562 0.054630
8 0.751563 0.256019 0.065625 0.104630
2 0.690365 0.205556 0.027604 0.053704
5 0.672917 0.305556 0.030208 0.031481
5 0.697917 0.306019 0.020833 0.030556
4 0.684115 0.280556 0.021354 0.016667
8 0.682813 0.242130 0.077083 0.108333
3 0.562240 0.293056 0.010937 0.017593
1 0.832292 0.218056 0.019792 0.045370
8 0.816146 0.243056 0.052083 0.093519
4 0.532813 0.280556 0.020833 0.024074
6 0.530469 0.290741 0.026562 0.038889
1 0.535417 0.225463 0.027083 0.062037
5 0.615365 0.193519 0.022396 0.027778
6 0.580990 0.191667 0.044271 0.029630
5 0.638542 0.203704 0.025000 0.024074
6 0.665365 0.207870 0.036979 0.030556
4 0.709115 0.198148 0.019271 0.031481
0 0.702865 0.143981 0.020313 0.043519
2 0.659115 0.141667 0.020313 0.038889
0 0.621615 0.108333 0.020313 0.044444
2 0.580990 0.132407 0.021354 0.044444
8 0.704948 0.168056 0.058854 0.080556
8 0.654167 0.155556 0.048958 0.075926
8 0.615365 0.141204 0.048438 0.099074
8 0.569792 0.156019 0.059375 0.086111
1 0.824740 0.155556 0.015104 0.033333
1 0.801042 0.158333 0.016667 0.044444
8 0.822917 0.177315 0.023958 0.071296
8 0.790365 0.178241 0.045312 0.073148
1 0.804167 0.115741 0.013542 0.033333
8 0.799740 0.123611 0.029687 0.056481
1 0.771615 0.103241 0.019271 0.037963
8 0.765365 0.123148 0.042188 0.081481
1 0.740365 0.055556 0.015104 0.031481
8 0.737240 0.073611 0.028646 0.056481
1 0.755469 0.049074 0.013021 0.020370
1 0.716667 0.019907 0.013542 0.028704
8 0.713542 0.031944 0.023958 0.050926
1 0.654167 0.012963 0.014583 0.024074
8 0.647917 0.022685 0.046875 0.043519
8 0.674740 0.018519 0.030729 0.035185
1 0.564844 0.081019 0.020313 0.034259
1 0.512240 0.130093 0.018229 0.045370
1 0.529167 0.085185 0.018750 0.031481
4 0.497396 0.193056 0.017708 0.028704
5 0.515365 0.202315 0.020313 0.028704
8 0.507292 0.154167 0.056250 0.091667
5 0.481771 0.130556 0.020833 0.022222
8 0.568490 0.092130 0.046354 0.063889
6 0.602865 0.068056 0.033854 0.026852
1 0.638542 0.043519 0.017708 0.031481
8 0.637240 0.052315 0.036979 0.045370
1 0.601042 0.043056 0.016667 0.034259
8 0.594792 0.051389 0.045833 0.049074
1 0.616146 0.010185 0.014583 0.018519
8 0.609115 0.018056 0.035937 0.034259
1 0.577083 0.006944 0.012500 0.012037
8 0.572396 0.016204 0.035417 0.030556
1 0.551042 0.031019 0.015625 0.026852
8 0.548438 0.043056 0.042708 0.047222
8 0.523438 0.094444 0.047917 0.059259
1 0.482292 0.080556 0.017708 0.033333
8 0.479167 0.092593 0.046875 0.055556
1 0.508594 0.018519 0.015104 0.027778
8 0.509896 0.034259 0.038542 0.055556
8 0.506771 0.016204 0.037500 0.030556
1 0.469792 0.023148 0.013542 0.031481
8 0.471094 0.040741 0.041146 0.059259
1 0.427344 0.035185 0.014063 0.031481
8 0.430990 0.043519 0.042188 0.051852
8 0.466667 0.017130 0.035417 0.032407
1 0.367969 0.006019 0.016146 0.010185
8 0.371875 0.018519 0.034375 0.035185
8 0.402865 0.018056 0.033854 0.034259
1 0.402865 0.005556 0.013021 0.009259
8 0.434115 0.016667 0.036979 0.031481
1 0.395573 0.079167 0.022396 0.034259
8 0.395313 0.093519 0.051042 0.077778
1 0.438021 0.098611 0.018750 0.030556
8 0.440365 0.104167 0.045312 0.045370
1 0.447917 0.131019 0.020833 0.039815
4 0.445573 0.196759 0.025521 0.019444
8 0.451042 0.156481 0.057292 0.094444
2 0.405990 0.130556 0.022396 0.044444
3 0.388542 0.204167 0.012500 0.015741
5 0.404167 0.196759 0.021875 0.019444
8 0.404167 0.155093 0.055208 0.087963
1 0.341667 0.110648 0.018750 0.030556
7 0.351042 0.107407 0.040625 0.055556
1 0.351042 0.168056 0.019792 0.039815
9 0.354167 0.168519 0.047917 0.062963
1 0.302865 0.154167 0.021354 0.043519
6 0.308594 0.218056 0.035937 0.026852
8 0.304167 0.181019 0.048958 0.097222
2 0.263542 0.180556 0.019792 0.042593
4 0.269792 0.217593 0.023958 0.018519
6 0.270313 0.225463 0.023958 0.025000
9 0.264323 0.193056 0.046354 0.067593
1 0.342448 0.218056 0.024479 0.050926
1 0.403646 0.229167 0.026042 0.052778
1 0.466667 0.243519 0.025000 0.050000
8 0.529167 0.243056 0.071875 0.091667
8 0.469792 0.247685 0.057292 0.080556
5 0.475521 0.305556 0.027083 0.037037
4 0.402865 0.290741 0.033854 0.031481
8 0.405990 0.254167 0.066146 0.108333
8 0.341667 0.246759 0.062500 0.106481
6 0.335938 0.291667 0.038542 0.037037
5 0.285938 0.304167 0.026042 0.032407
2 0.454167 0.317593 0.029167 0.053704
1 0.505990 0.331019 0.028646 0.063889
5 0.452865 0.404630 0.048438 0.044444
4 0.496615 0.412500 0.029687 0.030556
5 0.502344 0.418056 0.032813 0.049074
8 0.510938 0.362500 0.071875 0.130556
8 0.452865 0.335648 0.064062 0.106481
0 0.374740 0.309259 0.028646 0.072222
8 0.384115 0.352315 0.079687 0.156481
4 0.376823 0.417130 0.034896 0.025000
6 0.388542 0.421296 0.051042 0.044444
4 0.301823 0.414352 0.030729 0.028704
5 0.309115 0.431019 0.024479 0.039815
1 0.298438 0.345833 0.031250 0.056481
8 0.310417 0.369907 0.073958 0.112037
5 0.432292 0.597685 0.059375 0.069444
6 0.267969 0.618056 0.049479 0.069444
4 0.257292 0.629630 0.028125 0.046296
4 0.354167 0.609259 0.027083 0.031481
2 0.404687 0.473611 0.038542 0.076852
8 0.416667 0.509259 0.088542 0.140741
1 0.349740 0.481019 0.033854 0.073148
8 0.354167 0.531019 0.069792 0.176852
2 0.267969 0.518056 0.035937 0.058333
8 0.270313 0.563889 0.095833 0.151852
3 0.199740 0.593056 0.017188 0.030556
5 0.199740 0.605093 0.035937 0.050926
2 0.204948 0.485185 0.030729 0.055556
8 0.216146 0.518056 0.069792 0.128704
1 0.132292 0.558333 0.027083 0.055556
4 0.136719 0.604630 0.020313 0.031481
9 0.145313 0.560185 0.071875 0.094444
5 0.239323 0.443519 0.030729 0.040741
4 0.188021 0.429630 0.021875 0.024074
4 0.244792 0.418519 0.022917 0.024074
1 0.240365 0.367593 0.028646 0.048148
9 0.251042 0.368519 0.052083 0.092593
1 0.189323 0.378241 0.028646 0.045370
9 0.197917 0.383796 0.056250 0.100926
4 0.234115 0.315278 0.024479 0.021296
1 0.234115 0.247222 0.023438 0.044444
8 0.242188 0.271759 0.063542 0.100926
6 0.126042 0.380556 0.044792 0.055556
3 0.141146 0.379630 0.012500 0.022222
1 0.121615 0.331019 0.020313 0.045370
8 0.130469 0.341667 0.066146 0.074074
1 0.167448 0.210648 0.018229 0.043519
8 0.182292 0.232407 0.051042 0.094444
0 0.150521 0.218056 0.018750 0.049074
8 0.148438 0.238889 0.023958 0.087037
1 0.210417 0.143519 0.018750 0.031481
1 0.184115 0.156019 0.017188 0.028704
8 0.219792 0.155093 0.045833 0.058333
4 0.212240 0.185648 0.014063 0.019444
6 0.217188 0.190741 0.020833 0.020370
8 0.186719 0.167130 0.035937 0.056481
1 0.206771 0.109722 0.016667 0.030556
1 0.232292 0.102778 0.016667 0.025926
9 0.243490 0.113426 0.042188 0.050926
8 0.211198 0.118519 0.034896 0.048148
2 0.267188 0.054630 0.018750 0.027778
8 0.276042 0.066204 0.045833 0.052778
1 0.301563 0.022685 0.013542 0.019444
8 0.308594 0.031019 0.032813 0.047222
1 0.273438 0.031019 0.014583 0.030556
8 0.279167 0.035648 0.027083 0.043519
4 0.466667 0.059259 0.016667 0.005556
9 0.822917 0.543056 0.073958 0.147222
1 0.655469 0.078241 0.017188 0.037963
8 0.655990 0.095370 0.048438 0.077778
