8 0.137240 0.340741 0.042188 0.094444
5 0.121615 0.402778 0.025521 0.029630
8 0.188542 0.254167 0.046875 0.184259
8 0.151042 0.237500 0.030208 0.080556
8 0.223438 0.153704 0.034375 0.062963
5 0.222917 0.188426 0.019792 0.023148
8 0.246094 0.108333 0.032813 0.055556
8 0.210938 0.118519 0.030208 0.051852
9 0.276042 0.068056 0.039583 0.047222
9 0.277865 0.043056 0.032813 0.045370
8 0.309375 0.031481 0.028125 0.048148
9 0.391146 0.062037 0.045833 0.044444
9 0.351042 0.118056 0.042708 0.056481
8 0.430990 0.043056 0.041146 0.054630
9 0.439063 0.100926 0.046875 0.055556
9 0.483594 0.093056 0.043229 0.060185
8 0.469271 0.041204 0.039583 0.060185
8 0.510938 0.043519 0.036458 0.059259
8 0.549740 0.035185 0.039062 0.068519
8 0.524740 0.087037 0.048438 0.081481
9 0.568750 0.093519 0.043750 0.066667
9 0.590365 0.048148 0.039062 0.053704
9 0.642448 0.055556 0.041146 0.050000
8 0.605990 0.085185 0.043229 0.079630
8 0.648438 0.105093 0.043750 0.076852
9 0.696615 0.168981 0.052604 0.082407
8 0.652865 0.155556 0.040104 0.085185
8 0.612240 0.139815 0.045312 0.112963
8 0.576042 0.154630 0.047917 0.088889
5 0.482292 0.131019 0.019792 0.026852
8 0.507292 0.152315 0.045833 0.087963
8 0.452865 0.162963 0.057813 0.094444
8 0.397396 0.095833 0.044792 0.076852
8 0.399740 0.166667 0.054688 0.098148
9 0.354167 0.176852 0.044792 0.072222
9 0.312240 0.190278 0.045312 0.087963
8 0.270313 0.178241 0.046875 0.087963
8 0.284375 0.243056 0.068750 0.117593
8 0.341667 0.255556 0.066667 0.096296
9 0.407813 0.247685 0.060417 0.093519
9 0.469271 0.255556 0.055208 0.070370
8 0.529167 0.235648 0.066667 0.119444
8 0.622917 0.231481 0.073958 0.114815
8 0.694792 0.244907 0.058333 0.095370
8 0.747917 0.278704 0.056250 0.118519
5 0.673438 0.305556 0.028125 0.035185
5 0.699219 0.306019 0.026562 0.037963
8 0.777344 0.379630 0.055729 0.114815
9 0.720313 0.378241 0.066667 0.102778
9 0.654167 0.359722 0.065625 0.106481
9 0.585417 0.360185 0.078125 0.131481
7 0.734896 0.393056 0.031250 0.063889
7 0.659115 0.382407 0.030729 0.055556
3 0.649219 0.431019 0.020313 0.036111
3 0.729167 0.434259 0.022917 0.031481
8 0.504167 0.336574 0.069792 0.156481
8 0.455469 0.318056 0.063021 0.147222
8 0.387240 0.333796 0.080729 0.150926
9 0.309115 0.380093 0.080729 0.112037
9 0.251563 0.369907 0.056250 0.102778
8 0.199219 0.386111 0.054688 0.105556
9 0.145313 0.562963 0.069792 0.094444
8 0.210938 0.548611 0.061458 0.106481
8 0.276042 0.543519 0.081250 0.175926
8 0.352865 0.531944 0.075521 0.191667
8 0.429688 0.518981 0.084375 0.152778
8 0.596094 0.527778 0.095312 0.151852
8 0.683594 0.486111 0.079687 0.205556
8 0.754167 0.540278 0.080208 0.145370
9 0.824219 0.543056 0.071354 0.156481
8 0.682292 0.705556 0.107292 0.225926
5 0.729167 0.843519 0.051042 0.088889
5 0.524740 0.938889 0.061979 0.122222
8 0.965365 0.706019 0.068229 0.112037
4 0.982292 0.748611 0.016667 0.030556
8 0.905990 0.493981 0.067187 0.112037
9 0.860417 0.351389 0.055208 0.087963
9 0.901823 0.361111 0.041146 0.105556
8 0.816667 0.254630 0.054167 0.072222
8 0.859115 0.256481 0.042188 0.066667
8 0.792188 0.176852 0.035417 0.074074
3 0.792969 0.229630 0.014063 0.018519
8 0.831771 0.193056 0.039583 0.065741
8 0.754167 0.117130 0.047917 0.076852
8 0.797396 0.125000 0.030208 0.055556
9 0.780469 0.096759 0.026562 0.043519
8 0.740365 0.080556 0.030729 0.053704
8 0.714323 0.039815 0.030729 0.061111
5 0.388542 0.422685 0.052083 0.045370
5 0.452865 0.406481 0.053646 0.053704
5 0.239844 0.444907 0.029687 0.043519
1 0.127865 0.318519 0.021354 0.046296
6 0.132292 0.368056 0.020833 0.036111
1 0.149219 0.218519 0.017188 0.044444
2 0.193490 0.183333 0.023438 0.050000
1 0.216667 0.142593 0.017708 0.038889
1 0.209115 0.109722 0.014063 0.030556
1 0.243490 0.095833 0.014063 0.030556
1 0.273698 0.063426 0.015104 0.030556
1 0.274740 0.038426 0.016146 0.026852
1 0.304688 0.027778 0.014583 0.027778
7 0.392448 0.064352 0.019271 0.026852
7 0.341667 0.127778 0.019792 0.035185
1 0.398438 0.087500 0.021875 0.043519
1 0.427865 0.036574 0.014063 0.030556
1 0.467969 0.025463 0.015104 0.030556
5 0.432812 0.074074 0.026042 0.018519
1 0.513542 0.030556 0.014583 0.033333
6 0.510938 0.068519 0.019792 0.018519
1 0.484115 0.082870 0.018229 0.036111
1 0.442969 0.093519 0.019271 0.035185
3 0.525521 0.125463 0.010417 0.019444
1 0.527865 0.068519 0.019271 0.040741
1 0.566667 0.086111 0.020833 0.042593
2 0.613542 0.068056 0.019792 0.039815
1 0.647917 0.049074 0.016667 0.031481
1 0.597917 0.042593 0.016667 0.037037
1 0.550521 0.018519 0.015625 0.035185
1 0.644792 0.086574 0.018750 0.043519
2 0.682292 0.156019 0.020833 0.047222
5 0.660417 0.209722 0.038542 0.030556
1 0.654167 0.135648 0.018750 0.043519
0 0.613542 0.106019 0.020833 0.047222
0 0.574740 0.132870 0.022396 0.049074
1 0.510417 0.130556 0.022917 0.050000
3 0.502344 0.205556 0.011979 0.022222
1 0.451042 0.143056 0.020833 0.047222
4 0.447917 0.196296 0.025000 0.024074
2 0.401042 0.142130 0.026042 0.047222
1 0.352344 0.168981 0.020313 0.043519
4 0.346615 0.203241 0.017188 0.023148
1 0.302865 0.168056 0.021354 0.043519
4 0.305469 0.210648 0.020313 0.019444
1 0.268490 0.156019 0.018229 0.039815
3 0.274219 0.218519 0.009896 0.018519
5 0.268490 0.229167 0.022396 0.030556
0 0.286719 0.212037 0.022396 0.055556
5 0.285938 0.306019 0.028125 0.037963
1 0.335938 0.232870 0.023958 0.060185
4 0.338542 0.291667 0.022917 0.025926
1 0.401042 0.230556 0.027083 0.057407
4 0.409896 0.284259 0.020833 0.024074
1 0.464062 0.253704 0.026042 0.055556
1 0.532813 0.206481 0.026042 0.057407
4 0.527865 0.283333 0.021354 0.031481
0 0.622917 0.206019 0.023958 0.056481
5 0.638542 0.303704 0.025000 0.037037
4 0.621615 0.279167 0.017188 0.023148
1 0.697396 0.223148 0.022917 0.044444
4 0.693490 0.278704 0.022396 0.025926
1 0.760417 0.249537 0.028125 0.056481
4 0.755990 0.318056 0.025521 0.026852
1 0.789323 0.348148 0.025521 0.055556
4 0.779167 0.421759 0.022917 0.030556
1 0.596615 0.354167 0.031771 0.058333
4 0.590365 0.415278 0.022396 0.036111
2 0.499219 0.293056 0.032813 0.063889
3 0.483594 0.423148 0.016146 0.031481
0 0.442969 0.276852 0.027604 0.053704
0 0.376042 0.296759 0.030208 0.069444
1 0.309896 0.364815 0.029167 0.061111
4 0.306771 0.418519 0.035417 0.033333
4 0.246094 0.415741 0.026562 0.029630
1 0.243490 0.367130 0.023438 0.050926
1 0.191146 0.368981 0.026042 0.050926
4 0.188542 0.426389 0.022917 0.030556
1 0.131771 0.558333 0.026042 0.061111
4 0.135417 0.606019 0.019792 0.039815
5 0.152865 0.612963 0.029687 0.055556
2 0.202865 0.529167 0.033854 0.062037
3 0.180990 0.606019 0.019271 0.037963
5 0.205990 0.615278 0.049479 0.052778
6 0.262500 0.628241 0.037500 0.063889
3 0.266667 0.632407 0.017708 0.038889
2 0.267969 0.492130 0.032813 0.063889
1 0.349219 0.474074 0.032813 0.068519
1 0.415365 0.485648 0.038021 0.080556
4 0.348438 0.617130 0.028125 0.041667
4 0.424740 0.581019 0.028646 0.034259
1 0.595573 0.493519 0.036979 0.077778
4 0.594792 0.583333 0.035417 0.037037
2 0.698438 0.418519 0.036458 0.072222
1 0.772917 0.505556 0.032292 0.070370
1 0.832292 0.522685 0.035417 0.069444
4 0.832292 0.605556 0.022917 0.031481
2 0.689063 0.638889 0.042708 0.087037
4 0.675521 0.796296 0.025000 0.048148
1 0.927865 0.478241 0.023438 0.056481
4 0.927344 0.540741 0.018229 0.025926
4 0.867969 0.389815 0.016146 0.029630
1 0.876563 0.336111 0.021875 0.044444
0 0.902865 0.332870 0.019271 0.049074
1 0.830469 0.242130 0.022396 0.043519
6 0.829688 0.286111 0.034375 0.031481
1 0.869792 0.245370 0.017708 0.040741
1 0.797917 0.158333 0.019792 0.044444
1 0.841667 0.181019 0.017708 0.041667
1 0.802865 0.115278 0.015104 0.034259
1 0.763542 0.094444 0.017708 0.038889
5 0.769792 0.156019 0.019792 0.023148
1 0.782813 0.093056 0.015625 0.032407
1 0.746094 0.068056 0.014063 0.032407
1 0.718750 0.023611 0.015625 0.030556
