8 0.136719 0.343056 0.047396 0.093519
5 0.121615 0.402778 0.025521 0.029630
8 0.179688 0.230556 0.044792 0.098148
8 0.148438 0.241204 0.032292 0.078704
8 0.191146 0.166667 0.035417 0.061111
8 0.229167 0.144444 0.033333 0.075926
5 0.217448 0.190278 0.027604 0.023148
8 0.242448 0.105556 0.028646 0.062963
8 0.210417 0.120833 0.030208 0.056481
9 0.276042 0.071296 0.041667 0.044444
9 0.277865 0.041204 0.031771 0.047222
9 0.305990 0.031944 0.030729 0.049074
9 0.392188 0.062500 0.045833 0.043519
8 0.346615 0.094444 0.051562 0.090741
8 0.432292 0.050463 0.039583 0.050926
9 0.432292 0.103241 0.046875 0.054630
9 0.477865 0.093056 0.053646 0.065741
8 0.470313 0.041667 0.039583 0.059259
8 0.510938 0.043519 0.037500 0.057407
8 0.549740 0.043519 0.039062 0.051852
8 0.526563 0.090741 0.042708 0.072222
9 0.565365 0.093519 0.041146 0.068519
8 0.591667 0.041667 0.042708 0.061111
9 0.637240 0.055556 0.036979 0.046296
8 0.609896 0.088426 0.040625 0.073148
8 0.653646 0.093056 0.045833 0.084259
9 0.699740 0.167593 0.055729 0.096296
8 0.652865 0.155556 0.043229 0.085185
8 0.615625 0.144444 0.043750 0.094444
8 0.572917 0.164815 0.060417 0.098148
5 0.482292 0.131019 0.019792 0.026852
8 0.507292 0.153241 0.045833 0.087963
8 0.454167 0.161111 0.060417 0.094444
8 0.392969 0.095833 0.044271 0.080556
9 0.401042 0.161574 0.054167 0.080556
9 0.355469 0.172222 0.047396 0.068519
9 0.310417 0.187500 0.045833 0.093519
8 0.270313 0.181019 0.050000 0.080556
8 0.239844 0.268056 0.054688 0.126852
8 0.288542 0.255556 0.057292 0.100000
8 0.346615 0.250463 0.060937 0.106481
9 0.407813 0.247685 0.066667 0.093519
9 0.467969 0.254630 0.057813 0.072222
8 0.528646 0.242130 0.068750 0.095370
8 0.632292 0.251852 0.061458 0.111111
8 0.696615 0.248611 0.055729 0.093519
9 0.749740 0.281019 0.059896 0.113889
5 0.673438 0.305556 0.028125 0.035185
5 0.699219 0.306019 0.026562 0.037963
8 0.778646 0.380556 0.057292 0.107407
9 0.720313 0.378241 0.066667 0.102778
9 0.654167 0.368519 0.066667 0.127778
9 0.584115 0.363426 0.077604 0.136111
7 0.734896 0.393056 0.031250 0.063889
7 0.659115 0.380556 0.030729 0.055556
3 0.649219 0.431019 0.020313 0.036111
3 0.728646 0.437037 0.022917 0.031481
8 0.511719 0.368981 0.074479 0.150926
8 0.454688 0.336111 0.060417 0.118519
8 0.385417 0.337037 0.079167 0.144444
8 0.312500 0.376389 0.087500 0.112037
9 0.251563 0.372685 0.053125 0.106481
8 0.197917 0.389352 0.055208 0.110185
9 0.146615 0.556944 0.070312 0.102778
9 0.219271 0.530093 0.057292 0.136111
8 0.274740 0.530556 0.080729 0.192593
8 0.351042 0.537963 0.082292 0.162963
8 0.433594 0.521296 0.082812 0.144444
8 0.600521 0.528704 0.097917 0.153704
9 0.685417 0.547222 0.083333 0.155556
8 0.755469 0.565278 0.076563 0.176852
9 0.823438 0.543519 0.071875 0.155556
8 0.669792 0.730556 0.107292 0.159259
8 0.966667 0.702315 0.066667 0.104630
4 0.990365 0.745833 0.019271 0.030556
8 0.901563 0.506019 0.062500 0.152778
9 0.860417 0.355556 0.048958 0.103704
8 0.904167 0.356019 0.045833 0.093519
9 0.821094 0.255093 0.060937 0.075000
8 0.859896 0.262500 0.035417 0.069444
8 0.791146 0.180556 0.048958 0.074074
3 0.792188 0.228704 0.013542 0.016667
8 0.832292 0.193056 0.037500 0.067593
8 0.757292 0.115741 0.040625 0.079630
8 0.797396 0.127778 0.032292 0.062963
9 0.779167 0.097222 0.026042 0.044444
9 0.735417 0.073611 0.029167 0.056481
8 0.714063 0.037037 0.030208 0.055556
9 0.746615 0.055093 0.022396 0.036111
5 0.388021 0.427778 0.051042 0.048148
5 0.452865 0.407870 0.051562 0.049074
5 0.239844 0.444907 0.029687 0.043519
3 0.501823 0.205556 0.011979 0.022222
5 0.662240 0.208796 0.041146 0.030556
3 0.580990 0.818519 0.031771 0.053704
3 0.934896 0.573148 0.012500 0.031481
1 0.124219 0.322222 0.021354 0.044444
6 0.131771 0.368056 0.023958 0.039815
2 0.145313 0.219444 0.020833 0.038889
1 0.166667 0.205556 0.018750 0.042593
1 0.186198 0.154167 0.015104 0.032407
2 0.221615 0.128704 0.016146 0.035185
3 0.216146 0.186111 0.009375 0.018519
0 0.207813 0.109259 0.014583 0.031481
0 0.236719 0.093056 0.014063 0.032407
1 0.271615 0.068056 0.016146 0.030556
4 0.270313 0.086574 0.013542 0.019444
1 0.277865 0.030556 0.014063 0.029630
1 0.301042 0.023611 0.014583 0.030556
0 0.348438 0.068519 0.017708 0.037037
1 0.391667 0.085648 0.021875 0.043519
1 0.429167 0.037500 0.014583 0.030556
1 0.439844 0.097222 0.020313 0.044444
5 0.434375 0.074074 0.028125 0.018519
1 0.469271 0.028241 0.015625 0.030556
1 0.483594 0.081481 0.020313 0.040741
1 0.529167 0.075000 0.019792 0.044444
4 0.527865 0.114352 0.022396 0.021296
1 0.515365 0.030556 0.014063 0.031481
6 0.511719 0.068056 0.019271 0.019444
1 0.551042 0.031019 0.015625 0.032407
1 0.566667 0.081019 0.019792 0.041667
1 0.596094 0.030556 0.017188 0.035185
5 0.592969 0.073611 0.017188 0.019444
1 0.644792 0.053241 0.017708 0.032407
1 0.654167 0.076389 0.018750 0.039815
1 0.614323 0.072222 0.018229 0.044444
1 0.259896 0.164815 0.020833 0.038889
1 0.306771 0.165741 0.020833 0.044444
1 0.352865 0.170833 0.020313 0.043519
2 0.398698 0.149074 0.024479 0.044444
3 0.390365 0.204630 0.011979 0.022222
1 0.449740 0.140278 0.022396 0.045370
4 0.449219 0.194907 0.024479 0.023148
1 0.509115 0.131019 0.021354 0.049074
2 0.582292 0.142130 0.023958 0.047222
4 0.573438 0.191204 0.020833 0.023148
1 0.624740 0.121759 0.021354 0.043519
4 0.621615 0.170370 0.015104 0.024074
5 0.618490 0.199537 0.023438 0.030556
1 0.657813 0.135648 0.020833 0.043519
4 0.662240 0.187500 0.017188 0.019444
2 0.690365 0.143056 0.022396 0.047222
4 0.707292 0.205556 0.019792 0.022222
1 0.761719 0.254630 0.026562 0.055556
4 0.759115 0.318056 0.023438 0.025000
1 0.696094 0.231019 0.023438 0.047222
4 0.694792 0.280556 0.025000 0.022222
1 0.634115 0.218519 0.023438 0.051852
4 0.635417 0.293519 0.026042 0.024074
1 0.532292 0.229167 0.026042 0.052778
4 0.527865 0.281019 0.020313 0.032407
1 0.465365 0.244444 0.027604 0.051852
4 0.466667 0.278704 0.031250 0.025926
1 0.399740 0.231019 0.026562 0.056481
4 0.410417 0.285648 0.021875 0.019444
1 0.346094 0.229630 0.024479 0.061111
4 0.341667 0.290741 0.021875 0.025926
1 0.279167 0.231481 0.023958 0.051852
4 0.279167 0.292593 0.019792 0.027778
1 0.239844 0.234722 0.023438 0.056481
5 0.294792 0.305556 0.028125 0.035185
5 0.253646 0.318519 0.023958 0.031481
4 0.302865 0.210185 0.017188 0.018519
1 0.190365 0.371296 0.027604 0.053704
4 0.188021 0.430093 0.021875 0.030556
1 0.240365 0.368981 0.026562 0.056481
4 0.244792 0.416667 0.026042 0.027778
1 0.302865 0.353704 0.032813 0.061111
4 0.304688 0.415741 0.032292 0.027778
0 0.372917 0.301389 0.029167 0.063889
1 0.447917 0.307407 0.026042 0.051852
1 0.509115 0.328704 0.028646 0.061111
3 0.508594 0.418519 0.015104 0.029630
6 0.516146 0.418519 0.052083 0.055556
4 0.590365 0.415278 0.021354 0.037963
1 0.596875 0.354167 0.031250 0.056481
1 0.791667 0.355093 0.027083 0.052778
4 0.779167 0.420833 0.020833 0.030556
1 0.837240 0.535185 0.034896 0.068519
4 0.830990 0.606019 0.022396 0.028704
0 0.771094 0.514352 0.029687 0.073148
6 0.775521 0.619444 0.051042 0.059259
1 0.698438 0.543519 0.038542 0.074074
4 0.672917 0.605556 0.026042 0.057407
1 0.597917 0.505556 0.038542 0.079630
4 0.591667 0.582407 0.032292 0.037037
1 0.426042 0.492130 0.033333 0.082407
4 0.426042 0.579630 0.032292 0.033333
1 0.346615 0.493056 0.031771 0.071296
4 0.349740 0.605556 0.028646 0.031481
0 0.273438 0.476852 0.032292 0.074074
3 0.262240 0.615278 0.018229 0.039815
2 0.216667 0.493056 0.029167 0.065741
3 0.179688 0.606019 0.015625 0.037963
6 0.204167 0.603241 0.052083 0.065741
1 0.132292 0.556019 0.030208 0.056481
4 0.136719 0.606019 0.020313 0.037963
0 0.689063 0.700000 0.037500 0.094444
5 0.699740 0.618519 0.053646 0.070370
5 0.710417 0.839815 0.070833 0.096296
0 0.918490 0.455556 0.021354 0.057407
1 0.872917 0.330556 0.022917 0.046296
1 0.917448 0.331019 0.018229 0.043519
5 0.905469 0.393981 0.022396 0.037963
1 0.831771 0.243519 0.021875 0.044444
4 0.824740 0.280556 0.021354 0.020370
1 0.868490 0.253241 0.017188 0.041667
1 0.803646 0.165278 0.019792 0.039815
1 0.840365 0.181019 0.016146 0.041667
1 0.764844 0.093519 0.018229 0.037037
1 0.802865 0.115741 0.014063 0.037037
5 0.769792 0.156019 0.021875 0.021296
1 0.782292 0.093519 0.015625 0.031481
1 0.718490 0.021759 0.013021 0.030556
1 0.749740 0.050926 0.013021 0.025926
1 0.738542 0.060185 0.014583 0.031481
5 0.492188 0.935648 0.073958 0.128704
