8 0.137240 0.343056 0.043229 0.091667
5 0.121615 0.402778 0.025521 0.029630
8 0.180990 0.237963 0.049479 0.094444
8 0.149219 0.237037 0.032813 0.081481
8 0.190365 0.167593 0.035937 0.061111
8 0.227865 0.153704 0.043229 0.072222
5 0.217188 0.193519 0.029167 0.024074
9 0.246615 0.105556 0.032813 0.055556
8 0.209115 0.118056 0.027604 0.054630
9 0.276042 0.068981 0.039583 0.047222
9 0.277865 0.040741 0.030729 0.046296
8 0.307292 0.031019 0.032292 0.049074
9 0.390365 0.061574 0.047396 0.043519
9 0.349740 0.103241 0.044271 0.082407
8 0.430990 0.047685 0.040104 0.054630
9 0.438542 0.104167 0.045833 0.056481
9 0.480990 0.093056 0.050521 0.067593
8 0.470313 0.040741 0.038542 0.059259
8 0.510938 0.043519 0.037500 0.057407
8 0.549219 0.043519 0.043229 0.059259
9 0.524740 0.104630 0.053646 0.062963
8 0.562240 0.093981 0.038021 0.076852
8 0.591146 0.043056 0.040625 0.058333
9 0.637240 0.056019 0.039062 0.049074
8 0.602865 0.080556 0.046354 0.072222
8 0.652865 0.094907 0.045312 0.087963
9 0.698438 0.167130 0.057292 0.084259
8 0.652865 0.155556 0.043229 0.087037
8 0.610938 0.143519 0.044792 0.101852
8 0.571615 0.155556 0.064062 0.098148
5 0.482292 0.131019 0.019792 0.026852
8 0.507292 0.152315 0.045833 0.087963
8 0.452865 0.160648 0.058854 0.093519
8 0.396615 0.098611 0.043229 0.080556
8 0.399740 0.167593 0.053646 0.098148
9 0.353646 0.173611 0.044792 0.069444
8 0.312240 0.189352 0.045312 0.087963
8 0.266667 0.193519 0.048958 0.074074
8 0.237240 0.268519 0.058854 0.114815
8 0.294792 0.244444 0.051042 0.098148
8 0.346615 0.252778 0.061979 0.107407
9 0.408594 0.247685 0.067187 0.093519
9 0.468490 0.255556 0.054688 0.070370
8 0.529167 0.243056 0.066667 0.102778
8 0.632292 0.250926 0.060417 0.112963
8 0.697917 0.255556 0.055208 0.100000
8 0.747917 0.274537 0.056250 0.119444
5 0.673438 0.305556 0.028125 0.035185
8 0.777865 0.372222 0.057813 0.131481
9 0.720313 0.378241 0.066667 0.102778
9 0.654948 0.368519 0.065104 0.125926
9 0.585938 0.360648 0.079167 0.132407
7 0.734896 0.393056 0.031250 0.063889
7 0.659115 0.380556 0.030729 0.055556
3 0.649219 0.431019 0.020313 0.036111
3 0.729167 0.430556 0.022917 0.031481
8 0.512240 0.355556 0.067187 0.157407
8 0.452865 0.335648 0.059896 0.119444
8 0.385417 0.331944 0.079167 0.149074
9 0.309115 0.379167 0.080729 0.112037
9 0.251823 0.369907 0.056771 0.106481
8 0.197917 0.388889 0.057292 0.111111
9 0.146615 0.560185 0.067187 0.105556
9 0.201042 0.528241 0.083333 0.126852
9 0.270313 0.556019 0.090625 0.115741
8 0.365365 0.523611 0.083854 0.156481
8 0.430990 0.518519 0.080729 0.151852
8 0.599740 0.526389 0.099479 0.149074
9 0.684896 0.536111 0.081250 0.144444
8 0.751563 0.543056 0.068750 0.175000
9 0.819792 0.543056 0.079167 0.152778
8 0.677865 0.745370 0.113021 0.174074
5 0.731771 0.843519 0.046875 0.090741
5 0.524740 0.938889 0.061979 0.122222
8 0.965365 0.706019 0.068229 0.112037
4 0.982292 0.748611 0.016667 0.030556
8 0.905990 0.493056 0.067187 0.143519
9 0.860417 0.348148 0.054167 0.092593
9 0.901563 0.364815 0.040625 0.096296
8 0.813542 0.237500 0.051042 0.093519
8 0.855990 0.256019 0.042188 0.067593
8 0.788542 0.181019 0.045833 0.073148
3 0.792188 0.228241 0.013542 0.015741
8 0.832292 0.193056 0.037500 0.067593
8 0.755990 0.118056 0.042188 0.086111
8 0.797396 0.127778 0.032292 0.062963
9 0.780990 0.093056 0.026562 0.043519
9 0.735417 0.079630 0.029167 0.044444
8 0.714323 0.040741 0.030729 0.061111
9 0.745313 0.054167 0.025000 0.039815
5 0.387240 0.419907 0.050521 0.049074
5 0.452865 0.409259 0.053646 0.055556
5 0.239844 0.444907 0.029687 0.043519
3 0.501823 0.205556 0.011979 0.022222
1 0.127865 0.324074 0.020313 0.044444
1 0.147917 0.218056 0.018750 0.043519
1 0.170313 0.217130 0.020833 0.043519
6 0.129688 0.368056 0.021875 0.034259
1 0.185938 0.155556 0.015625 0.033333
1 0.218750 0.135185 0.015625 0.042593
1 0.209115 0.108333 0.011979 0.031481
1 0.243490 0.095833 0.014063 0.030556
1 0.272917 0.065278 0.014583 0.028704
4 0.270313 0.087037 0.014583 0.018519
0 0.354167 0.080556 0.018750 0.038889
4 0.388542 0.129167 0.018750 0.021296
1 0.427865 0.037500 0.015104 0.030556
5 0.434896 0.074537 0.028125 0.019444
1 0.439844 0.093056 0.020313 0.037963
1 0.468750 0.025463 0.015625 0.030556
1 0.482292 0.080556 0.023958 0.040741
1 0.514323 0.030556 0.015104 0.033333
6 0.513542 0.068056 0.021875 0.021296
2 0.535417 0.093056 0.019792 0.041667
1 0.554167 0.030556 0.016667 0.031481
6 0.542969 0.067593 0.019271 0.022222
1 0.560417 0.079167 0.020833 0.043519
1 0.597917 0.031481 0.017708 0.040741
1 0.607292 0.068519 0.019792 0.040741
1 0.654167 0.077315 0.019792 0.041667
1 0.643490 0.050000 0.016146 0.031481
2 0.689063 0.146759 0.023958 0.043519
1 0.656771 0.134722 0.020833 0.043519
4 0.663021 0.185185 0.017708 0.018519
5 0.662240 0.210185 0.039062 0.031481
1 0.612500 0.117130 0.021875 0.047222
0 0.577865 0.130556 0.023438 0.046296
6 0.576042 0.193519 0.037500 0.027778
3 0.557813 0.208796 0.015625 0.019444
1 0.509896 0.131019 0.020833 0.049074
1 0.450521 0.141204 0.022917 0.050926
4 0.447917 0.195370 0.022917 0.024074
2 0.408594 0.143056 0.023438 0.045370
4 0.386719 0.204630 0.017188 0.025926
1 0.352865 0.168519 0.021354 0.042593
1 0.306250 0.166204 0.021875 0.041667
4 0.302865 0.207870 0.016146 0.025000
1 0.269271 0.181019 0.021875 0.041667
1 0.224740 0.241204 0.023438 0.049074
4 0.231771 0.314815 0.022917 0.022222
3 0.268490 0.323611 0.017188 0.019444
1 0.280990 0.218981 0.023438 0.045370
1 0.348438 0.228241 0.025000 0.058333
4 0.341667 0.292130 0.020833 0.026852
1 0.401042 0.229167 0.026042 0.056481
4 0.409115 0.285648 0.018229 0.028704
1 0.465365 0.250000 0.026562 0.055556
1 0.529167 0.218056 0.023958 0.054630
4 0.527865 0.280556 0.020313 0.031481
1 0.634115 0.218519 0.023438 0.053704
4 0.634115 0.293056 0.025521 0.025000
1 0.705990 0.229167 0.021354 0.050926
4 0.703125 0.291667 0.025000 0.040741
1 0.759115 0.244907 0.026562 0.056481
4 0.755990 0.318056 0.024479 0.026852
1 0.787240 0.341667 0.025521 0.061111
4 0.779167 0.420833 0.023958 0.030556
1 0.597396 0.352778 0.032292 0.061111
4 0.590365 0.412963 0.023438 0.037037
1 0.514844 0.311111 0.029687 0.068519
6 0.516667 0.416667 0.050000 0.048148
3 0.484896 0.420833 0.014583 0.030556
1 0.446615 0.305556 0.028646 0.055556
0 0.372396 0.293519 0.029167 0.066667
1 0.310417 0.365741 0.030208 0.061111
4 0.306771 0.418056 0.033333 0.034259
1 0.244271 0.368519 0.025000 0.051852
4 0.246875 0.416667 0.025000 0.027778
1 0.191667 0.368981 0.026042 0.050926
4 0.188542 0.428241 0.021875 0.030556
2 0.135417 0.539815 0.030208 0.059259
3 0.138542 0.605556 0.014583 0.035185
2 0.185417 0.497685 0.032292 0.069444
3 0.182292 0.605556 0.018750 0.038889
5 0.205990 0.606944 0.052604 0.063889
1 0.262240 0.547222 0.035937 0.068519
4 0.257292 0.606019 0.026042 0.045370
1 0.352344 0.480556 0.032813 0.070370
4 0.371615 0.588889 0.024479 0.025926
1 0.412240 0.485648 0.040104 0.080556
4 0.424740 0.581019 0.029687 0.032407
1 0.597917 0.505093 0.035417 0.078704
4 0.591667 0.581481 0.031250 0.035185
1 0.698698 0.543056 0.040104 0.073148
4 0.676042 0.604630 0.025000 0.062963
5 0.698698 0.618519 0.053646 0.068519
1 0.762240 0.493056 0.028646 0.069444
6 0.773438 0.605556 0.055208 0.072222
1 0.837500 0.531481 0.034375 0.072222
4 0.830990 0.606481 0.021354 0.031481
1 0.702865 0.722685 0.042188 0.080556
4 0.697396 0.811111 0.042708 0.044444
1 0.921615 0.454167 0.024479 0.058333
4 0.926042 0.548611 0.023958 0.030556
1 0.876563 0.337963 0.023958 0.050000
1 0.910417 0.343519 0.020833 0.051852
4 0.867969 0.391204 0.017188 0.030556
1 0.824219 0.218056 0.020313 0.049074
1 0.868490 0.244907 0.018229 0.043519
5 0.835417 0.291204 0.036458 0.034259
1 0.803125 0.166667 0.018750 0.040741
1 0.841667 0.180556 0.018750 0.042593
1 0.763542 0.093981 0.017708 0.039815
5 0.769792 0.155556 0.020833 0.025926
1 0.802865 0.116204 0.014063 0.037963
1 0.782292 0.093056 0.017708 0.034259
1 0.749219 0.044444 0.011979 0.027778
1 0.719792 0.027778 0.014583 0.033333
