8 0.135417 0.341667 0.042708 0.094444
5 0.121615 0.402778 0.025521 0.029630
8 0.180990 0.240741 0.046354 0.090741
8 0.150521 0.241667 0.030208 0.079630
8 0.190365 0.168519 0.035937 0.061111
8 0.227865 0.146759 0.042188 0.069444
5 0.217188 0.193519 0.029167 0.024074
9 0.246615 0.105556 0.032813 0.055556
8 0.207813 0.118056 0.029167 0.054630
9 0.276042 0.068056 0.040625 0.047222
8 0.278646 0.040278 0.033333 0.050926
8 0.309375 0.030556 0.028125 0.050000
9 0.391667 0.060185 0.045833 0.044444
9 0.349740 0.118056 0.042188 0.056481
8 0.432292 0.043981 0.039583 0.050926
9 0.438542 0.104167 0.045833 0.056481
9 0.478646 0.093519 0.052083 0.064815
8 0.470313 0.040741 0.037500 0.059259
8 0.510938 0.043519 0.037500 0.057407
8 0.549219 0.043519 0.043229 0.059259
9 0.524219 0.105556 0.054688 0.059259
9 0.566667 0.090741 0.041667 0.072222
8 0.590365 0.043056 0.039062 0.058333
9 0.637240 0.055556 0.040104 0.050000
8 0.605469 0.081481 0.039062 0.081481
8 0.652865 0.093519 0.044271 0.083333
9 0.704167 0.177778 0.058333 0.074074
8 0.654167 0.164352 0.048958 0.078704
8 0.613021 0.142130 0.044792 0.102778
8 0.569792 0.164815 0.060417 0.096296
5 0.482292 0.131019 0.019792 0.026852
8 0.507292 0.152315 0.045833 0.087963
8 0.452344 0.155556 0.057813 0.094444
8 0.396615 0.097685 0.042188 0.069444
8 0.399740 0.165741 0.053646 0.098148
9 0.353646 0.168981 0.044792 0.069444
8 0.312240 0.190278 0.045312 0.087963
9 0.267448 0.193056 0.047396 0.069444
8 0.239844 0.271759 0.052604 0.119444
8 0.287240 0.248611 0.053646 0.106481
8 0.348438 0.248148 0.064583 0.105556
9 0.407813 0.247222 0.066667 0.094444
9 0.469271 0.255556 0.055208 0.070370
8 0.527865 0.240278 0.068229 0.100926
8 0.630990 0.253241 0.063021 0.106481
8 0.694792 0.242593 0.059375 0.105556
8 0.747917 0.275000 0.056250 0.118519
5 0.673438 0.305556 0.028125 0.035185
5 0.699219 0.306019 0.026562 0.037963
8 0.777344 0.379630 0.055729 0.114815
9 0.720313 0.377315 0.066667 0.102778
9 0.654167 0.355556 0.065625 0.105556
9 0.584896 0.358333 0.078125 0.131481
7 0.734896 0.393056 0.031250 0.063889
7 0.659115 0.380556 0.030729 0.055556
3 0.649219 0.431019 0.020313 0.036111
3 0.729167 0.430556 0.022917 0.031481
8 0.507292 0.356019 0.062500 0.150926
8 0.449740 0.335185 0.064062 0.118519
8 0.385417 0.342130 0.078125 0.136111
9 0.309115 0.380093 0.080729 0.112037
9 0.252865 0.372685 0.057813 0.106481
8 0.199740 0.389352 0.057813 0.110185
9 0.145313 0.560648 0.069792 0.093519
9 0.212240 0.518056 0.073438 0.141667
9 0.279167 0.549074 0.070833 0.105556
8 0.369792 0.521759 0.076042 0.169444
8 0.432292 0.518981 0.080208 0.150926
8 0.599740 0.525926 0.101562 0.151852
9 0.684115 0.531019 0.082812 0.139815
8 0.752344 0.530556 0.070312 0.166667
9 0.823438 0.543519 0.073958 0.153704
8 0.679948 0.749537 0.111979 0.180556
5 0.730469 0.843519 0.048438 0.088889
5 0.524740 0.938889 0.061979 0.122222
8 0.965365 0.706019 0.068229 0.112037
4 0.982292 0.755556 0.016667 0.031481
8 0.904167 0.493981 0.066667 0.112037
9 0.860938 0.348611 0.054167 0.082407
9 0.901563 0.364815 0.040625 0.096296
8 0.816667 0.241667 0.052083 0.087037
8 0.855990 0.255556 0.041146 0.064815
8 0.790625 0.180556 0.046875 0.072222
3 0.793490 0.228241 0.013021 0.015741
8 0.832292 0.193056 0.037500 0.067593
8 0.755990 0.118056 0.042188 0.086111
8 0.797396 0.127778 0.032292 0.062963
9 0.780990 0.094907 0.026562 0.043519
9 0.735938 0.079630 0.029167 0.046296
8 0.714323 0.040741 0.030729 0.061111
8 0.745313 0.053241 0.025000 0.039815
5 0.388542 0.420370 0.052083 0.044444
5 0.452865 0.408333 0.053646 0.055556
5 0.239844 0.445833 0.029687 0.043519
3 0.501823 0.205556 0.011979 0.022222
1 0.128646 0.318056 0.020833 0.043519
5 0.130990 0.368519 0.020313 0.035185
1 0.145313 0.223148 0.018750 0.044444
1 0.170573 0.217593 0.019271 0.042593
1 0.185938 0.155556 0.014583 0.033333
1 0.219792 0.131019 0.015625 0.037963
1 0.209115 0.108333 0.013021 0.031481
1 0.243490 0.095833 0.014063 0.030556
1 0.272917 0.065741 0.014583 0.031481
1 0.306771 0.018519 0.014583 0.027778
7 0.338021 0.118056 0.020833 0.034259
1 0.396615 0.081019 0.020313 0.039815
1 0.427865 0.036111 0.014063 0.031481
5 0.434375 0.073148 0.028125 0.018519
1 0.439844 0.093519 0.020313 0.035185
1 0.469792 0.025463 0.014583 0.030556
1 0.515625 0.030093 0.015625 0.032407
6 0.514844 0.068519 0.024479 0.020370
1 0.482292 0.089352 0.020833 0.037963
1 0.530990 0.103704 0.021354 0.040741
4 0.526042 0.130556 0.015625 0.022222
1 0.554688 0.031019 0.016667 0.032407
1 0.596615 0.031019 0.018229 0.036111
0 0.569792 0.076389 0.019792 0.039815
1 0.600000 0.067130 0.018750 0.039815
1 0.644271 0.049537 0.016667 0.030556
1 0.652865 0.076852 0.019271 0.040741
1 0.714063 0.168056 0.021875 0.041667
1 0.658594 0.143519 0.019271 0.040741
5 0.655990 0.207870 0.029687 0.030556
5 0.621615 0.196759 0.022396 0.030556
1 0.613542 0.116667 0.021875 0.048148
1 0.577865 0.140741 0.023438 0.046296
3 0.558073 0.207870 0.013021 0.019444
3 0.573438 0.193519 0.028125 0.029630
1 0.509115 0.131019 0.020313 0.047222
1 0.451042 0.136111 0.021875 0.044444
4 0.447917 0.193519 0.026042 0.022222
1 0.403646 0.137500 0.021875 0.043519
4 0.385417 0.204630 0.019792 0.025926
1 0.352865 0.168056 0.020313 0.041667
1 0.304948 0.166204 0.022396 0.043519
4 0.302865 0.206019 0.019271 0.025000
1 0.269792 0.180556 0.017708 0.040741
1 0.232813 0.241667 0.022917 0.044444
4 0.227865 0.318056 0.020313 0.026852
1 0.275521 0.223611 0.023958 0.056481
1 0.347917 0.228704 0.023958 0.059259
4 0.342969 0.291667 0.021354 0.025926
1 0.401042 0.230556 0.026042 0.057407
4 0.409115 0.285185 0.019271 0.018519
1 0.465365 0.252778 0.026562 0.053704
4 0.469792 0.280556 0.026042 0.024074
1 0.529167 0.218519 0.025000 0.057407
4 0.527865 0.281481 0.019271 0.031481
1 0.632292 0.226852 0.023958 0.053704
4 0.634115 0.293056 0.026562 0.025000
2 0.702344 0.215278 0.028646 0.049074
3 0.703646 0.302778 0.013542 0.025926
1 0.760417 0.243056 0.029167 0.054630
4 0.756771 0.318519 0.026042 0.027778
1 0.788542 0.348611 0.027083 0.056481
4 0.779167 0.421759 0.023958 0.030556
1 0.837240 0.530556 0.032813 0.068519
4 0.831771 0.606019 0.021875 0.030556
6 0.765365 0.613889 0.035937 0.061111
0 0.768490 0.480556 0.028646 0.070370
1 0.696615 0.540278 0.040104 0.071296
4 0.674740 0.602315 0.026562 0.062037
5 0.697917 0.618519 0.055208 0.070370
1 0.597917 0.497685 0.035417 0.080556
4 0.590365 0.581019 0.033854 0.037963
1 0.419271 0.491667 0.036458 0.083333
4 0.424219 0.580093 0.026562 0.032407
1 0.362240 0.478241 0.030729 0.071296
4 0.394271 0.591204 0.025000 0.032407
1 0.260417 0.543056 0.033333 0.062037
4 0.260417 0.599074 0.020833 0.055556
0 0.192188 0.480556 0.027083 0.068519
5 0.207292 0.606019 0.052083 0.060185
3 0.180990 0.605556 0.018229 0.037037
1 0.130469 0.563889 0.029687 0.061111
4 0.136719 0.606019 0.020313 0.037963
5 0.154167 0.612500 0.029167 0.056481
1 0.699219 0.724074 0.043229 0.081481
4 0.694792 0.818056 0.037500 0.043519
1 0.596615 0.352778 0.031771 0.059259
4 0.589844 0.410648 0.020313 0.030556
2 0.498698 0.313426 0.033854 0.063889
4 0.488542 0.416667 0.023958 0.048148
2 0.432292 0.305556 0.029167 0.055556
2 0.377865 0.306019 0.033854 0.063889
1 0.311719 0.363889 0.032813 0.062963
4 0.306771 0.417593 0.037500 0.035185
1 0.243490 0.368519 0.028646 0.053704
4 0.247917 0.416667 0.021875 0.025926
1 0.192188 0.368519 0.027083 0.051852
4 0.188542 0.428241 0.023958 0.032407
3 0.141667 0.379630 0.010417 0.024074
4 0.926823 0.541204 0.018229 0.025000
1 0.925521 0.468056 0.023958 0.056481
1 0.876042 0.339352 0.020833 0.047222
1 0.912240 0.343519 0.019271 0.050000
4 0.868490 0.389815 0.017188 0.029630
1 0.830469 0.222222 0.020313 0.044444
1 0.868490 0.243519 0.017188 0.040741
6 0.827344 0.268519 0.032813 0.025926
1 0.803646 0.166204 0.017708 0.041667
1 0.841667 0.180556 0.017708 0.042593
1 0.763542 0.094444 0.017708 0.037037
5 0.769792 0.155556 0.020833 0.024074
1 0.802865 0.115741 0.017188 0.037037
1 0.782292 0.093519 0.016667 0.031481
1 0.749219 0.043981 0.011979 0.028704
1 0.719792 0.028704 0.014583 0.031481
