8 0.136719 0.343056 0.046354 0.089815
5 0.121615 0.402778 0.025521 0.029630
8 0.178646 0.230556 0.043750 0.101852
8 0.149740 0.240741 0.032813 0.081481
8 0.188542 0.166204 0.031250 0.060185
9 0.216146 0.167593 0.043750 0.064815
6 0.217448 0.190278 0.027604 0.023148
8 0.246615 0.106481 0.032813 0.059259
8 0.211719 0.118056 0.032813 0.052778
9 0.276042 0.073148 0.042708 0.044444
8 0.278646 0.037500 0.033333 0.056481
9 0.306771 0.036574 0.030208 0.054630
9 0.392188 0.060185 0.045833 0.044444
8 0.348438 0.110648 0.043750 0.069444
8 0.432292 0.050463 0.039583 0.050926
8 0.432292 0.093056 0.044792 0.071296
9 0.477865 0.093056 0.053646 0.065741
8 0.470313 0.041667 0.039583 0.059259
8 0.510938 0.043519 0.037500 0.057407
8 0.549740 0.043056 0.040104 0.054630
8 0.526563 0.091667 0.043750 0.074074
8 0.565365 0.092593 0.042188 0.070370
8 0.590365 0.043056 0.039062 0.058333
9 0.638542 0.055093 0.038542 0.047222
8 0.608594 0.087500 0.041146 0.080556
8 0.652865 0.093519 0.046354 0.081481
9 0.699740 0.168519 0.054688 0.087037
8 0.652865 0.158333 0.042188 0.081481
8 0.613542 0.145370 0.043750 0.094444
8 0.573438 0.163889 0.060417 0.100000
5 0.482292 0.132870 0.019792 0.026852
8 0.507292 0.153241 0.045833 0.087963
8 0.453646 0.158333 0.060417 0.094444
8 0.396615 0.096759 0.044271 0.080556
9 0.401042 0.162963 0.054167 0.081481
9 0.355469 0.172685 0.047396 0.069444
9 0.310417 0.193056 0.045833 0.086111
9 0.270313 0.193519 0.042708 0.061111
8 0.240365 0.267130 0.054688 0.126852
8 0.288542 0.255556 0.057292 0.100000
8 0.346615 0.250926 0.060937 0.105556
9 0.406771 0.248148 0.066667 0.094444
9 0.467969 0.254630 0.057813 0.072222
8 0.528646 0.242130 0.068750 0.095370
8 0.632292 0.251852 0.061458 0.111111
8 0.696615 0.245833 0.055729 0.093519
8 0.749740 0.273148 0.059896 0.118519
5 0.673438 0.305556 0.028125 0.035185
5 0.699219 0.306019 0.026562 0.037963
8 0.778646 0.380556 0.057292 0.107407
9 0.720313 0.378241 0.066667 0.102778
9 0.654167 0.368519 0.066667 0.125926
9 0.584115 0.363426 0.077604 0.136111
7 0.734896 0.393056 0.031250 0.063889
7 0.659115 0.380556 0.030729 0.055556
3 0.649219 0.431019 0.020313 0.036111
3 0.728646 0.437500 0.022917 0.030556
8 0.504167 0.368519 0.077083 0.153704
8 0.451042 0.333333 0.051042 0.118519
8 0.385417 0.335648 0.082292 0.143519
9 0.309115 0.380093 0.080729 0.112037
9 0.251823 0.370370 0.053646 0.100000
8 0.197917 0.389352 0.055208 0.110185
9 0.146615 0.556019 0.070312 0.102778
9 0.214844 0.529630 0.060937 0.151852
9 0.268490 0.555556 0.085938 0.116667
8 0.350521 0.534259 0.082292 0.162963
8 0.433594 0.522222 0.082812 0.144444
8 0.599740 0.526389 0.100521 0.150926
9 0.685417 0.540278 0.084375 0.149074
8 0.755469 0.539352 0.075521 0.123148
9 0.823438 0.543519 0.071875 0.155556
8 0.669792 0.733333 0.111458 0.181481
5 0.524740 0.938889 0.061979 0.122222
8 0.966667 0.702315 0.066667 0.104630
4 0.990365 0.748611 0.019271 0.030556
8 0.902865 0.503704 0.064062 0.159259
9 0.860417 0.355556 0.048958 0.103704
9 0.899740 0.356019 0.036979 0.095370
9 0.822917 0.255093 0.057292 0.075000
8 0.859896 0.265278 0.035417 0.067593
8 0.794792 0.181019 0.045833 0.073148
3 0.792188 0.228704 0.013542 0.016667
8 0.832292 0.193056 0.037500 0.067593
8 0.757292 0.118519 0.041667 0.085185
8 0.797396 0.127778 0.032292 0.062963
9 0.779167 0.097685 0.026042 0.043519
9 0.736719 0.077315 0.028646 0.047222
8 0.712240 0.040741 0.031771 0.059259
8 0.745313 0.053241 0.025000 0.039815
5 0.388021 0.427778 0.051042 0.048148
5 0.452344 0.406944 0.051562 0.049074
5 0.239844 0.445833 0.029687 0.043519
3 0.501823 0.205556 0.011979 0.022222
5 0.662240 0.209722 0.041146 0.030556
3 0.580469 0.821759 0.031771 0.056481
3 0.934896 0.573611 0.012500 0.030556
1 0.126042 0.330556 0.020833 0.044444
6 0.130990 0.368519 0.024479 0.031481
1 0.146094 0.218519 0.020313 0.038889
1 0.166667 0.204167 0.019792 0.043519
1 0.186719 0.154630 0.017188 0.033333
1 0.215365 0.156019 0.018229 0.041667
0 0.209115 0.105556 0.014063 0.027778
1 0.242448 0.093519 0.015104 0.031481
1 0.273438 0.066204 0.016667 0.030556
4 0.269792 0.088889 0.014583 0.014815
1 0.299740 0.027778 0.014063 0.027778
1 0.278646 0.025926 0.014583 0.031481
1 0.341667 0.093519 0.018750 0.040741
4 0.360938 0.135185 0.013542 0.018519
4 0.388542 0.127778 0.017708 0.020370
1 0.396615 0.081019 0.021354 0.039815
1 0.429948 0.080093 0.018229 0.039815
1 0.429688 0.040741 0.014583 0.029630
1 0.483594 0.081944 0.021354 0.039815
1 0.471615 0.026389 0.015104 0.030556
1 0.514844 0.031019 0.014063 0.032407
1 0.530990 0.074537 0.020313 0.043519
1 0.552865 0.031944 0.017188 0.032407
1 0.564063 0.080093 0.019792 0.039815
6 0.511719 0.068519 0.018229 0.022222
4 0.477865 0.116204 0.017188 0.019444
4 0.529167 0.118056 0.019792 0.019444
1 0.597396 0.030556 0.017708 0.035185
0 0.614323 0.068981 0.018229 0.041667
1 0.644271 0.049537 0.016667 0.030556
1 0.652865 0.075000 0.020313 0.044444
2 0.689323 0.150926 0.021354 0.048148
1 0.658073 0.141204 0.021354 0.041667
1 0.621094 0.124537 0.023438 0.043519
1 0.575521 0.138889 0.025000 0.048148
4 0.571615 0.192593 0.020313 0.022222
4 0.616146 0.180556 0.016667 0.020370
4 0.663021 0.187500 0.015625 0.019444
4 0.708594 0.205556 0.018229 0.024074
5 0.619271 0.200000 0.023958 0.031481
1 0.509115 0.131019 0.021354 0.049074
1 0.451042 0.135648 0.023958 0.043519
4 0.447917 0.193519 0.026042 0.027778
2 0.407813 0.144444 0.025000 0.046296
3 0.390365 0.205093 0.011979 0.021296
1 0.352344 0.169444 0.020313 0.042593
1 0.304948 0.175926 0.022396 0.044444
3 0.306771 0.212963 0.010417 0.018519
6 0.309896 0.218519 0.032292 0.031481
1 0.263542 0.193519 0.021875 0.038889
0 0.233073 0.231019 0.024479 0.049074
6 0.239844 0.312963 0.042188 0.044444
4 0.279167 0.292130 0.021875 0.028704
1 0.279167 0.235185 0.023958 0.055556
5 0.294792 0.306019 0.026042 0.034259
1 0.346875 0.229630 0.025000 0.059259
4 0.341667 0.290741 0.021875 0.029630
1 0.401042 0.231019 0.027083 0.056481
4 0.409115 0.285185 0.020313 0.020370
1 0.466146 0.249074 0.027083 0.055556
4 0.474219 0.278704 0.017188 0.025926
4 0.527344 0.279167 0.021354 0.039815
1 0.531771 0.230556 0.026042 0.057407
1 0.634115 0.220833 0.023438 0.056481
1 0.694792 0.229167 0.023958 0.050926
1 0.766146 0.243056 0.027083 0.056481
4 0.635417 0.293056 0.027083 0.026852
4 0.694792 0.281019 0.020833 0.023148
4 0.760938 0.318056 0.030208 0.026852
4 0.780469 0.418056 0.020313 0.030556
1 0.791667 0.356019 0.027083 0.054630
1 0.597917 0.354630 0.034375 0.061111
4 0.590365 0.414815 0.025521 0.035185
2 0.482292 0.329167 0.032292 0.063889
6 0.516146 0.418056 0.052083 0.050926
1 0.453125 0.305556 0.028125 0.055556
0 0.367188 0.299537 0.029167 0.069444
1 0.311198 0.365741 0.031771 0.062963
4 0.307292 0.416667 0.034375 0.033333
4 0.246094 0.415741 0.025521 0.027778
4 0.188542 0.429167 0.022917 0.028704
1 0.191667 0.369444 0.026042 0.050000
1 0.242188 0.368519 0.028125 0.051852
1 0.131771 0.556019 0.029167 0.056481
4 0.136719 0.605556 0.021354 0.035185
0 0.205990 0.491667 0.028646 0.068519
3 0.180990 0.605556 0.017188 0.038889
6 0.205469 0.600463 0.048438 0.069444
1 0.261719 0.545370 0.032813 0.064815
4 0.258073 0.606019 0.024479 0.041667
1 0.346615 0.493519 0.030729 0.072222
1 0.424219 0.493056 0.032813 0.084259
4 0.349740 0.603704 0.030729 0.029630
4 0.426042 0.580556 0.029167 0.031481
4 0.592969 0.580556 0.029687 0.037037
1 0.597917 0.506019 0.038542 0.076852
1 0.699219 0.543056 0.040104 0.076852
4 0.673438 0.605556 0.027083 0.057407
0 0.771094 0.512500 0.031771 0.069444
5 0.774740 0.619907 0.053646 0.058333
1 0.836719 0.531944 0.033854 0.067593
4 0.830990 0.606944 0.021354 0.028704
1 0.691667 0.691667 0.040625 0.081481
6 0.705990 0.817593 0.067187 0.101852
0 0.918490 0.453241 0.022396 0.058333
1 0.873698 0.330093 0.021354 0.047222
0 0.905469 0.331019 0.019271 0.049074
1 0.830990 0.243056 0.021354 0.047222
1 0.868490 0.253241 0.016146 0.041667
4 0.827865 0.280556 0.017188 0.022222
1 0.807813 0.167593 0.020833 0.042593
1 0.841146 0.181019 0.017708 0.039815
1 0.763542 0.093981 0.018750 0.037963
1 0.802865 0.114352 0.017188 0.039815
1 0.782292 0.093056 0.016667 0.030556
1 0.749219 0.044907 0.011979 0.028704
1 0.718490 0.026389 0.014063 0.030556
7 0.737240 0.067593 0.014063 0.024074
