8 0.137500 0.343519 0.046875 0.094444
5 0.121615 0.402778 0.025521 0.029630
8 0.177865 0.231019 0.043229 0.104630
8 0.148438 0.236111 0.032292 0.081481
8 0.187240 0.168056 0.030729 0.058333
8 0.216667 0.163889 0.042708 0.077778
6 0.216667 0.192130 0.028125 0.021296
8 0.246094 0.105556 0.032813 0.059259
8 0.210938 0.118056 0.034375 0.050926
9 0.276042 0.068056 0.041667 0.045370
9 0.278646 0.039815 0.032292 0.050000
9 0.308073 0.030556 0.033854 0.048148
9 0.392188 0.061111 0.045833 0.044444
9 0.344271 0.113426 0.050000 0.062037
8 0.432292 0.047222 0.039583 0.055556
8 0.432292 0.098148 0.044792 0.068519
9 0.477865 0.093519 0.054688 0.066667
8 0.470313 0.037500 0.038542 0.056481
8 0.510938 0.042593 0.037500 0.057407
8 0.551042 0.043056 0.039583 0.056481
8 0.526042 0.092130 0.042708 0.075000
8 0.563021 0.089352 0.039583 0.073148
8 0.593490 0.043056 0.044271 0.058333
9 0.637240 0.055556 0.040104 0.050000
8 0.607292 0.092130 0.047917 0.067593
8 0.652865 0.093981 0.044271 0.080556
9 0.698438 0.168519 0.056250 0.087037
8 0.652865 0.160648 0.043229 0.080556
8 0.610938 0.143519 0.046875 0.100000
8 0.566667 0.156019 0.055208 0.087963
5 0.482292 0.131019 0.019792 0.026852
8 0.507292 0.152315 0.045833 0.087963
8 0.451042 0.160648 0.059375 0.093519
8 0.394792 0.097222 0.041667 0.081481
8 0.399740 0.163889 0.054688 0.101852
9 0.353646 0.171759 0.044792 0.069444
9 0.312240 0.190278 0.045312 0.087963
9 0.269792 0.193519 0.043750 0.059259
8 0.240365 0.261111 0.056771 0.118519
8 0.288021 0.255556 0.055208 0.100000
8 0.346615 0.248611 0.060937 0.106481
9 0.407813 0.246296 0.067708 0.100000
9 0.468490 0.253241 0.056771 0.069444
8 0.529167 0.240741 0.069792 0.098148
8 0.632292 0.252778 0.063542 0.109259
8 0.694792 0.249074 0.054167 0.094444
8 0.749740 0.275000 0.056771 0.118519
5 0.673438 0.305556 0.028125 0.035185
5 0.699219 0.306019 0.026562 0.037963
8 0.776563 0.381019 0.056250 0.108333
9 0.720313 0.377315 0.066667 0.102778
9 0.654167 0.368056 0.064583 0.123148
9 0.584115 0.361111 0.078646 0.133333
7 0.734896 0.393056 0.031250 0.063889
7 0.659115 0.383333 0.030729 0.055556
3 0.649219 0.431019 0.020313 0.036111
3 0.729688 0.438426 0.022917 0.030556
8 0.507292 0.368056 0.069792 0.156481
8 0.453646 0.331019 0.058333 0.126852
8 0.385417 0.337500 0.083333 0.143519
9 0.309115 0.381019 0.080729 0.112037
9 0.252865 0.373148 0.052604 0.105556
8 0.199219 0.387963 0.055729 0.112963
9 0.147396 0.557870 0.071875 0.099074
8 0.219792 0.530556 0.063542 0.112963
9 0.269792 0.553704 0.086458 0.107407
8 0.350521 0.537037 0.082292 0.168519
8 0.432292 0.519907 0.080208 0.145370
8 0.599740 0.527778 0.100521 0.146296
9 0.684115 0.537500 0.082812 0.143519
8 0.755469 0.540278 0.075521 0.125000
9 0.823438 0.543056 0.072917 0.156481
8 0.674740 0.756019 0.116146 0.202778
5 0.524740 0.938889 0.061979 0.122222
8 0.965365 0.706019 0.068229 0.112037
4 0.991667 0.745370 0.016667 0.038889
8 0.902865 0.506019 0.063021 0.160185
9 0.859896 0.356019 0.052083 0.106481
9 0.901563 0.364815 0.040625 0.096296
9 0.823438 0.256019 0.056250 0.078704
8 0.860417 0.264815 0.035417 0.066667
8 0.795573 0.180556 0.044271 0.072222
3 0.792969 0.229630 0.014063 0.018519
8 0.832292 0.193056 0.037500 0.067593
8 0.755990 0.118519 0.041146 0.083333
8 0.797396 0.127778 0.032292 0.062963
9 0.780990 0.097222 0.026562 0.044444
9 0.735417 0.077315 0.029167 0.047222
8 0.713542 0.040278 0.030208 0.058333
9 0.745313 0.054630 0.025000 0.037037
5 0.387240 0.431019 0.052604 0.052778
5 0.453646 0.408333 0.051042 0.048148
5 0.240365 0.448148 0.029687 0.044444
3 0.501823 0.205556 0.011979 0.022222
1 0.124740 0.324537 0.021354 0.043519
6 0.130990 0.368056 0.023438 0.037963
2 0.145313 0.218519 0.020833 0.040741
1 0.166667 0.203241 0.018750 0.045370
1 0.186198 0.155556 0.015104 0.031481
1 0.214844 0.143056 0.017188 0.041667
1 0.209115 0.108333 0.014063 0.031481
1 0.242188 0.093056 0.014583 0.030556
1 0.272917 0.066204 0.014583 0.030556
4 0.269792 0.088889 0.013542 0.014815
1 0.330990 0.099537 0.022396 0.030556
1 0.396615 0.081019 0.021354 0.041667
2 0.426042 0.081019 0.022917 0.034259
1 0.429167 0.037500 0.013542 0.030556
1 0.470313 0.025463 0.013542 0.030556
1 0.484115 0.080556 0.020313 0.040741
1 0.514844 0.031019 0.015104 0.032407
6 0.510938 0.068519 0.018750 0.022222
4 0.529167 0.118056 0.019792 0.021296
1 0.531771 0.072222 0.019792 0.044444
1 0.560417 0.073148 0.019792 0.044444
1 0.552865 0.030556 0.017188 0.035185
1 0.596615 0.031019 0.016146 0.036111
1 0.644792 0.049074 0.016667 0.031481
1 0.613542 0.078704 0.020833 0.035185
1 0.654948 0.077315 0.019271 0.039815
2 0.689063 0.147685 0.021875 0.043519
4 0.707292 0.205556 0.017708 0.022222
1 0.659115 0.143056 0.021354 0.039815
4 0.663021 0.186574 0.015625 0.019444
5 0.662240 0.209722 0.040104 0.030556
1 0.609896 0.123148 0.020833 0.044444
6 0.620313 0.193519 0.023958 0.037037
1 0.576042 0.135648 0.025000 0.043519
4 0.571875 0.186111 0.018750 0.020370
1 0.509115 0.131019 0.022396 0.049074
1 0.450521 0.143056 0.022917 0.052778
4 0.447917 0.193981 0.025000 0.026852
1 0.402865 0.139352 0.023438 0.049074
4 0.385417 0.205093 0.019792 0.023148
1 0.352344 0.169907 0.020313 0.043519
1 0.304688 0.168056 0.021875 0.045370
4 0.303646 0.211111 0.017708 0.018519
1 0.263542 0.193519 0.021875 0.038889
1 0.232813 0.230556 0.023958 0.050000
6 0.235417 0.293519 0.028125 0.046296
3 0.236198 0.318056 0.018229 0.017593
1 0.280990 0.231019 0.022396 0.049074
4 0.279167 0.293519 0.017708 0.027778
5 0.296094 0.306944 0.026562 0.034259
1 0.348438 0.228241 0.025000 0.060185
4 0.341667 0.290741 0.020833 0.025926
1 0.401042 0.230093 0.026042 0.056481
4 0.409896 0.285185 0.020833 0.020370
1 0.466667 0.248611 0.028125 0.056481
1 0.531771 0.218056 0.025000 0.054630
4 0.528646 0.283333 0.018750 0.031481
1 0.634115 0.223611 0.023438 0.054630
4 0.635417 0.293056 0.026042 0.025000
1 0.697396 0.231019 0.022917 0.047222
4 0.693490 0.280556 0.023438 0.024074
1 0.760938 0.247685 0.026042 0.056481
4 0.758594 0.318519 0.025521 0.027778
1 0.790365 0.355556 0.026562 0.053704
4 0.779167 0.418519 0.021875 0.033333
1 0.596615 0.354167 0.030729 0.060185
4 0.590365 0.414352 0.023438 0.034259
2 0.496615 0.321759 0.032813 0.069444
6 0.514062 0.417593 0.051042 0.051852
1 0.450521 0.298611 0.027083 0.056481
0 0.364063 0.297222 0.029167 0.068519
1 0.312240 0.365741 0.032813 0.061111
4 0.308594 0.418056 0.033854 0.034259
4 0.246615 0.416667 0.023438 0.027778
1 0.191667 0.368981 0.027083 0.049074
4 0.188542 0.428704 0.022917 0.031481
1 0.132292 0.555093 0.029167 0.058333
4 0.136198 0.606019 0.021354 0.039815
1 0.202865 0.511574 0.028646 0.058333
1 0.262240 0.545833 0.034896 0.063889
3 0.181771 0.606019 0.017708 0.039815
5 0.207292 0.609259 0.052083 0.055556
4 0.257292 0.603704 0.023958 0.051852
1 0.345313 0.493056 0.033333 0.073148
4 0.349219 0.606019 0.030729 0.032407
1 0.424219 0.493519 0.033854 0.083333
4 0.424740 0.580093 0.026562 0.032407
1 0.597917 0.506019 0.036458 0.078704
4 0.593490 0.581019 0.030729 0.037963
1 0.696615 0.544907 0.040104 0.076852
4 0.671615 0.603241 0.027604 0.063889
5 0.699740 0.618519 0.051562 0.070370
0 0.771615 0.515741 0.032813 0.072222
5 0.775000 0.618056 0.053125 0.058333
1 0.837240 0.538889 0.035937 0.072222
4 0.830990 0.608333 0.021354 0.031481
3 0.580990 0.818519 0.033854 0.053704
6 0.703646 0.806481 0.066667 0.094444
0 0.919792 0.456019 0.022917 0.058333
5 0.923438 0.543519 0.025000 0.046296
3 0.934115 0.575000 0.013021 0.031481
1 0.872917 0.331019 0.023958 0.049074
1 0.912240 0.342130 0.017188 0.049074
1 0.833073 0.243056 0.021354 0.047222
1 0.869271 0.253704 0.017708 0.042593
1 0.808073 0.166667 0.019271 0.040741
1 0.841667 0.180556 0.017708 0.042593
1 0.763542 0.095370 0.017708 0.037037
5 0.771615 0.155556 0.021354 0.022222
1 0.803125 0.115741 0.015625 0.038889
1 0.782292 0.093056 0.017708 0.032407
1 0.718490 0.027315 0.013021 0.034259
