0 0.984896 0.756019 0.023958 0.069444
4 0.964063 0.857407 0.014583 0.031481
6 0.965365 0.855556 0.035937 0.068519
3 0.986198 0.853704 0.009896 0.029630
6 0.991667 0.834259 0.016667 0.055556
8 0.955990 0.793056 0.081771 0.162037
3 0.929688 0.655556 0.011458 0.025926
6 0.921615 0.656019 0.033854 0.060185
6 0.951042 0.654630 0.038542 0.048148
1 0.957292 0.576852 0.020833 0.051852
1 0.919792 0.568056 0.022917 0.054630
8 0.944792 0.610648 0.051042 0.130556
8 0.897917 0.603241 0.067708 0.126852
6 0.807813 0.702315 0.052083 0.065741
0 0.782292 0.604630 0.031250 0.075926
8 0.786719 0.646759 0.081771 0.169444
4 0.834115 0.443519 0.024479 0.031481
6 0.837240 0.446759 0.047396 0.043519
0 0.874740 0.368056 0.016146 0.050926
1 0.845573 0.368056 0.019271 0.047222
8 0.829688 0.393056 0.043750 0.099074
8 0.872917 0.396759 0.038542 0.119444
1 0.819792 0.308333 0.020833 0.044444
1 0.850521 0.305556 0.019792 0.040741
1 0.802865 0.318519 0.058854 0.087037
1 0.843490 0.318519 0.033854 0.077778
4 0.816667 0.355556 0.019792 0.024074
6 0.810417 0.360185 0.029167 0.031481
1 0.822917 0.235185 0.017708 0.044444
1 0.784115 0.233333 0.019271 0.044444
8 0.814063 0.254630 0.037500 0.074074
8 0.776823 0.244907 0.043229 0.069444
4 0.780990 0.272685 0.018229 0.030556
1 0.789844 0.189815 0.014063 0.033333
1 0.761198 0.170833 0.015104 0.030556
8 0.784115 0.196759 0.029687 0.056481
6 0.761719 0.216667 0.021354 0.022222
8 0.755990 0.192130 0.042188 0.067593
1 0.762240 0.132407 0.014063 0.031481
8 0.758073 0.143056 0.041146 0.056481
1 0.738542 0.093519 0.011458 0.027778
8 0.732292 0.105556 0.031250 0.055556
6 0.735417 0.130556 0.017708 0.018519
1 0.710938 0.063889 0.011458 0.024074
1 0.682813 0.056019 0.010417 0.023148
8 0.706771 0.072222 0.028125 0.055556
8 0.680469 0.068519 0.027604 0.055556
1 0.582292 0.528241 0.028125 0.067593
5 0.582292 0.668056 0.061458 0.063889
8 0.569792 0.576389 0.081250 0.163889
5 0.652865 0.530556 0.054688 0.051852
6 0.584115 0.518056 0.054688 0.058333
6 0.774740 0.525926 0.042188 0.048148
6 0.721615 0.519907 0.049479 0.069444
0 0.722917 0.393519 0.028125 0.066667
0 0.766146 0.426389 0.023958 0.060185
8 0.761719 0.469444 0.061979 0.155556
8 0.715365 0.436574 0.070312 0.156481
0 0.643490 0.368056 0.027604 0.065741
8 0.638542 0.415741 0.069792 0.159259
1 0.577865 0.418519 0.031771 0.062963
8 0.571094 0.445833 0.081771 0.130556
1 0.487240 0.393519 0.028646 0.064815
3 0.489063 0.489815 0.010417 0.025926
6 0.494792 0.471759 0.048958 0.093519
6 0.486198 0.427778 0.069271 0.129630
0 0.472917 0.530556 0.034375 0.072222
6 0.489844 0.678241 0.063021 0.067593
8 0.476042 0.593519 0.077083 0.203704
3 0.574219 0.364352 0.019271 0.012037
5 0.584115 0.371759 0.043229 0.043519
4 0.673438 0.372222 0.019792 0.031481
6 0.697396 0.380556 0.036458 0.044444
1 0.736198 0.358333 0.019271 0.044444
9 0.726042 0.368519 0.058333 0.085185
1 0.687240 0.296759 0.020313 0.056481
8 0.677865 0.326852 0.047396 0.109259
1 0.639844 0.328241 0.019271 0.041667
9 0.629167 0.343519 0.066667 0.081481
1 0.494792 0.335648 0.026042 0.058333
9 0.501563 0.343519 0.068750 0.092593
3 0.427344 0.368056 0.010937 0.019444
6 0.449740 0.366667 0.034896 0.050000
8 0.439844 0.318056 0.067187 0.123148
1 0.439844 0.290741 0.032813 0.055556
1 0.579948 0.280556 0.021354 0.048148
8 0.571615 0.305556 0.054688 0.100000
5 0.619271 0.280556 0.035417 0.029630
3 0.596094 0.278704 0.009896 0.016667
6 0.571615 0.268056 0.053646 0.043519
3 0.490365 0.255556 0.009896 0.018519
6 0.518750 0.252315 0.037500 0.041667
1 0.523698 0.197222 0.021354 0.044444
8 0.510938 0.209259 0.056250 0.068519
1 0.571615 0.193519 0.019271 0.040741
0 0.597917 0.180556 0.020833 0.040741
8 0.601042 0.207407 0.041667 0.105556
8 0.567448 0.218519 0.049479 0.092593
3 0.654167 0.193056 0.020833 0.019444
3 0.660417 0.202778 0.038542 0.025926
1 0.659115 0.158333 0.018229 0.037037
9 0.652865 0.173148 0.045312 0.057407
0 0.613542 0.152315 0.016667 0.036111
9 0.613542 0.168519 0.042708 0.070370
1 0.574740 0.143519 0.017188 0.037037
8 0.564063 0.164352 0.047917 0.078704
1 0.452344 0.205556 0.020313 0.038889
6 0.447396 0.256019 0.038542 0.034259
8 0.454167 0.218056 0.060417 0.084259
1 0.518750 0.144907 0.018750 0.043519
9 0.510938 0.155556 0.055208 0.055556
1 0.663542 0.103704 0.014583 0.029630
6 0.676042 0.150926 0.025000 0.025926
8 0.661719 0.118519 0.036979 0.062963
1 0.625521 0.105093 0.015625 0.032407
4 0.624740 0.135648 0.013021 0.019444
9 0.622917 0.115741 0.043750 0.057407
1 0.652865 0.068056 0.014063 0.026852
8 0.647917 0.080556 0.031250 0.050000
0 0.583073 0.076852 0.015104 0.035185
8 0.582292 0.093056 0.034375 0.071296
5 0.549740 0.131019 0.026562 0.017593
5 0.462500 0.122222 0.028125 0.018519
2 0.477865 0.079630 0.019271 0.031481
0 0.504167 0.068056 0.014583 0.028704
1 0.541667 0.068056 0.016667 0.034259
8 0.537240 0.088889 0.031771 0.072222
8 0.504167 0.090278 0.035417 0.069444
8 0.466667 0.093056 0.038542 0.060185
1 0.613542 0.055556 0.013542 0.027778
8 0.608594 0.068519 0.038021 0.057407
1 0.621615 0.040741 0.010937 0.022222
8 0.618490 0.052778 0.028646 0.048148
1 0.588542 0.043056 0.011458 0.026852
9 0.585417 0.043519 0.032292 0.035185
1 0.549740 0.022222 0.014063 0.025926
8 0.548438 0.032407 0.027083 0.046296
5 0.556771 0.055556 0.014583 0.014815
6 0.524740 0.055093 0.019271 0.015741
1 0.519792 0.018519 0.012500 0.027778
8 0.522917 0.030093 0.026042 0.052778
1 0.493490 0.018056 0.013021 0.028704
8 0.489063 0.029630 0.027083 0.051852
1 0.463542 0.041667 0.013542 0.029630
8 0.462240 0.053704 0.039062 0.055556
1 0.454167 0.018056 0.011458 0.025000
8 0.456771 0.027778 0.032292 0.044444
0 0.424219 0.010185 0.014063 0.018519
8 0.422917 0.026389 0.035417 0.050926
1 0.385417 0.043056 0.015625 0.032407
8 0.388542 0.055556 0.035417 0.061111
1 0.354167 0.054167 0.011458 0.026852
1 0.428646 0.043056 0.014583 0.026852
8 0.427865 0.055556 0.032813 0.051852
1 0.327344 0.025926 0.013021 0.025926
8 0.327865 0.031019 0.032813 0.047222
9 0.357292 0.040278 0.028125 0.036111
1 0.314844 0.056019 0.014063 0.030556
8 0.315365 0.068519 0.034896 0.055556
8 0.350521 0.066667 0.037500 0.050000
1 0.381771 0.093056 0.016667 0.028704
9 0.376042 0.105556 0.044792 0.050000
4 0.376563 0.123148 0.015625 0.018519
9 0.338542 0.105556 0.038542 0.046296
1 0.290365 0.096759 0.014063 0.030556
8 0.287240 0.111574 0.040104 0.069444
6 0.287240 0.138889 0.017188 0.027778
5 0.322917 0.130556 0.026042 0.018519
0 0.439844 0.104630 0.017188 0.035185
8 0.442448 0.131019 0.047396 0.093519
4 0.337240 0.180556 0.020313 0.016667
1 0.349219 0.139815 0.018229 0.038889
1 0.385417 0.147222 0.017708 0.031481
9 0.386719 0.156019 0.039062 0.047222
8 0.350521 0.155093 0.042708 0.067593
1 0.301563 0.145833 0.016667 0.030556
9 0.302865 0.164352 0.046354 0.062037
6 0.289323 0.192593 0.027604 0.025926
1 0.395313 0.204630 0.020833 0.038889
8 0.388542 0.218056 0.062500 0.078704
4 0.393490 0.243519 0.014063 0.027778
5 0.413542 0.254630 0.017708 0.029630
1 0.252865 0.068981 0.015104 0.030556
9 0.257292 0.092130 0.044792 0.069444
3 0.251563 0.108333 0.010417 0.005556
6 0.251042 0.115278 0.034375 0.025000
1 0.194792 0.143056 0.014583 0.030556
9 0.194792 0.154167 0.039583 0.049074
1 0.183594 0.190278 0.017188 0.036111
0 0.154167 0.223611 0.016667 0.043519
8 0.158594 0.254630 0.045312 0.103704
1 0.155990 0.193056 0.017188 0.030556
8 0.159115 0.205556 0.036979 0.057407
5 0.190365 0.231019 0.029687 0.021296
8 0.194792 0.203241 0.048958 0.065741
1 0.310417 0.193056 0.020833 0.041667
8 0.309115 0.218519 0.058854 0.088889
4 0.307292 0.254167 0.025000 0.026852
6 0.315365 0.255556 0.043229 0.031481
1 0.248438 0.228704 0.020833 0.038889
4 0.244792 0.267593 0.020833 0.029630
9 0.251823 0.242593 0.056771 0.066667
1 0.210938 0.310185 0.021875 0.044444
6 0.213542 0.358333 0.038542 0.044444
9 0.217969 0.336111 0.060937 0.118519
6 0.268490 0.356019 0.045312 0.049074
8 0.275521 0.303241 0.058333 0.113889
4 0.314844 0.367593 0.024479 0.040741
5 0.324219 0.379167 0.045312 0.041667
1 0.319792 0.307407 0.025000 0.044444
9 0.321615 0.330556 0.067187 0.094444
6 0.380990 0.379167 0.032813 0.045370
1 0.379167 0.268519 0.026042 0.055556
8 0.382292 0.308333 0.058333 0.144444
1 0.392188 0.530556 0.031250 0.066667
5 0.393490 0.681019 0.061979 0.067593
5 0.314063 0.684722 0.059375 0.069444
5 0.238021 0.656019 0.057292 0.062037
8 0.398438 0.568981 0.075000 0.156481
1 0.311719 0.516204 0.032813 0.091667
8 0.322917 0.562963 0.075000 0.187037
1 0.246094 0.526389 0.027604 0.060185
8 0.252344 0.568056 0.068229 0.156481
7 0.335417 0.106019 0.017708 0.036111
3 0.505990 0.954167 0.030729 0.069444
