4 0.022917 0.630556 0.017708 0.033333
1 0.022917 0.568056 0.029167 0.063889
8 0.042188 0.597685 0.076042 0.143519
3 0.123698 0.316667 0.011979 0.018519
5 0.117188 0.317593 0.025000 0.024074
1 0.152865 0.223148 0.017188 0.044444
8 0.158594 0.255556 0.047396 0.109259
1 0.180990 0.193519 0.017188 0.038889
5 0.188021 0.230556 0.026042 0.024074
8 0.188542 0.206019 0.039583 0.062037
1 0.188542 0.130556 0.013542 0.033333
8 0.194792 0.143519 0.038542 0.062963
3 0.249740 0.110185 0.011979 0.005556
5 0.255990 0.110185 0.025521 0.018519
1 0.252344 0.072685 0.015104 0.030556
8 0.257292 0.093519 0.042708 0.066667
1 0.322396 0.030556 0.013542 0.027778
8 0.319792 0.041667 0.038542 0.044444
1 0.355990 0.030556 0.015104 0.027778
8 0.355990 0.040278 0.028646 0.037963
1 0.379948 0.030093 0.013021 0.030556
8 0.378646 0.034722 0.037500 0.043519
1 0.315365 0.059722 0.017188 0.030556
1 0.289844 0.093519 0.015104 0.035185
1 0.332813 0.093519 0.017708 0.031481
1 0.349740 0.068056 0.014063 0.032407
1 0.380990 0.093056 0.019271 0.032407
1 0.389844 0.053241 0.015104 0.028704
9 0.312240 0.068056 0.039062 0.052778
9 0.350521 0.068519 0.035417 0.038889
8 0.385417 0.059722 0.042708 0.056481
4 0.377865 0.123148 0.014063 0.018519
9 0.334896 0.106019 0.044792 0.056481
9 0.376563 0.106019 0.043750 0.056481
6 0.288542 0.141667 0.020833 0.020370
8 0.287240 0.111111 0.041146 0.068519
0 0.419792 0.018519 0.012500 0.025926
8 0.418490 0.028241 0.032813 0.047222
1 0.417969 0.056019 0.017188 0.026852
9 0.424740 0.055556 0.032813 0.048148
1 0.451042 0.018056 0.013542 0.023148
8 0.452865 0.024537 0.029687 0.030556
1 0.458073 0.042593 0.019271 0.029630
8 0.463542 0.056019 0.037500 0.058333
1 0.495573 0.016667 0.011979 0.027778
8 0.491146 0.029167 0.026042 0.052778
1 0.451042 0.080556 0.017708 0.033333
8 0.460938 0.093056 0.036458 0.058333
5 0.463021 0.121759 0.027083 0.019444
1 0.519792 0.025463 0.013542 0.025000
1 0.549740 0.018056 0.011979 0.025000
6 0.539323 0.055556 0.013021 0.014815
5 0.552865 0.056019 0.019271 0.013889
8 0.522917 0.031019 0.020833 0.045370
8 0.546615 0.031019 0.029687 0.049074
1 0.590365 0.043056 0.013021 0.028704
9 0.584115 0.043056 0.033854 0.039815
1 0.507292 0.043519 0.014583 0.031481
1 0.511719 0.083333 0.015104 0.031481
1 0.544271 0.086111 0.014583 0.031481
0 0.582292 0.081019 0.015625 0.030556
8 0.509375 0.055556 0.037500 0.061111
8 0.504167 0.101389 0.042708 0.063889
4 0.543490 0.128704 0.022396 0.018519
8 0.541667 0.104167 0.038542 0.067593
8 0.580990 0.094907 0.036979 0.069444
5 0.590365 0.141204 0.025521 0.017593
1 0.615365 0.056019 0.014063 0.028704
8 0.607292 0.068519 0.035417 0.055556
1 0.625521 0.105556 0.015625 0.033333
9 0.622917 0.117130 0.044792 0.062037
1 0.653646 0.073148 0.014583 0.031481
1 0.669792 0.118056 0.016667 0.030556
9 0.664844 0.126852 0.039062 0.050000
8 0.651563 0.081019 0.037500 0.050926
4 0.652865 0.103704 0.013021 0.014815
5 0.676042 0.155556 0.023958 0.020370
4 0.624740 0.141667 0.011979 0.016667
5 0.635938 0.143056 0.017708 0.023148
1 0.683594 0.056019 0.011979 0.025000
4 0.691667 0.091204 0.010417 0.013889
0 0.710417 0.060648 0.011458 0.030556
8 0.680469 0.068056 0.029687 0.052778
8 0.706771 0.072222 0.030208 0.055556
1 0.659115 0.163889 0.017188 0.035185
4 0.655469 0.193981 0.017188 0.019444
8 0.650521 0.172222 0.047917 0.055556
1 0.572917 0.135185 0.018750 0.044444
8 0.563542 0.155556 0.048958 0.074074
0 0.613021 0.180093 0.018750 0.045370
1 0.571094 0.202315 0.020313 0.039815
8 0.605990 0.206019 0.041146 0.104630
8 0.565365 0.226389 0.044271 0.089815
3 0.596094 0.279167 0.011979 0.019444
5 0.619792 0.280556 0.038542 0.031481
6 0.582292 0.268519 0.038542 0.037037
1 0.521615 0.203704 0.020313 0.042593
1 0.512240 0.131019 0.020313 0.043519
8 0.512240 0.143056 0.057813 0.078704
8 0.511198 0.217593 0.055729 0.074074
1 0.449740 0.205556 0.022396 0.042593
0 0.438542 0.106019 0.017708 0.039815
8 0.442188 0.130556 0.048958 0.094444
6 0.435417 0.173611 0.026042 0.019444
1 0.384896 0.151389 0.018750 0.036111
9 0.387240 0.156019 0.039062 0.050926
4 0.299740 0.185648 0.017188 0.019444
4 0.343490 0.180556 0.023438 0.020370
5 0.347396 0.186574 0.031250 0.019444
1 0.343490 0.131019 0.016146 0.037963
1 0.304688 0.141204 0.015625 0.037963
8 0.303125 0.156019 0.046875 0.073148
8 0.344792 0.147222 0.041667 0.081481
1 0.248438 0.230556 0.020833 0.044444
4 0.246615 0.268056 0.018229 0.025000
9 0.246615 0.243056 0.052604 0.071296
4 0.306771 0.255556 0.021875 0.020370
1 0.314323 0.206019 0.021354 0.043519
8 0.314063 0.219907 0.052083 0.080556
1 0.394271 0.206019 0.025000 0.043519
9 0.388542 0.218519 0.062500 0.083333
6 0.452344 0.255556 0.029687 0.037037
9 0.454167 0.218056 0.060417 0.087963
6 0.215365 0.356481 0.035937 0.044444
1 0.210417 0.310648 0.023958 0.043519
9 0.219792 0.331481 0.063542 0.118519
9 0.268490 0.355556 0.040104 0.038889
1 0.280469 0.255093 0.023438 0.054630
8 0.276042 0.288889 0.056250 0.125926
0 0.329688 0.271759 0.022917 0.056481
4 0.314063 0.368056 0.017708 0.039815
5 0.324219 0.378704 0.048438 0.038889
8 0.322917 0.306019 0.063542 0.126852
2 0.391667 0.267130 0.026042 0.054630
1 0.429167 0.273148 0.028125 0.055556
6 0.380990 0.378241 0.028646 0.043519
4 0.418490 0.368056 0.031771 0.037963
5 0.445573 0.368056 0.027604 0.041667
8 0.385417 0.305556 0.052083 0.144444
8 0.434115 0.315278 0.061979 0.141667
1 0.494792 0.334722 0.026042 0.056481
9 0.501823 0.343519 0.066146 0.098148
3 0.574219 0.364815 0.020313 0.016667
5 0.584115 0.372685 0.045312 0.043519
1 0.582292 0.305556 0.020833 0.046296
8 0.572396 0.318519 0.055208 0.083333
9 0.630469 0.343519 0.066146 0.079630
1 0.689063 0.304630 0.021875 0.048148
3 0.676042 0.381019 0.014583 0.025000
3 0.694271 0.383333 0.032292 0.044444
8 0.679948 0.321759 0.046354 0.093519
1 0.734896 0.356019 0.019792 0.045370
9 0.727344 0.368056 0.057813 0.078704
0 0.766667 0.427778 0.023958 0.061111
0 0.720313 0.393056 0.025000 0.067593
0 0.639323 0.368056 0.027604 0.063889
8 0.762240 0.467593 0.057813 0.142593
8 0.714844 0.441204 0.070312 0.160185
6 0.721615 0.523611 0.049479 0.069444
6 0.652865 0.531019 0.055729 0.054630
8 0.638542 0.417593 0.069792 0.159259
1 0.579167 0.410185 0.033333 0.068519
4 0.573438 0.500000 0.036458 0.031481
8 0.569792 0.443056 0.083333 0.139815
1 0.483594 0.404630 0.029687 0.062963
8 0.485938 0.431019 0.071875 0.125000
3 0.488542 0.486111 0.012500 0.031481
5 0.494271 0.493056 0.054167 0.054630
5 0.236719 0.661111 0.059896 0.068519
1 0.243490 0.513889 0.031771 0.064815
8 0.256771 0.564815 0.066667 0.174074
5 0.313542 0.686111 0.061458 0.068519
1 0.310417 0.517130 0.029167 0.080556
8 0.320573 0.565278 0.072396 0.184259
5 0.393490 0.684259 0.066146 0.068519
5 0.387240 0.545833 0.030729 0.069444
8 0.394792 0.580556 0.080208 0.140741
6 0.487240 0.678241 0.069271 0.071296
1 0.476042 0.578704 0.035417 0.074074
8 0.473698 0.618519 0.083854 0.161111
5 0.578646 0.668519 0.065625 0.066667
1 0.582292 0.530556 0.033333 0.064815
8 0.576042 0.578704 0.081250 0.153704
0 0.782292 0.603704 0.033333 0.081481
5 0.811198 0.693519 0.050521 0.064815
8 0.785417 0.643056 0.081250 0.169444
4 0.965365 0.865741 0.016146 0.050000
3 0.985417 0.853241 0.012500 0.036111
5 0.966667 0.853241 0.029167 0.052778
1 0.980990 0.790278 0.025521 0.060185
8 0.964063 0.811574 0.064583 0.143519
6 0.920573 0.667593 0.033854 0.048148
3 0.929948 0.661574 0.013021 0.030556
6 0.951042 0.656019 0.037500 0.039815
1 0.922396 0.568519 0.020833 0.053704
1 0.957292 0.572685 0.020833 0.056481
8 0.907292 0.606019 0.046875 0.130556
8 0.948438 0.605556 0.040625 0.124074
2 0.844271 0.356019 0.020833 0.047222
4 0.837240 0.444907 0.016146 0.025000
5 0.844792 0.454167 0.032292 0.039815
0 0.886719 0.383333 0.019271 0.044444
8 0.830990 0.393056 0.046354 0.125000
8 0.875521 0.409259 0.043750 0.094444
4 0.814063 0.355556 0.020833 0.027778
5 0.811198 0.367130 0.030729 0.025000
1 0.816667 0.306019 0.020833 0.041667
1 0.849740 0.328704 0.018229 0.038889
9 0.803125 0.321759 0.050000 0.080556
8 0.842969 0.327315 0.032813 0.060185
1 0.786719 0.231019 0.017188 0.036111
1 0.817969 0.234722 0.017188 0.043519
8 0.774740 0.243519 0.041146 0.066667
8 0.809115 0.249537 0.033854 0.069444
1 0.765365 0.173148 0.016146 0.031481
1 0.789323 0.172222 0.016146 0.031481
8 0.759115 0.187500 0.039062 0.069444
8 0.785417 0.190278 0.026042 0.067593
6 0.761719 0.216204 0.020313 0.019444
1 0.757292 0.135185 0.015625 0.031481
8 0.754167 0.143519 0.033333 0.046296
1 0.737240 0.098148 0.014063 0.031481
6 0.734115 0.133333 0.014063 0.018519
8 0.733073 0.110185 0.031771 0.055556
3 0.505208 0.953241 0.033333 0.069444
