1 0.021094 0.564815 0.032813 0.074074
8 0.042188 0.606019 0.078125 0.171296
4 0.026042 0.630556 0.019792 0.040741
1 0.249740 0.531019 0.031771 0.069444
8 0.252865 0.568519 0.065104 0.153704
5 0.237240 0.655556 0.057813 0.068519
1 0.312240 0.522685 0.029687 0.080556
8 0.322396 0.556481 0.070833 0.181481
5 0.314063 0.680556 0.061458 0.068519
1 0.391146 0.535185 0.035417 0.070370
8 0.399740 0.577778 0.082812 0.155556
5 0.393490 0.680556 0.067187 0.068519
1 0.471615 0.530556 0.033854 0.070370
8 0.477865 0.576852 0.074479 0.161111
5 0.489844 0.681019 0.070312 0.071296
1 0.580990 0.531019 0.031771 0.065741
8 0.579167 0.568056 0.073958 0.156481
6 0.585938 0.678241 0.069792 0.071296
7 0.846615 0.636574 0.034896 0.080556
1 0.922396 0.568519 0.020833 0.055556
8 0.901042 0.593056 0.064583 0.108333
4 0.924219 0.656019 0.020313 0.028704
1 0.962240 0.606019 0.024479 0.050926
8 0.951042 0.626852 0.048958 0.098148
0 0.767188 0.427778 0.025000 0.062963
8 0.763542 0.473148 0.057292 0.155556
0 0.722917 0.393056 0.026042 0.067593
8 0.717448 0.431019 0.066146 0.149074
1 0.654167 0.393056 0.030208 0.065741
8 0.642188 0.431019 0.070833 0.141667
5 0.652865 0.531019 0.054688 0.056481
1 0.580990 0.405556 0.029687 0.068519
8 0.569271 0.430556 0.073958 0.118519
1 0.492969 0.403241 0.026562 0.058333
8 0.484115 0.431019 0.076563 0.119444
3 0.480990 0.480556 0.028646 0.031481
1 0.845573 0.368056 0.019271 0.049074
8 0.832292 0.403241 0.040625 0.113889
4 0.835417 0.446296 0.018750 0.033333
1 0.886719 0.376389 0.023438 0.052778
8 0.876563 0.404167 0.039583 0.108333
1 0.686719 0.305093 0.020313 0.056481
8 0.676823 0.318519 0.044271 0.103704
4 0.674219 0.376389 0.020313 0.037963
1 0.642448 0.318056 0.022396 0.047222
9 0.625521 0.330556 0.057292 0.087037
4 0.629687 0.374537 0.023958 0.030556
1 0.576042 0.300926 0.023958 0.048148
8 0.570573 0.316204 0.053646 0.082407
3 0.574219 0.364815 0.020313 0.014815
2 0.500521 0.318519 0.028125 0.055556
9 0.500521 0.341667 0.066667 0.096296
1 0.451042 0.314352 0.029167 0.052778
9 0.443490 0.326852 0.058854 0.077778
4 0.427344 0.369907 0.014063 0.030556
0 0.376563 0.255556 0.027083 0.055556
8 0.385417 0.293519 0.052083 0.120370
3 0.402865 0.378704 0.010937 0.020370
2 0.319271 0.281019 0.029167 0.054630
8 0.322917 0.307407 0.064583 0.118519
4 0.314063 0.368519 0.021875 0.025926
0 0.254688 0.289352 0.028125 0.050926
8 0.265625 0.328704 0.056250 0.133333
3 0.263021 0.364352 0.014583 0.026852
1 0.209115 0.302778 0.023438 0.042593
9 0.213542 0.318056 0.055208 0.093519
0 0.151562 0.227778 0.023958 0.044444
8 0.155208 0.253241 0.050000 0.102778
3 0.123698 0.315741 0.009896 0.014815
1 0.251563 0.228241 0.019792 0.039815
9 0.254688 0.241204 0.059375 0.065741
1 0.312240 0.193056 0.020313 0.043519
8 0.314323 0.218519 0.050521 0.079630
3 0.313542 0.255556 0.019792 0.012963
1 0.395313 0.203704 0.019792 0.042593
9 0.387240 0.218519 0.059896 0.077778
7 0.451042 0.215741 0.021875 0.051852
1 0.519792 0.193056 0.020833 0.037963
8 0.512240 0.216667 0.054688 0.083333
5 0.519792 0.256019 0.041667 0.036111
1 0.571615 0.193056 0.020313 0.043519
8 0.564063 0.218519 0.044792 0.094444
3 0.596094 0.279630 0.009896 0.022222
0 0.607292 0.180093 0.018750 0.043519
8 0.607292 0.205556 0.040625 0.105556
5 0.619792 0.279630 0.035417 0.025926
1 0.185417 0.185185 0.017708 0.037037
8 0.193490 0.200463 0.042188 0.069444
1 0.819792 0.305556 0.019792 0.044444
9 0.801042 0.330093 0.057292 0.097222
4 0.816667 0.356019 0.019792 0.026852
1 0.846615 0.312963 0.020313 0.044444
1 0.819271 0.230556 0.017708 0.038889
8 0.816146 0.253704 0.038542 0.079630
1 0.781771 0.229167 0.016667 0.036111
8 0.776042 0.243056 0.040625 0.080556
9 0.787760 0.205556 0.028646 0.048148
1 0.760938 0.169907 0.016667 0.039815
8 0.754167 0.180556 0.035417 0.068519
1 0.659115 0.155556 0.017188 0.031481
8 0.651563 0.175926 0.044792 0.062963
4 0.655990 0.199537 0.016146 0.019444
1 0.618490 0.143981 0.020313 0.030556
1 0.574740 0.143519 0.019271 0.044444
8 0.564583 0.163426 0.050000 0.082407
1 0.519792 0.131019 0.019792 0.041667
8 0.515365 0.143056 0.053646 0.080556
1 0.440365 0.105556 0.020313 0.044444
8 0.442448 0.130556 0.046354 0.094444
1 0.388021 0.143056 0.017708 0.030556
9 0.386719 0.155556 0.040104 0.053704
1 0.338021 0.140278 0.020833 0.034259
9 0.343490 0.153241 0.040104 0.062037
1 0.299740 0.130556 0.017188 0.038889
8 0.298438 0.143056 0.041667 0.069444
1 0.195833 0.151852 0.018750 0.037037
0 0.667969 0.105556 0.013021 0.033333
8 0.665365 0.118056 0.038021 0.058333
1 0.620313 0.100000 0.017708 0.033333
9 0.621615 0.115741 0.045312 0.055556
1 0.584115 0.081019 0.014063 0.037963
8 0.582292 0.093056 0.035417 0.069444
1 0.546615 0.087500 0.018229 0.030556
8 0.541667 0.097222 0.034375 0.055556
1 0.515365 0.093519 0.017188 0.029630
8 0.507292 0.106019 0.045833 0.054630
7 0.460417 0.087963 0.015625 0.025926
1 0.372917 0.078241 0.017708 0.028704
8 0.377344 0.093056 0.045312 0.069444
7 0.332292 0.106019 0.014583 0.028704
1 0.290365 0.099074 0.016146 0.033333
8 0.287760 0.111574 0.040104 0.058333
1 0.252344 0.081019 0.014063 0.028704
9 0.259896 0.093519 0.037500 0.051852
4 0.249740 0.113426 0.015104 0.019444
1 0.761719 0.143519 0.019271 0.031481
9 0.752865 0.150926 0.042188 0.044444
1 0.737240 0.100926 0.014063 0.029630
8 0.733594 0.111574 0.029687 0.056481
1 0.651563 0.077315 0.016667 0.028704
8 0.647917 0.086111 0.030208 0.044444
0 0.614062 0.051852 0.015625 0.031481
8 0.609115 0.066204 0.032813 0.062037
1 0.504167 0.042593 0.014583 0.031481
8 0.502865 0.056019 0.033854 0.058333
7 0.566667 0.068519 0.033333 0.044444
1 0.463542 0.041667 0.014583 0.033333
8 0.462240 0.054167 0.038021 0.060185
7 0.429167 0.055556 0.032292 0.044444
2 0.392188 0.042130 0.014583 0.028704
8 0.390365 0.055556 0.031771 0.057407
1 0.355990 0.054167 0.013021 0.025000
9 0.352344 0.066667 0.038021 0.051852
1 0.316146 0.058796 0.016667 0.034259
8 0.314063 0.068519 0.036458 0.051852
1 0.326823 0.028241 0.013021 0.025000
8 0.328385 0.036111 0.031771 0.044444
1 0.416667 0.026852 0.013542 0.027778
9 0.417969 0.033333 0.033854 0.040741
1 0.554688 0.030556 0.010417 0.025926
9 0.549740 0.030556 0.033854 0.044444
9 0.520573 0.027315 0.013021 0.026852
1 0.495573 0.016667 0.011979 0.025926
8 0.493490 0.028704 0.029687 0.050000
8 0.523438 0.031019 0.021875 0.041667
1 0.586198 0.040278 0.013021 0.028704
9 0.585417 0.043056 0.032292 0.036111
1 0.682292 0.063889 0.014583 0.024074
8 0.674740 0.075463 0.028646 0.050926
1 0.713021 0.065278 0.011458 0.025000
8 0.705990 0.076852 0.025521 0.048148
1 0.980469 0.790278 0.026562 0.060185
8 0.955469 0.817130 0.078646 0.141667
4 0.964063 0.865741 0.014583 0.044444
6 0.378385 0.376852 0.028646 0.050000
5 0.118490 0.317130 0.025521 0.021296
9 0.807813 0.652315 0.109375 0.123148
6 0.447396 0.256481 0.039583 0.037037
9 0.454167 0.218519 0.060417 0.087037
9 0.332813 0.105556 0.046875 0.044444
5 0.324740 0.379630 0.049479 0.042593
6 0.267188 0.367593 0.034375 0.038889
3 0.504167 0.950926 0.029167 0.068519
5 0.969271 0.857407 0.026042 0.064815
5 0.920573 0.668981 0.033854 0.041667
6 0.571615 0.270833 0.051562 0.032407
5 0.585417 0.377315 0.044792 0.041667
5 0.696094 0.388889 0.031771 0.038889
5 0.677865 0.154630 0.020313 0.020370
5 0.635938 0.144444 0.015625 0.022222
5 0.413542 0.255093 0.018750 0.032407
3 0.340365 0.185185 0.014063 0.012963
5 0.347135 0.187963 0.032813 0.025926
6 0.291667 0.189815 0.028125 0.035185
4 0.377344 0.127778 0.014063 0.016667
5 0.465365 0.124537 0.023438 0.019444
5 0.546094 0.131944 0.023438 0.021296
5 0.592969 0.142130 0.019271 0.019444
6 0.647917 0.106944 0.020833 0.021296
1 0.453385 0.022222 0.015104 0.031481
8 0.461458 0.097685 0.039583 0.056481
8 0.451042 0.031019 0.026042 0.049074
5 0.843490 0.453704 0.032813 0.038889
6 0.722396 0.528704 0.048958 0.057407
6 0.760938 0.217130 0.018750 0.021296
6 0.214583 0.357870 0.037500 0.047222
5 0.189844 0.235648 0.029687 0.025000
9 0.194792 0.156944 0.036458 0.049074
5 0.255469 0.115741 0.026562 0.016667
