1 0.024740 0.568056 0.029687 0.060185
8 0.043490 0.604630 0.070312 0.138889
4 0.024219 0.630556 0.020313 0.044444
1 0.246094 0.516204 0.029687 0.065741
8 0.252865 0.566667 0.066146 0.166667
5 0.237240 0.665741 0.058854 0.064815
0 0.310937 0.518981 0.034375 0.086111
8 0.316927 0.566204 0.074479 0.180556
5 0.314063 0.683333 0.060417 0.068519
1 0.396354 0.540741 0.036458 0.074074
8 0.399740 0.580556 0.075521 0.157407
5 0.393490 0.680556 0.067187 0.068519
1 0.476042 0.530556 0.036458 0.068519
8 0.477344 0.576389 0.073438 0.152778
5 0.489323 0.680093 0.066146 0.069444
1 0.712240 0.064352 0.011979 0.023148
8 0.705990 0.068519 0.026562 0.044444
1 0.682813 0.064352 0.014583 0.023148
8 0.676042 0.068519 0.029167 0.044444
7 0.657292 0.080556 0.013542 0.025926
0 0.613542 0.043056 0.014583 0.030556
8 0.609115 0.065741 0.031771 0.061111
0 0.580990 0.043056 0.014063 0.030556
8 0.573438 0.056019 0.037500 0.069444
0 0.504167 0.040741 0.013542 0.031481
8 0.503646 0.054167 0.033333 0.060185
1 0.463542 0.042593 0.015625 0.031481
8 0.463542 0.056019 0.038542 0.056481
7 0.427865 0.055556 0.030729 0.044444
1 0.389844 0.043056 0.014063 0.026852
8 0.388542 0.055556 0.034375 0.053704
1 0.355990 0.055093 0.015104 0.028704
8 0.351042 0.068519 0.040625 0.055556
1 0.315365 0.055556 0.016146 0.031481
8 0.313021 0.068056 0.038542 0.052778
1 0.253646 0.080556 0.014583 0.027778
9 0.259115 0.093056 0.035937 0.050926
4 0.249740 0.109722 0.011979 0.013889
1 0.326823 0.029167 0.013021 0.025000
8 0.329948 0.030556 0.030729 0.044444
1 0.417448 0.027778 0.013021 0.025926
9 0.419271 0.031019 0.035417 0.039815
1 0.452865 0.018056 0.014063 0.025000
8 0.455990 0.031019 0.034896 0.045370
1 0.495573 0.016667 0.011979 0.027778
8 0.494792 0.028241 0.031250 0.052778
1 0.554688 0.031019 0.012500 0.025000
9 0.549740 0.040278 0.032813 0.045370
7 0.519792 0.027778 0.012500 0.025926
1 0.736719 0.093056 0.011979 0.030556
8 0.734115 0.105556 0.033854 0.050000
0 0.667188 0.106019 0.014583 0.036111
8 0.665365 0.118519 0.039062 0.057407
1 0.620313 0.101389 0.016667 0.036111
9 0.623437 0.111574 0.044792 0.056481
1 0.584635 0.090741 0.015104 0.031481
8 0.582292 0.103241 0.036458 0.062037
1 0.544792 0.080556 0.015625 0.031481
8 0.541667 0.093056 0.035417 0.056481
1 0.515365 0.093056 0.014063 0.032407
8 0.507292 0.105556 0.045833 0.057407
1 0.459896 0.082407 0.015625 0.031481
8 0.462240 0.093519 0.039062 0.048148
1 0.383594 0.093056 0.017188 0.028704
9 0.376823 0.104630 0.043229 0.053704
1 0.331771 0.093056 0.016667 0.030556
9 0.334115 0.106019 0.046354 0.050926
1 0.290365 0.093056 0.015104 0.030556
8 0.288542 0.105556 0.040625 0.055556
9 0.194792 0.155556 0.036458 0.046296
0 0.291667 0.129167 0.015625 0.036111
8 0.296615 0.146759 0.046354 0.080556
1 0.340365 0.130556 0.018229 0.037037
8 0.343490 0.143056 0.041146 0.069444
1 0.387240 0.143056 0.019271 0.030556
9 0.387500 0.155556 0.040625 0.051852
1 0.440365 0.105556 0.018229 0.035185
8 0.441667 0.133333 0.047917 0.094444
1 0.521094 0.131019 0.019271 0.041667
8 0.515365 0.152315 0.055729 0.084259
1 0.576042 0.143519 0.016667 0.040741
9 0.565625 0.166204 0.046875 0.084259
8 0.609115 0.166204 0.035937 0.056481
1 0.659635 0.164352 0.019271 0.039815
8 0.652865 0.173611 0.042188 0.056481
3 0.659115 0.201389 0.010937 0.012037
1 0.763542 0.168519 0.017708 0.035185
8 0.756250 0.180556 0.034375 0.068519
7 0.788542 0.204167 0.035417 0.047222
1 0.781771 0.228704 0.019792 0.037037
8 0.776823 0.243056 0.041146 0.080556
1 0.821094 0.231019 0.018229 0.039815
8 0.814844 0.254630 0.041146 0.081481
0 0.622917 0.180556 0.020833 0.040741
8 0.613542 0.211111 0.048958 0.105556
1 0.574219 0.194907 0.020313 0.043519
8 0.566667 0.218519 0.046875 0.085185
1 0.518490 0.205556 0.020313 0.038889
9 0.512240 0.218519 0.054688 0.070370
1 0.452344 0.205556 0.021354 0.040741
9 0.454688 0.216204 0.058333 0.076852
1 0.394792 0.203704 0.020833 0.040741
9 0.389323 0.218056 0.059896 0.080556
1 0.313542 0.193056 0.020833 0.043519
8 0.310417 0.218519 0.058333 0.088889
1 0.250521 0.228241 0.020833 0.037963
9 0.251563 0.241667 0.058333 0.064815
1 0.186198 0.187963 0.021354 0.044444
9 0.192188 0.203704 0.045833 0.072222
0 0.154167 0.232407 0.019792 0.050000
8 0.157812 0.252315 0.044792 0.089815
1 0.816667 0.305556 0.018750 0.044444
9 0.799740 0.327315 0.054688 0.075000
1 0.855990 0.330556 0.020313 0.044444
9 0.843490 0.339815 0.046354 0.061111
1 0.688542 0.293056 0.020833 0.054630
8 0.677865 0.318056 0.045312 0.097222
3 0.674740 0.380556 0.018229 0.029630
1 0.640365 0.318519 0.026562 0.048148
9 0.625521 0.339352 0.059375 0.086111
1 0.580469 0.292130 0.023438 0.049074
8 0.569792 0.307407 0.051042 0.094444
3 0.574219 0.364352 0.019271 0.012037
1 0.497917 0.330556 0.027083 0.053704
9 0.501563 0.343056 0.066667 0.091667
1 0.450521 0.318056 0.030208 0.054630
9 0.444792 0.330556 0.060417 0.083333
0 0.377344 0.267593 0.026562 0.055556
8 0.385417 0.293056 0.055208 0.121296
3 0.402344 0.376389 0.014063 0.019444
1 0.324740 0.294444 0.023438 0.055556
8 0.324740 0.319907 0.065104 0.123148
4 0.314063 0.375000 0.019792 0.031481
0 0.253646 0.280093 0.026042 0.056481
8 0.263542 0.318519 0.051042 0.140741
1 0.212240 0.305093 0.020313 0.043519
9 0.215365 0.330556 0.051562 0.120370
5 0.213542 0.355556 0.039583 0.046296
1 0.581250 0.531019 0.031250 0.075000
8 0.579688 0.580556 0.073958 0.164815
6 0.588542 0.675926 0.068750 0.074074
7 0.847917 0.630556 0.030208 0.075926
1 0.984115 0.780556 0.026562 0.068519
8 0.957292 0.817130 0.084375 0.147222
4 0.964063 0.865278 0.016667 0.047222
1 0.926042 0.570833 0.020833 0.056481
8 0.902865 0.618056 0.069271 0.143519
4 0.924740 0.655556 0.018229 0.033333
1 0.960938 0.606019 0.021875 0.052778
8 0.949740 0.629167 0.047396 0.097222
0 0.765365 0.427778 0.024479 0.061111
8 0.763542 0.465741 0.057292 0.138889
0 0.724219 0.393056 0.027604 0.067593
8 0.716667 0.433333 0.069792 0.155556
0 0.648438 0.375463 0.029167 0.062037
8 0.641146 0.418519 0.069792 0.151852
5 0.652865 0.530556 0.053646 0.053704
1 0.583073 0.405556 0.031771 0.068519
8 0.568490 0.439815 0.075521 0.129630
1 0.491667 0.402778 0.026042 0.059259
8 0.484896 0.430556 0.077083 0.125926
1 0.842969 0.370833 0.020313 0.043519
8 0.831771 0.406019 0.042708 0.110185
4 0.836719 0.443056 0.018229 0.030556
1 0.892188 0.380556 0.019792 0.044444
8 0.878646 0.413426 0.048958 0.099074
7 0.729948 0.367130 0.047396 0.080556
6 0.377865 0.376389 0.026562 0.049074
9 0.810417 0.655556 0.111458 0.131481
3 0.426823 0.372685 0.013021 0.030556
3 0.596094 0.277315 0.010937 0.019444
5 0.618490 0.280556 0.036979 0.027778
4 0.309115 0.254630 0.023438 0.016667
3 0.339844 0.183333 0.014063 0.012963
5 0.347917 0.186574 0.033333 0.023148
3 0.123438 0.316204 0.010417 0.015741
5 0.117188 0.317130 0.023958 0.019444
5 0.325000 0.381019 0.043750 0.037963
4 0.817969 0.356019 0.017188 0.025000
5 0.811719 0.368056 0.027604 0.023148
3 0.504687 0.952315 0.029167 0.075000
5 0.919792 0.670370 0.035417 0.040741
6 0.722135 0.528241 0.050521 0.058333
5 0.412240 0.253704 0.020313 0.033333
6 0.447396 0.258333 0.041667 0.038889
6 0.291146 0.192593 0.029167 0.029630
6 0.436458 0.178704 0.028125 0.024074
3 0.419010 0.185648 0.011979 0.019444
5 0.465885 0.125000 0.022396 0.022222
5 0.546615 0.131481 0.023438 0.018519
5 0.593490 0.140278 0.019271 0.019444
5 0.636719 0.145370 0.015104 0.022222
1 0.614062 0.157407 0.018750 0.037037
6 0.518750 0.258333 0.037500 0.029630
6 0.560937 0.270370 0.034375 0.033333
4 0.377344 0.125926 0.015104 0.018519
5 0.254688 0.115278 0.026042 0.017593
1 0.196094 0.152778 0.016146 0.037037
5 0.188542 0.234259 0.030208 0.024074
6 0.264062 0.367130 0.039583 0.039815
5 0.677865 0.156019 0.020313 0.025000
4 0.625521 0.141667 0.012500 0.018519
5 0.968750 0.860185 0.028125 0.066667
