9 0.010677 0.629167 0.020313 0.041667
1 0.023438 0.567593 0.029167 0.061111
8 0.043490 0.601389 0.075521 0.143519
5 0.237240 0.662963 0.056771 0.062963
5 0.314063 0.680556 0.061458 0.068519
4 0.396094 0.643056 0.026562 0.026852
5 0.394271 0.680556 0.061458 0.068519
1 0.244792 0.520833 0.030208 0.063889
0 0.312240 0.517593 0.032813 0.077778
1 0.394792 0.527778 0.033333 0.075926
8 0.396615 0.568056 0.076563 0.163889
8 0.319792 0.559722 0.071875 0.186111
8 0.249740 0.568056 0.067187 0.156481
5 0.488021 0.681019 0.065625 0.069444
5 0.584115 0.676852 0.061979 0.062963
0 0.474740 0.505556 0.032813 0.074074
8 0.474740 0.564352 0.078646 0.184259
5 0.504167 0.493056 0.028125 0.052778
1 0.582292 0.531019 0.030208 0.067593
8 0.569792 0.568056 0.082292 0.156481
5 0.652865 0.531019 0.054688 0.050926
6 0.810417 0.697222 0.045833 0.068519
0 0.782292 0.604167 0.031250 0.076852
8 0.784115 0.647222 0.079687 0.174074
4 0.963021 0.856019 0.015625 0.037963
5 0.969271 0.857870 0.028125 0.063889
4 0.986198 0.840741 0.018229 0.057407
6 0.988542 0.843519 0.020833 0.062963
1 0.980990 0.780556 0.026562 0.055556
8 0.955469 0.805556 0.080729 0.140741
3 0.929948 0.662037 0.011979 0.031481
6 0.921615 0.666204 0.032813 0.047222
6 0.949740 0.655556 0.036979 0.042593
1 0.959115 0.575926 0.020313 0.050000
1 0.918490 0.575463 0.022396 0.056481
8 0.946615 0.611574 0.050521 0.128704
8 0.896615 0.606019 0.066146 0.115741
8 0.722396 0.528241 0.047917 0.060185
6 0.773438 0.527315 0.045833 0.050926
0 0.767969 0.423611 0.024479 0.069444
0 0.722917 0.393519 0.026042 0.070370
0 0.646094 0.378704 0.029687 0.066667
8 0.763542 0.469444 0.060417 0.155556
8 0.714063 0.438889 0.068750 0.155556
8 0.638542 0.418056 0.069792 0.156481
4 0.836719 0.443519 0.017188 0.029630
6 0.880469 0.443056 0.019271 0.034259
1 0.885417 0.368981 0.017708 0.047222
8 0.879948 0.404630 0.047396 0.116667
1 0.844792 0.368056 0.019792 0.049074
8 0.833594 0.397222 0.046354 0.112963
1 0.577865 0.418056 0.031771 0.065741
8 0.571615 0.445833 0.079687 0.130556
3 0.574219 0.364352 0.020313 0.013889
4 0.314063 0.368519 0.017708 0.035185
5 0.322917 0.379630 0.045833 0.042593
6 0.379167 0.379630 0.029167 0.051852
3 0.402344 0.377778 0.009896 0.022222
3 0.427865 0.368056 0.010937 0.025000
6 0.446094 0.368519 0.026562 0.042593
1 0.318490 0.318056 0.024479 0.050926
0 0.440365 0.273611 0.029687 0.069444
8 0.440365 0.308333 0.070312 0.127778
0 0.379688 0.256019 0.025000 0.058333
8 0.385417 0.298611 0.053125 0.156481
9 0.322917 0.330556 0.066667 0.094444
3 0.262500 0.364815 0.012500 0.020370
6 0.265365 0.366667 0.043229 0.040741
6 0.214062 0.356944 0.037500 0.045370
1 0.263021 0.287037 0.026042 0.059259
1 0.213021 0.308333 0.025000 0.053704
8 0.267969 0.330556 0.053646 0.148148
9 0.215365 0.335185 0.063021 0.118519
6 0.163542 0.291204 0.019792 0.030556
0 0.154167 0.226852 0.019792 0.050000
3 0.123698 0.315278 0.009896 0.013889
3 0.117969 0.317130 0.023438 0.023148
8 0.157292 0.255093 0.042708 0.102778
5 0.190365 0.231019 0.027604 0.017593
1 0.185938 0.187037 0.019792 0.044444
1 0.156250 0.192593 0.015625 0.031481
8 0.196615 0.194444 0.045312 0.066667
8 0.160417 0.205556 0.035417 0.059259
1 0.194792 0.152778 0.016667 0.037037
9 0.196094 0.155556 0.036979 0.046296
1 0.255990 0.071296 0.017188 0.035185
8 0.255208 0.092130 0.043750 0.071296
1 0.487240 0.393056 0.030729 0.069444
8 0.490365 0.423611 0.067187 0.130556
1 0.494271 0.330556 0.026042 0.059259
9 0.502865 0.343056 0.067187 0.097222
3 0.312240 0.256019 0.015104 0.010185
1 0.249740 0.230556 0.020313 0.042593
9 0.253125 0.242593 0.062500 0.066667
5 0.319792 0.263426 0.035417 0.025000
1 0.314323 0.194444 0.021354 0.046296
8 0.313021 0.218056 0.052083 0.082407
4 0.336719 0.180556 0.020313 0.016667
4 0.299740 0.180556 0.015104 0.018519
6 0.289844 0.191204 0.026562 0.025000
5 0.348438 0.187037 0.030208 0.022222
1 0.301563 0.153704 0.018750 0.037037
9 0.302344 0.162963 0.047396 0.057407
1 0.343490 0.130556 0.018229 0.044444
8 0.344792 0.148611 0.039583 0.082407
1 0.290365 0.096759 0.016146 0.036111
6 0.287240 0.139352 0.017188 0.025000
8 0.288021 0.111574 0.042708 0.067593
1 0.343490 0.093056 0.017188 0.030556
9 0.337240 0.106019 0.042188 0.049074
4 0.376823 0.118056 0.015104 0.019444
1 0.380990 0.093519 0.017188 0.029630
9 0.377344 0.104167 0.042188 0.056481
1 0.315365 0.057870 0.014063 0.034259
9 0.314063 0.068519 0.035417 0.055556
1 0.354167 0.055556 0.015625 0.031481
8 0.349740 0.064352 0.034896 0.049074
1 0.327344 0.024074 0.014063 0.031481
8 0.329167 0.032407 0.030208 0.048148
1 0.388542 0.146759 0.019792 0.039815
9 0.387240 0.156481 0.040104 0.053704
1 0.395313 0.204167 0.021875 0.039815
5 0.414844 0.255093 0.018229 0.030556
9 0.389844 0.218056 0.059896 0.082407
1 0.451042 0.205556 0.022917 0.046296
5 0.459115 0.255556 0.015104 0.031481
9 0.454167 0.214352 0.060417 0.075000
1 0.440365 0.113889 0.017188 0.037037
6 0.439063 0.168056 0.031250 0.019444
6 0.442188 0.138889 0.046875 0.088889
1 0.386719 0.052778 0.015104 0.029630
9 0.386198 0.060185 0.038021 0.057407
1 0.417187 0.018519 0.014583 0.029630
8 0.418490 0.029167 0.031771 0.047222
1 0.419271 0.056481 0.017708 0.031481
9 0.424740 0.058333 0.032813 0.046296
1 0.460417 0.070833 0.017708 0.037963
5 0.463542 0.122685 0.027083 0.019444
5 0.463542 0.087037 0.037500 0.068519
1 0.452344 0.018056 0.010937 0.028704
8 0.454167 0.028704 0.035417 0.051852
1 0.462240 0.040278 0.013021 0.028704
1 0.502344 0.042130 0.014063 0.030556
1 0.494271 0.016204 0.011458 0.025000
8 0.494792 0.028241 0.033333 0.050926
8 0.503646 0.055556 0.034375 0.061111
1 0.547917 0.024537 0.014583 0.030556
2 0.526042 0.018519 0.014583 0.027778
8 0.521615 0.028704 0.024479 0.051852
5 0.523438 0.055556 0.015625 0.014815
8 0.548438 0.033796 0.029167 0.050926
3 0.596094 0.278704 0.010937 0.016667
3 0.490365 0.255556 0.009896 0.018519
5 0.519271 0.255556 0.039583 0.033333
6 0.573438 0.268519 0.055208 0.035185
5 0.620313 0.280556 0.037500 0.029630
1 0.508073 0.087500 0.016146 0.032407
8 0.505208 0.102315 0.044792 0.062037
1 0.544792 0.084259 0.015625 0.035185
8 0.542188 0.096759 0.037500 0.056481
5 0.549219 0.131019 0.025521 0.017593
0 0.515625 0.169444 0.018750 0.048148
8 0.512240 0.200463 0.048438 0.099074
0 0.569792 0.193056 0.019792 0.045370
0 0.607292 0.186111 0.023958 0.046296
8 0.566667 0.218056 0.044792 0.099074
8 0.605990 0.212963 0.036979 0.094444
1 0.521094 0.131944 0.021354 0.043519
0 0.575521 0.143056 0.017708 0.037963
8 0.510417 0.150000 0.054167 0.070370
8 0.564323 0.166204 0.047396 0.082407
1 0.614844 0.156019 0.016146 0.030556
8 0.612240 0.168519 0.045312 0.062963
4 0.655990 0.197685 0.016146 0.019444
5 0.664844 0.206019 0.028646 0.017593
1 0.658594 0.162963 0.020313 0.037037
8 0.652865 0.173611 0.044271 0.058333
1 0.579948 0.302315 0.021354 0.047222
8 0.568490 0.318519 0.054688 0.085185
1 0.637240 0.329167 0.021354 0.041667
9 0.629167 0.343519 0.066667 0.085185
4 0.671615 0.368056 0.018229 0.030556
5 0.696615 0.390741 0.034896 0.035185
1 0.685417 0.295370 0.022917 0.061111
8 0.679167 0.323611 0.044792 0.106481
1 0.734115 0.356019 0.017188 0.036111
9 0.727344 0.367593 0.055729 0.079630
4 0.818490 0.361111 0.016146 0.022222
1 0.821615 0.315741 0.020313 0.042593
1 0.852865 0.325463 0.020313 0.043519
8 0.844792 0.333796 0.041667 0.073148
8 0.803125 0.318056 0.059375 0.089815
1 0.822917 0.246296 0.019792 0.040741
8 0.814063 0.257407 0.035417 0.068519
0 0.782813 0.213889 0.018750 0.035185
5 0.784896 0.278241 0.029167 0.023148
8 0.777865 0.231944 0.039062 0.080556
1 0.790365 0.185648 0.017188 0.032407
1 0.763542 0.177315 0.017708 0.036111
6 0.760938 0.215278 0.021875 0.025000
8 0.754167 0.191204 0.039583 0.065741
1 0.582292 0.081944 0.014583 0.037963
1 0.624740 0.106019 0.015104 0.030556
1 0.669792 0.117593 0.013542 0.027778
5 0.677865 0.154630 0.022396 0.018519
8 0.663542 0.118056 0.038542 0.056481
8 0.622396 0.116204 0.044792 0.058333
8 0.582292 0.097685 0.035417 0.069444
1 0.654167 0.076389 0.014583 0.025000
1 0.613542 0.056019 0.014583 0.026852
1 0.588021 0.043519 0.012500 0.027778
1 0.570573 0.055556 0.013021 0.031481
8 0.569792 0.070370 0.035417 0.050000
9 0.585938 0.043519 0.029167 0.038889
1 0.621615 0.039352 0.010937 0.023148
1 0.618490 0.043056 0.029687 0.043519
8 0.607292 0.068056 0.038542 0.052778
8 0.647917 0.080556 0.028125 0.044444
1 0.759115 0.135185 0.017188 0.037037
8 0.752865 0.144444 0.040104 0.051852
1 0.738021 0.098148 0.013542 0.031481
6 0.734115 0.134722 0.016146 0.019444
8 0.732812 0.107870 0.031250 0.052778
1 0.714063 0.065278 0.013542 0.023148
1 0.682813 0.056944 0.012500 0.026852
4 0.689844 0.090741 0.010937 0.012963
8 0.678646 0.069444 0.029167 0.051852
8 0.708594 0.079167 0.029687 0.054630
4 0.624740 0.141204 0.011979 0.015741
5 0.635938 0.143981 0.015625 0.021296
5 0.812240 0.368056 0.027604 0.017593
3 0.505208 0.955093 0.033333 0.073148
