1 0.021615 0.555556 0.030729 0.068519
8 0.043490 0.593056 0.074479 0.143519
4 0.023438 0.630556 0.020833 0.042593
1 0.251042 0.505556 0.029167 0.068519
8 0.252865 0.556019 0.064062 0.158333
5 0.238021 0.665278 0.060417 0.065741
0 0.311198 0.514815 0.030729 0.072222
8 0.321615 0.566667 0.071354 0.175926
5 0.314844 0.680556 0.064062 0.068519
1 0.391146 0.543056 0.031250 0.067593
8 0.396615 0.580556 0.073438 0.144444
5 0.395313 0.680556 0.073958 0.068519
1 0.474740 0.530556 0.035937 0.068519
8 0.474740 0.576852 0.076563 0.151852
5 0.489844 0.679630 0.067187 0.074074
1 0.580990 0.530556 0.035937 0.066667
8 0.579688 0.578704 0.073958 0.157407
6 0.587240 0.675926 0.073438 0.074074
0 0.847917 0.633333 0.032292 0.072222
1 0.926042 0.568056 0.020833 0.056481
8 0.903385 0.606481 0.068229 0.127778
4 0.926042 0.656019 0.022917 0.047222
1 0.962240 0.606019 0.024479 0.052778
8 0.951823 0.631019 0.047396 0.097222
1 0.492188 0.393056 0.028125 0.056481
8 0.485417 0.429167 0.073958 0.115741
4 0.482292 0.480556 0.027083 0.031481
1 0.583073 0.405556 0.030729 0.068519
9 0.568490 0.430556 0.074479 0.118519
1 0.635417 0.368056 0.026042 0.062037
8 0.638542 0.418519 0.068750 0.159259
5 0.654167 0.530556 0.055208 0.050000
0 0.724219 0.393519 0.025521 0.066667
8 0.716146 0.430556 0.065625 0.146296
6 0.722917 0.531019 0.048958 0.058333
1 0.766667 0.418056 0.023958 0.056481
8 0.769792 0.455556 0.058333 0.131481
1 0.844792 0.368519 0.020833 0.051852
8 0.834115 0.393056 0.042188 0.106481
4 0.835938 0.443519 0.020833 0.035185
1 0.888021 0.380556 0.020833 0.046296
8 0.877865 0.406019 0.042188 0.097222
1 0.210417 0.305556 0.023958 0.046296
9 0.213542 0.339815 0.059375 0.112963
1 0.266667 0.272685 0.023958 0.056481
8 0.268490 0.318519 0.051562 0.151852
3 0.262240 0.358333 0.010937 0.018519
1 0.322917 0.280556 0.028125 0.055556
8 0.324740 0.318056 0.065104 0.128704
4 0.313021 0.368056 0.020833 0.019444
0 0.379688 0.255556 0.025000 0.055556
8 0.386719 0.293056 0.057813 0.125000
3 0.401042 0.377778 0.012500 0.024074
1 0.446615 0.316204 0.033854 0.054630
9 0.444271 0.330556 0.059375 0.094444
3 0.427344 0.368056 0.011979 0.030556
1 0.494792 0.330556 0.026042 0.055556
9 0.501563 0.343056 0.066667 0.091667
1 0.579167 0.293519 0.023958 0.044444
8 0.571094 0.318519 0.051562 0.087037
4 0.571875 0.355556 0.025000 0.029630
1 0.642969 0.318519 0.023438 0.048148
9 0.628646 0.330556 0.064583 0.081481
1 0.685417 0.293519 0.020833 0.055556
8 0.677865 0.318056 0.046354 0.106481
4 0.674740 0.377315 0.017188 0.037963
1 0.816667 0.306019 0.025000 0.047222
9 0.800521 0.318056 0.058333 0.080556
1 0.849219 0.318056 0.021354 0.043519
4 0.816667 0.355556 0.016667 0.025926
1 0.154688 0.218981 0.016667 0.043519
8 0.158594 0.255093 0.044271 0.100926
0 0.157292 0.180556 0.016667 0.040741
8 0.162240 0.193519 0.036979 0.072222
1 0.185417 0.181019 0.015625 0.037963
8 0.196615 0.193056 0.041146 0.060185
1 0.194792 0.143056 0.014583 0.030556
9 0.197917 0.156019 0.033333 0.039815
1 0.251563 0.227778 0.020833 0.038889
9 0.254167 0.241204 0.061458 0.067593
4 0.246615 0.268056 0.018229 0.032407
1 0.314063 0.193056 0.020833 0.043519
8 0.314063 0.218056 0.050000 0.082407
3 0.314844 0.254167 0.026562 0.019444
1 0.395313 0.205556 0.025000 0.044444
9 0.390365 0.218056 0.060937 0.071296
1 0.452865 0.205556 0.020313 0.044444
9 0.454948 0.216667 0.058854 0.072222
6 0.447396 0.255556 0.042708 0.031481
0 0.512240 0.180556 0.020313 0.048148
8 0.513542 0.206019 0.048958 0.095370
3 0.490365 0.255556 0.010937 0.018519
0 0.566667 0.180556 0.020833 0.044444
8 0.565365 0.213889 0.046354 0.098148
3 0.596094 0.278241 0.010937 0.017593
0 0.607292 0.179630 0.019792 0.046296
8 0.607292 0.205556 0.038542 0.105556
5 0.618490 0.280556 0.036979 0.031481
1 0.786719 0.227315 0.021354 0.036111
8 0.777865 0.243056 0.042188 0.069444
1 0.819792 0.231019 0.017708 0.043519
8 0.817969 0.243056 0.035937 0.080556
0 0.300521 0.130556 0.016667 0.037037
8 0.298438 0.153241 0.040625 0.084259
1 0.348698 0.130556 0.019271 0.038889
8 0.346094 0.155556 0.039062 0.079630
4 0.337240 0.181019 0.019271 0.017593
1 0.387240 0.143056 0.018229 0.030556
9 0.387240 0.155556 0.039062 0.051852
1 0.441667 0.114352 0.018750 0.039815
8 0.441667 0.141204 0.048958 0.093519
1 0.519792 0.130093 0.020833 0.043519
8 0.515365 0.143056 0.052604 0.080556
1 0.576042 0.143056 0.018750 0.039815
8 0.564844 0.155556 0.048438 0.081481
1 0.660417 0.155556 0.017708 0.031481
8 0.652344 0.171759 0.044271 0.062037
4 0.655990 0.193056 0.017188 0.019444
1 0.764323 0.168056 0.018229 0.036111
8 0.757292 0.180556 0.038542 0.068519
7 0.792188 0.201389 0.016667 0.036111
1 0.291146 0.093056 0.014583 0.030556
8 0.288542 0.105556 0.039583 0.055556
1 0.332292 0.105556 0.015625 0.027778
9 0.334115 0.105556 0.046354 0.044444
1 0.380990 0.093056 0.016146 0.030556
9 0.376563 0.105556 0.043750 0.051852
4 0.377865 0.118981 0.016146 0.019444
1 0.459115 0.080556 0.015104 0.031481
8 0.462240 0.093519 0.038021 0.048148
1 0.515365 0.093519 0.016146 0.029630
8 0.508594 0.106019 0.048438 0.054630
1 0.545573 0.080556 0.016146 0.031481
8 0.542188 0.093056 0.035417 0.056481
1 0.586719 0.097685 0.014063 0.034259
8 0.585156 0.105093 0.036979 0.054630
1 0.621354 0.102315 0.015625 0.030556
9 0.623177 0.115741 0.044271 0.064815
1 0.669271 0.105556 0.014583 0.029630
1 0.760417 0.143519 0.014583 0.029630
9 0.749740 0.143056 0.038021 0.043519
1 0.251823 0.078704 0.015104 0.027778
9 0.257292 0.091204 0.037500 0.052778
4 0.249740 0.106019 0.014063 0.023148
1 0.737240 0.093519 0.013021 0.025926
8 0.733594 0.105556 0.032813 0.050000
8 0.665365 0.118056 0.035937 0.058333
9 0.808594 0.659259 0.113021 0.124074
8 0.954167 0.806481 0.077083 0.144444
4 0.964063 0.863889 0.014583 0.038889
6 0.377865 0.377778 0.025521 0.051852
6 0.215625 0.355556 0.034375 0.040741
3 0.123438 0.316204 0.009375 0.013889
5 0.117188 0.317593 0.023958 0.020370
1 0.713021 0.066204 0.011458 0.025000
8 0.705990 0.069444 0.025521 0.044444
1 0.682292 0.056019 0.014583 0.023148
8 0.674740 0.068056 0.027604 0.037963
0 0.613542 0.044907 0.014583 0.030556
8 0.609115 0.059722 0.030729 0.056481
1 0.659896 0.080093 0.013542 0.025000
9 0.652344 0.082407 0.029687 0.044444
1 0.572396 0.055556 0.014583 0.031481
9 0.568490 0.068056 0.031771 0.047222
1 0.585417 0.038889 0.011458 0.024074
9 0.585938 0.043519 0.028125 0.038889
1 0.557813 0.029167 0.012500 0.023148
8 0.551042 0.039815 0.030208 0.046296
1 0.504167 0.043056 0.014583 0.030556
8 0.504167 0.055093 0.033333 0.054630
1 0.463542 0.041667 0.013542 0.029630
8 0.463021 0.054630 0.037500 0.057407
0 0.428646 0.039815 0.014583 0.031481
8 0.426563 0.052315 0.031250 0.058333
0 0.392188 0.030556 0.014583 0.025926
8 0.389323 0.043056 0.033854 0.069444
1 0.418490 0.018056 0.010937 0.019444
1 0.351042 0.043981 0.014583 0.030556
8 0.351042 0.055556 0.035417 0.055556
1 0.315365 0.056019 0.014063 0.028704
8 0.314844 0.068519 0.035937 0.051852
1 0.324740 0.027778 0.013021 0.025926
8 0.329688 0.030556 0.029167 0.044444
5 0.324740 0.379630 0.048438 0.040741
6 0.268490 0.367130 0.034896 0.043519
3 0.504167 0.951389 0.027083 0.069444
5 0.505990 0.495370 0.028646 0.057407
5 0.583594 0.370833 0.043229 0.039815
5 0.968490 0.859259 0.027604 0.066667
5 0.695573 0.388426 0.033854 0.037963
