1 0.021094 0.566204 0.031771 0.056481
4 0.025521 0.630556 0.012500 0.031481
9 0.042188 0.580556 0.077083 0.105556
1 0.252865 0.518519 0.042188 0.062963
5 0.238021 0.664815 0.059375 0.062963
8 0.251563 0.555556 0.065625 0.155556
1 0.311719 0.524074 0.032813 0.085185
5 0.314063 0.687963 0.065625 0.068519
8 0.319792 0.568056 0.070833 0.176852
1 0.394792 0.535185 0.032292 0.075926
5 0.393490 0.681019 0.061979 0.071296
8 0.396615 0.578241 0.075521 0.156481
1 0.476042 0.531019 0.035417 0.073148
5 0.490365 0.681019 0.071354 0.076852
8 0.477865 0.578704 0.074479 0.164815
1 0.579688 0.543056 0.033333 0.091667
6 0.588021 0.678704 0.066667 0.068519
8 0.577865 0.576389 0.072396 0.173148
0 0.846615 0.634259 0.032813 0.075926
9 0.809115 0.663426 0.109896 0.130556
1 0.926042 0.577778 0.022917 0.048148
4 0.927865 0.656019 0.017188 0.037963
8 0.902865 0.601852 0.068229 0.101852
1 0.962240 0.605093 0.021354 0.047222
4 0.946875 0.680556 0.015625 0.040741
8 0.949740 0.630556 0.047396 0.105556
0 0.766146 0.427315 0.022917 0.058333
8 0.763542 0.475000 0.056250 0.159259
0 0.723437 0.395370 0.027083 0.070370
6 0.722396 0.527778 0.047917 0.059259
8 0.715885 0.437500 0.069271 0.156481
1 0.638542 0.371759 0.028125 0.065741
8 0.636458 0.418519 0.071875 0.159259
1 0.582812 0.412963 0.033333 0.070370
8 0.568490 0.447685 0.077604 0.143519
1 0.493490 0.400000 0.029687 0.064815
8 0.485938 0.434722 0.080208 0.126852
1 0.887760 0.381019 0.018229 0.039815
8 0.877865 0.410648 0.041146 0.100926
1 0.843490 0.367130 0.020313 0.045370
4 0.835938 0.443056 0.015625 0.026852
8 0.830990 0.399537 0.043229 0.119444
1 0.819271 0.315741 0.020833 0.038889
4 0.819792 0.361111 0.015625 0.022222
9 0.801562 0.318981 0.055208 0.076852
1 0.739844 0.356019 0.021354 0.045370
9 0.729688 0.367130 0.055208 0.089815
1 0.690365 0.303241 0.021354 0.052778
8 0.679688 0.329630 0.045833 0.105556
6 0.694792 0.381481 0.034375 0.050000
1 0.643490 0.318056 0.024479 0.043519
9 0.627865 0.337963 0.061979 0.087037
1 0.579688 0.300000 0.023958 0.051852
4 0.574219 0.364815 0.020313 0.012963
8 0.569792 0.317130 0.051042 0.086111
1 0.496615 0.339352 0.025521 0.056481
9 0.502083 0.343519 0.068750 0.096296
2 0.458594 0.304167 0.032813 0.052778
9 0.443490 0.321759 0.063021 0.097222
0 0.377865 0.266204 0.027604 0.063889
8 0.385417 0.304630 0.055208 0.144444
1 0.326042 0.290741 0.025000 0.055556
8 0.324740 0.324074 0.066146 0.127778
4 0.314063 0.375000 0.023958 0.031481
3 0.402344 0.378704 0.010937 0.022222
3 0.427344 0.374074 0.011979 0.029630
0 0.254688 0.276852 0.025000 0.053704
8 0.263542 0.316204 0.055208 0.136111
1 0.210938 0.307870 0.025000 0.050926
9 0.214844 0.333796 0.057813 0.121296
1 0.152865 0.234259 0.020313 0.050000
8 0.157292 0.249537 0.048958 0.080556
3 0.122396 0.315278 0.007292 0.017593
9 0.194792 0.154167 0.039583 0.045370
1 0.185938 0.186574 0.019792 0.043519
8 0.192188 0.203241 0.043750 0.069444
1 0.252344 0.080556 0.013021 0.027778
4 0.249740 0.107407 0.011979 0.016667
9 0.259115 0.089352 0.038021 0.050926
1 0.250521 0.228704 0.020833 0.042593
9 0.253385 0.239815 0.057813 0.072222
4 0.309896 0.256481 0.022917 0.020370
1 0.316146 0.199537 0.022917 0.047222
8 0.310937 0.223611 0.057292 0.091667
1 0.394792 0.205556 0.022917 0.042593
9 0.389062 0.216204 0.060417 0.076852
4 0.393490 0.243519 0.010937 0.014815
1 0.451562 0.210185 0.023958 0.044444
9 0.454948 0.217130 0.059896 0.087963
1 0.519792 0.207407 0.019792 0.042593
6 0.519792 0.259722 0.038542 0.030556
9 0.511979 0.224074 0.056250 0.079630
0 0.568490 0.194907 0.020313 0.047222
8 0.566146 0.216667 0.048958 0.090741
0 0.608594 0.192593 0.021354 0.046296
8 0.608333 0.216204 0.038542 0.097222
3 0.596615 0.279630 0.010937 0.018519
1 0.659896 0.163426 0.017708 0.032407
9 0.651563 0.174537 0.044792 0.056481
3 0.658594 0.201852 0.010937 0.011111
1 0.618750 0.150926 0.018750 0.033333
8 0.609896 0.162963 0.037500 0.066667
1 0.578646 0.143519 0.016667 0.037037
1 0.521615 0.131019 0.018229 0.039815
9 0.516146 0.149537 0.058333 0.078704
1 0.441667 0.115741 0.018750 0.042593
8 0.442188 0.141667 0.047917 0.092593
6 0.434896 0.178704 0.029167 0.022222
1 0.384635 0.145370 0.018229 0.037037
9 0.379688 0.156944 0.048958 0.058333
1 0.341667 0.130556 0.017708 0.038889
8 0.342969 0.143056 0.035937 0.069444
4 0.338021 0.181019 0.017708 0.012037
0 0.299219 0.131481 0.016146 0.040741
8 0.298438 0.147685 0.041667 0.076852
5 0.293490 0.193056 0.030729 0.023148
1 0.290625 0.097222 0.015625 0.031481
8 0.288542 0.109259 0.039583 0.059259
1 0.331771 0.101389 0.014583 0.026852
9 0.334115 0.106019 0.044271 0.047222
1 0.382292 0.093519 0.016667 0.027778
9 0.376563 0.105556 0.041667 0.053704
4 0.377865 0.126852 0.015104 0.012963
1 0.459115 0.089352 0.014063 0.026852
9 0.462240 0.094444 0.038021 0.053704
1 0.515365 0.093519 0.014063 0.029630
8 0.508594 0.105556 0.045312 0.061111
1 0.544792 0.088426 0.016667 0.036111
8 0.541667 0.099074 0.033333 0.055556
0 0.584896 0.082407 0.015625 0.038889
8 0.582812 0.097222 0.035417 0.068519
1 0.621615 0.100000 0.017188 0.035185
9 0.622917 0.111574 0.044792 0.058333
0 0.667969 0.109259 0.017188 0.035185
8 0.665365 0.120833 0.039062 0.062037
1 0.316146 0.058796 0.015625 0.034259
8 0.314063 0.069907 0.037500 0.054630
1 0.356250 0.055556 0.015625 0.027778
1 0.393490 0.049537 0.016146 0.034259
9 0.389844 0.059722 0.039062 0.056481
9 0.429688 0.058333 0.033333 0.048148
1 0.462500 0.043056 0.012500 0.030556
8 0.463542 0.063889 0.038542 0.038889
1 0.504167 0.042130 0.014583 0.032407
7 0.573438 0.068056 0.039583 0.049074
0 0.613542 0.050000 0.015625 0.031481
8 0.609115 0.066667 0.030729 0.062963
1 0.658594 0.080556 0.014063 0.024074
9 0.650521 0.086574 0.038542 0.043519
6 0.648438 0.105556 0.020833 0.005556
1 0.326042 0.028241 0.011458 0.026852
8 0.329167 0.038426 0.030208 0.043519
1 0.418490 0.022685 0.014063 0.030556
8 0.416667 0.031019 0.030208 0.049074
1 0.452865 0.018056 0.011979 0.023148
8 0.454167 0.028241 0.026042 0.045370
1 0.494792 0.016667 0.011458 0.025926
8 0.492188 0.027315 0.028125 0.050926
8 0.522917 0.032407 0.023958 0.044444
1 0.555990 0.029167 0.010937 0.025000
8 0.548958 0.041667 0.034375 0.046296
1 0.584115 0.041204 0.011979 0.025000
9 0.583333 0.048611 0.031250 0.043519
1 0.682813 0.063889 0.014583 0.022222
8 0.676042 0.068519 0.027083 0.040741
1 0.713021 0.064815 0.012500 0.022222
8 0.705990 0.075463 0.027604 0.049074
1 0.737240 0.101852 0.015104 0.027778
8 0.732812 0.109722 0.029167 0.050926
1 0.819792 0.230556 0.017708 0.037037
8 0.813542 0.255556 0.040625 0.072222
4 0.822917 0.290278 0.010417 0.015741
1 0.783594 0.231019 0.015104 0.032407
9 0.774740 0.243056 0.040104 0.056481
9 0.785937 0.205556 0.029167 0.046296
1 0.761719 0.171759 0.017188 0.037963
8 0.757292 0.189352 0.040625 0.069444
1 0.759896 0.144907 0.016667 0.030556
9 0.752083 0.152315 0.040625 0.045370
1 0.980990 0.788426 0.026562 0.058333
4 0.964583 0.862500 0.015625 0.043519
8 0.957292 0.812037 0.078125 0.142593
5 0.652865 0.530093 0.054688 0.050926
6 0.377865 0.381019 0.026562 0.043519
5 0.619271 0.280093 0.036458 0.028704
5 0.324219 0.378704 0.045312 0.038889
3 0.504167 0.952315 0.030208 0.071296
5 0.347135 0.187500 0.028646 0.025000
5 0.413542 0.255093 0.019792 0.036111
6 0.447135 0.258796 0.041146 0.036111
6 0.214062 0.356944 0.037500 0.045370
6 0.265365 0.368056 0.043229 0.039815
5 0.115885 0.317593 0.021354 0.024074
5 0.189062 0.235648 0.030208 0.028704
1 0.196094 0.152778 0.017188 0.037037
5 0.254688 0.114815 0.028125 0.016667
8 0.351562 0.065741 0.038542 0.055556
5 0.464844 0.125926 0.025521 0.020370
8 0.503646 0.055556 0.034375 0.061111
5 0.524740 0.056019 0.014063 0.015741
5 0.546615 0.132407 0.023438 0.020370
1 0.520312 0.028241 0.014583 0.026852
8 0.569271 0.156944 0.042708 0.069444
5 0.635938 0.144444 0.015625 0.024074
5 0.677865 0.155556 0.022396 0.020370
5 0.568750 0.274074 0.046875 0.029630
5 0.583594 0.375000 0.045312 0.040741
3 0.676042 0.381481 0.015625 0.029630
5 0.506771 0.497685 0.028125 0.054630
5 0.920312 0.672222 0.033333 0.038889
5 0.968490 0.858796 0.027604 0.065741
5 0.843490 0.453241 0.032813 0.037963
1 0.854948 0.338889 0.021354 0.044444
5 0.807813 0.365278 0.025000 0.026852
6 0.760938 0.218056 0.018750 0.021296
6 0.735417 0.135185 0.017708 0.018519
