5 0.009896 0.630556 0.018750 0.042593
5 0.237240 0.663889 0.059896 0.064815
5 0.313542 0.690278 0.058333 0.069444
5 0.393490 0.686111 0.063021 0.068519
5 0.489844 0.680093 0.065104 0.067593
1 0.477344 0.533333 0.036979 0.075926
8 0.472396 0.602315 0.079167 0.208333
1 0.393490 0.552315 0.032813 0.073148
8 0.396615 0.585185 0.077604 0.137037
1 0.310417 0.518519 0.035417 0.081481
8 0.318490 0.564815 0.074479 0.185185
1 0.246615 0.525000 0.030729 0.066667
8 0.251563 0.568981 0.068750 0.156481
4 0.312240 0.375926 0.023438 0.025926
3 0.402865 0.379630 0.013021 0.024074
3 0.426563 0.373611 0.014583 0.030556
5 0.324219 0.379167 0.046354 0.036111
6 0.215365 0.356019 0.032813 0.050926
3 0.263021 0.365741 0.011458 0.018519
6 0.268490 0.367593 0.035937 0.035185
3 0.122917 0.315278 0.007292 0.017593
5 0.116667 0.317130 0.022917 0.021296
0 0.154688 0.225926 0.020833 0.048148
8 0.157292 0.254167 0.044792 0.108333
1 0.257292 0.287963 0.026042 0.050000
1 0.209896 0.293981 0.025000 0.047222
8 0.214062 0.330556 0.059375 0.125926
8 0.268490 0.331019 0.057813 0.134259
0 0.324219 0.280556 0.023438 0.059259
8 0.324740 0.318519 0.067187 0.135185
5 0.189844 0.233333 0.028646 0.024074
0 0.185938 0.185648 0.019792 0.043519
8 0.194792 0.199074 0.045833 0.070370
0 0.380990 0.261574 0.028646 0.058333
6 0.377865 0.378241 0.029687 0.043519
6 0.444792 0.373611 0.023958 0.034259
8 0.384115 0.302778 0.055729 0.148148
1 0.454167 0.310648 0.029167 0.058333
9 0.444792 0.331019 0.063542 0.095370
1 0.251042 0.227778 0.020833 0.038889
9 0.251563 0.238426 0.059375 0.069444
3 0.312240 0.255556 0.016146 0.011111
1 0.313542 0.194907 0.023958 0.047222
8 0.313542 0.215278 0.054167 0.084259
1 0.194792 0.152778 0.017708 0.035185
9 0.194792 0.155556 0.038542 0.046296
3 0.251042 0.111574 0.011458 0.008333
5 0.256771 0.113426 0.026042 0.019444
1 0.255990 0.074074 0.017188 0.033333
8 0.257292 0.092130 0.044792 0.069444
1 0.290365 0.095833 0.016146 0.036111
8 0.287240 0.109259 0.041146 0.062963
0 0.299740 0.130556 0.018229 0.038889
8 0.299740 0.151852 0.043229 0.085185
4 0.299219 0.180556 0.020313 0.018519
6 0.291667 0.191667 0.026042 0.025926
1 0.494792 0.339352 0.025000 0.052778
9 0.501563 0.343519 0.065625 0.087037
6 0.505990 0.495833 0.029687 0.056481
1 0.492188 0.402315 0.031250 0.062037
8 0.485938 0.433796 0.079167 0.126852
1 0.345313 0.133333 0.018750 0.040741
4 0.335938 0.181019 0.018750 0.019444
5 0.347917 0.187037 0.031250 0.020370
8 0.345313 0.152315 0.042708 0.078704
1 0.332813 0.095370 0.018750 0.033333
9 0.334115 0.105093 0.043229 0.049074
1 0.316667 0.054630 0.016667 0.029630
8 0.313542 0.068056 0.036458 0.058333
1 0.326042 0.030556 0.013542 0.027778
8 0.329688 0.034259 0.030208 0.044444
1 0.354948 0.056019 0.016146 0.032407
8 0.351042 0.063426 0.035417 0.049074
2 0.395313 0.043056 0.016667 0.030556
8 0.390365 0.055556 0.032813 0.057407
1 0.419271 0.056019 0.016667 0.028704
9 0.425521 0.055556 0.031250 0.044444
1 0.380990 0.093519 0.018229 0.033333
4 0.376823 0.118056 0.015104 0.019444
9 0.376563 0.106019 0.043750 0.056481
1 0.388542 0.145370 0.019792 0.038889
9 0.387240 0.156019 0.040104 0.056481
1 0.442188 0.114352 0.017708 0.037963
6 0.435417 0.168056 0.027083 0.019444
3 0.416667 0.180556 0.011458 0.012963
8 0.442188 0.138889 0.045833 0.088889
1 0.395313 0.205556 0.022917 0.042593
9 0.388542 0.218056 0.063542 0.082407
5 0.413542 0.256019 0.016667 0.028704
1 0.415365 0.029630 0.014063 0.027778
8 0.421094 0.031019 0.032813 0.039815
1 0.452344 0.018056 0.010937 0.023148
1 0.463021 0.042593 0.013542 0.031481
8 0.456250 0.030556 0.037500 0.044444
8 0.463542 0.055556 0.038542 0.057407
1 0.459896 0.087500 0.017708 0.030556
1 0.463542 0.093519 0.039583 0.050000
5 0.464062 0.123611 0.025000 0.019444
1 0.451042 0.205556 0.019792 0.038889
9 0.454688 0.214352 0.058333 0.075000
6 0.447917 0.257407 0.038542 0.035185
3 0.491146 0.262500 0.010417 0.025000
1 0.493490 0.017130 0.011979 0.026852
8 0.492188 0.029167 0.028125 0.050926
1 0.509896 0.041667 0.015625 0.033333
8 0.506771 0.056019 0.033333 0.062037
1 0.513542 0.093519 0.016667 0.031481
8 0.505990 0.104630 0.050521 0.055556
1 0.545573 0.085648 0.016146 0.030556
8 0.542188 0.097685 0.036458 0.056481
5 0.546094 0.130556 0.021354 0.018519
5 0.526563 0.056019 0.010417 0.013889
1 0.555990 0.030093 0.014063 0.026852
8 0.550521 0.037037 0.033333 0.044444
1 0.589063 0.043056 0.015625 0.028704
9 0.585938 0.047685 0.031250 0.043519
1 0.613542 0.055093 0.015625 0.030556
8 0.607812 0.068519 0.035417 0.061111
0 0.580990 0.081481 0.017188 0.038889
1 0.566667 0.068056 0.012500 0.028704
8 0.569792 0.068519 0.035417 0.044444
1 0.513542 0.131481 0.021875 0.044444
8 0.514062 0.149537 0.056250 0.078704
0 0.513542 0.176852 0.021875 0.046296
8 0.512240 0.202315 0.049479 0.100926
5 0.518750 0.257407 0.037500 0.033333
6 0.589063 0.677315 0.067708 0.071296
1 0.582292 0.531019 0.031250 0.067593
8 0.579688 0.579167 0.075000 0.163889
1 0.578646 0.418981 0.034375 0.069444
8 0.571615 0.449537 0.085938 0.134259
0 0.643490 0.376389 0.028646 0.063889
5 0.652865 0.531019 0.051562 0.050926
8 0.638542 0.418056 0.068750 0.156481
1 0.574740 0.143056 0.019271 0.036111
8 0.562240 0.165278 0.049479 0.086111
0 0.571875 0.197685 0.021875 0.045370
6 0.573438 0.268519 0.055208 0.037037
3 0.596615 0.278704 0.008854 0.018519
5 0.619792 0.280556 0.036458 0.031481
8 0.566667 0.221296 0.045833 0.101852
1 0.580469 0.305556 0.023438 0.050000
4 0.572396 0.356481 0.023958 0.029630
5 0.584896 0.373611 0.042708 0.041667
0 0.609115 0.179167 0.017188 0.041667
8 0.607292 0.207407 0.040625 0.107407
8 0.580990 0.097685 0.035937 0.069444
1 0.625521 0.106019 0.016667 0.032407
9 0.622917 0.118056 0.043750 0.058333
4 0.624740 0.139815 0.010937 0.016667
4 0.657292 0.197685 0.019792 0.019444
5 0.677865 0.155556 0.022396 0.020370
1 0.659115 0.159722 0.019271 0.036111
8 0.653646 0.171759 0.043750 0.060185
9 0.610938 0.168056 0.044792 0.060185
1 0.670573 0.118056 0.016146 0.030556
9 0.664844 0.127778 0.039062 0.048148
1 0.659115 0.080556 0.014063 0.027778
1 0.651563 0.087037 0.029167 0.044444
1 0.681771 0.061111 0.014583 0.029630
1 0.675521 0.072222 0.029167 0.055556
5 0.685937 0.093056 0.018750 0.015741
1 0.714063 0.066667 0.014583 0.029630
8 0.707292 0.074074 0.029167 0.051852
1 0.737240 0.099074 0.014063 0.029630
8 0.734115 0.108333 0.032813 0.051852
6 0.735417 0.134259 0.016667 0.018519
6 0.761719 0.216667 0.020313 0.024074
1 0.760938 0.144907 0.018750 0.034259
8 0.752344 0.150463 0.040104 0.043519
1 0.762240 0.171296 0.019271 0.037037
8 0.757292 0.187500 0.039583 0.069444
1 0.794792 0.201389 0.016667 0.036111
1 0.640365 0.327778 0.024479 0.044444
9 0.627865 0.343056 0.067187 0.080556
4 0.673438 0.378704 0.017708 0.029630
5 0.696094 0.390278 0.032813 0.037963
1 0.685417 0.300463 0.023958 0.056481
8 0.677865 0.325000 0.049479 0.116667
0 0.724740 0.394444 0.026562 0.068519
9 0.726042 0.367130 0.058333 0.084259
6 0.722396 0.525000 0.048958 0.057407
8 0.714063 0.439815 0.071875 0.159259
6 0.774219 0.518519 0.043229 0.044444
0 0.765365 0.427778 0.022396 0.061111
8 0.762240 0.468519 0.058854 0.155556
1 0.786198 0.230556 0.018229 0.037037
8 0.778385 0.248611 0.041146 0.080556
1 0.823698 0.243056 0.019271 0.036111
8 0.815365 0.255556 0.036979 0.068519
1 0.818490 0.312963 0.023438 0.050000
4 0.818490 0.357407 0.016146 0.024074
5 0.812500 0.368519 0.028125 0.018519
1 0.845313 0.318056 0.018750 0.037963
1 0.845313 0.368519 0.019792 0.048148
4 0.837240 0.446296 0.016146 0.027778
9 0.801042 0.325463 0.055208 0.087963
5 0.842969 0.452315 0.032813 0.036111
6 0.879167 0.443519 0.019792 0.029630
0 0.887240 0.381019 0.019271 0.043519
8 0.876823 0.406019 0.040104 0.102778
8 0.833073 0.401389 0.046354 0.119444
6 0.812500 0.701389 0.046875 0.056481
0 0.847917 0.633333 0.032292 0.074074
9 0.811719 0.657870 0.111979 0.123148
3 0.929948 0.661574 0.011979 0.030556
6 0.921875 0.665741 0.034375 0.050000
6 0.952344 0.657407 0.038021 0.038889
1 0.923438 0.578241 0.023958 0.052778
1 0.963542 0.605556 0.020833 0.046296
8 0.901563 0.609259 0.069792 0.118519
8 0.950521 0.625463 0.047917 0.093519
4 0.963021 0.858333 0.018750 0.035185
5 0.967969 0.856944 0.029687 0.063889
4 0.989323 0.838889 0.015104 0.037037
1 0.980990 0.791667 0.025521 0.055556
8 0.954688 0.806944 0.078125 0.132407
3 0.504167 0.954167 0.031250 0.069444
1 0.027344 0.569444 0.028646 0.061111
8 0.046615 0.604167 0.070312 0.149074
5 0.592187 0.140741 0.018750 0.020370
5 0.636198 0.143056 0.016146 0.023148
8 0.571094 0.320833 0.054688 0.087963
6 0.449740 0.694907 0.027604 0.036111
