8 0.011198 0.629630 0.021354 0.044444
1 0.024740 0.562963 0.026562 0.055556
8 0.045573 0.598611 0.075521 0.145370
5 0.237240 0.656944 0.057813 0.071296
1 0.246094 0.523148 0.029687 0.068519
8 0.251042 0.568519 0.067708 0.162963
5 0.313542 0.692130 0.060417 0.073148
1 0.310417 0.518056 0.029167 0.080556
8 0.319792 0.562500 0.073958 0.180556
5 0.393490 0.688426 0.063021 0.073148
1 0.388542 0.561574 0.037500 0.080556
8 0.396615 0.589352 0.079687 0.128704
6 0.490365 0.681019 0.065104 0.073148
1 0.480990 0.548611 0.034896 0.080556
8 0.477865 0.604167 0.078646 0.180556
5 0.587240 0.677778 0.067187 0.072222
1 0.582292 0.531944 0.034375 0.073148
8 0.579688 0.579630 0.077083 0.168519
3 0.123438 0.315741 0.009375 0.014815
5 0.117969 0.318056 0.023438 0.021296
0 0.154688 0.227315 0.018750 0.047222
8 0.158594 0.256019 0.045312 0.106481
6 0.215365 0.357407 0.038021 0.044444
4 0.267448 0.365278 0.021354 0.026852
1 0.210938 0.311111 0.023958 0.053704
9 0.214844 0.338426 0.057813 0.125000
1 0.254688 0.293519 0.026042 0.050000
8 0.267188 0.330556 0.059375 0.133333
1 0.326042 0.291667 0.030208 0.055556
4 0.313021 0.375463 0.020833 0.025000
5 0.324219 0.379167 0.045312 0.039815
8 0.324219 0.326852 0.067187 0.125926
6 0.377865 0.380093 0.026562 0.043519
3 0.402344 0.379167 0.013021 0.023148
3 0.427344 0.373148 0.014063 0.031481
6 0.444792 0.369444 0.023958 0.040741
2 0.439323 0.281019 0.028646 0.060185
0 0.382292 0.259259 0.027083 0.062963
8 0.439063 0.308333 0.065625 0.124074
8 0.384896 0.305556 0.055208 0.153704
1 0.154688 0.193519 0.016667 0.031481
1 0.185417 0.184722 0.017708 0.043519
5 0.188542 0.232407 0.027083 0.024074
8 0.196094 0.193056 0.042188 0.062037
8 0.159896 0.204167 0.034375 0.060185
1 0.194792 0.153704 0.017708 0.037037
9 0.194792 0.155556 0.038542 0.048148
3 0.250521 0.111111 0.010417 0.007407
5 0.255990 0.114815 0.026562 0.016667
1 0.254688 0.073611 0.015625 0.032407
8 0.255990 0.093519 0.044271 0.070370
2 0.246094 0.218056 0.022396 0.043519
9 0.254167 0.231944 0.058333 0.080556
3 0.313021 0.255556 0.016667 0.012963
8 0.313542 0.218056 0.052083 0.078704
0 0.298698 0.135185 0.019271 0.044444
1 0.314844 0.202778 0.022396 0.042593
6 0.293490 0.190278 0.030729 0.023148
8 0.299219 0.155093 0.043229 0.080556
1 0.288542 0.097222 0.015625 0.031481
8 0.287240 0.107870 0.040104 0.063889
1 0.315365 0.054630 0.017188 0.029630
8 0.314063 0.067593 0.037500 0.059259
1 0.326042 0.028241 0.014583 0.026852
8 0.329948 0.032407 0.028646 0.044444
1 0.343490 0.098611 0.019271 0.034259
6 0.324219 0.131019 0.024479 0.023148
9 0.335938 0.105556 0.043750 0.051852
1 0.380990 0.093056 0.019271 0.034259
4 0.377865 0.126852 0.018229 0.014815
9 0.376563 0.105556 0.043750 0.051852
1 0.354167 0.049537 0.016667 0.030556
8 0.351042 0.058333 0.035417 0.055556
1 0.385417 0.054630 0.016667 0.029630
8 0.386719 0.061111 0.039062 0.055556
1 0.419792 0.028241 0.014583 0.028704
8 0.418490 0.031019 0.035937 0.041667
1 0.419792 0.056019 0.017708 0.030556
9 0.424740 0.060185 0.032813 0.044444
1 0.343750 0.130556 0.018750 0.038889
3 0.340625 0.182407 0.015625 0.014815
5 0.346615 0.186574 0.031771 0.021296
3 0.345313 0.144444 0.042708 0.077778
1 0.385417 0.152315 0.020833 0.037963
9 0.386719 0.155556 0.039062 0.051852
1 0.395313 0.206019 0.023958 0.049074
9 0.388542 0.218519 0.061458 0.081481
8 0.413542 0.254167 0.017708 0.028704
6 0.437240 0.178241 0.032813 0.023148
1 0.442969 0.113426 0.017188 0.036111
8 0.442188 0.139352 0.048958 0.089815
5 0.465365 0.125000 0.026562 0.018519
1 0.460417 0.079167 0.014583 0.030556
8 0.463021 0.093056 0.037500 0.058333
1 0.462240 0.041667 0.011979 0.031481
8 0.462240 0.055093 0.038021 0.056481
1 0.454167 0.018519 0.014583 0.027778
8 0.452344 0.029630 0.026562 0.050000
1 0.513021 0.093056 0.017708 0.034259
1 0.451042 0.210648 0.023958 0.043519
9 0.454167 0.212500 0.060417 0.080556
6 0.452865 0.256019 0.029687 0.034259
9 0.505990 0.105093 0.048438 0.060185
1 0.501563 0.042130 0.015625 0.030556
8 0.502344 0.056019 0.032813 0.058333
1 0.494792 0.018519 0.014583 0.029630
8 0.489063 0.028241 0.026042 0.047222
1 0.519792 0.018519 0.013542 0.029630
8 0.521875 0.028241 0.028125 0.047222
5 0.524219 0.055556 0.015104 0.016667
1 0.544792 0.021759 0.014583 0.030556
6 0.544792 0.056019 0.018750 0.015741
8 0.544792 0.032407 0.033333 0.051852
1 0.489063 0.405093 0.029167 0.058333
4 0.482292 0.490741 0.020833 0.033333
8 0.484115 0.437500 0.075521 0.130556
1 0.494792 0.339815 0.028125 0.061111
9 0.501823 0.343519 0.069271 0.098148
0 0.515625 0.156019 0.018750 0.043519
3 0.490365 0.259722 0.011979 0.026852
5 0.515365 0.256019 0.046354 0.036111
8 0.513021 0.192130 0.046875 0.113889
1 0.519271 0.121296 0.019792 0.037037
8 0.512240 0.147222 0.053646 0.081481
1 0.543490 0.086111 0.016146 0.031481
8 0.538542 0.100000 0.034375 0.055556
5 0.546094 0.130556 0.020313 0.020370
1 0.569271 0.068519 0.014583 0.027778
5 0.564063 0.093056 0.016667 0.013889
9 0.569792 0.070370 0.036458 0.048148
1 0.589844 0.048148 0.014063 0.031481
9 0.586719 0.051852 0.030729 0.037037
1 0.613542 0.055556 0.014583 0.029630
1 0.622917 0.034722 0.015625 0.030556
8 0.609896 0.068056 0.035417 0.054630
8 0.620313 0.045833 0.028125 0.050926
1 0.651563 0.075000 0.015625 0.031481
1 0.647396 0.080556 0.029167 0.046296
3 0.596615 0.279167 0.008854 0.015741
6 0.573698 0.268519 0.056771 0.038889
5 0.620313 0.280093 0.036458 0.030556
1 0.574219 0.143519 0.017188 0.037037
8 0.564063 0.166667 0.050000 0.083333
1 0.572396 0.198148 0.021875 0.044444
8 0.565365 0.223611 0.046354 0.095370
0 0.612240 0.193056 0.020313 0.045370
8 0.605990 0.217130 0.041146 0.093519
1 0.613542 0.156944 0.016667 0.034259
1 0.585938 0.093519 0.015625 0.033333
8 0.584115 0.103241 0.035937 0.056481
1 0.624740 0.106944 0.017188 0.032407
9 0.622917 0.118519 0.044792 0.057407
5 0.592448 0.139352 0.021354 0.015741
5 0.676042 0.155556 0.021875 0.020370
1 0.669792 0.118519 0.016667 0.031481
9 0.664323 0.127315 0.036979 0.052778
9 0.612240 0.168519 0.045312 0.064815
1 0.659896 0.162963 0.018750 0.037037
4 0.656771 0.198148 0.015625 0.018519
8 0.652865 0.171759 0.043229 0.062037
5 0.652865 0.530556 0.051562 0.050000
1 0.577865 0.418981 0.034896 0.069444
8 0.571615 0.452315 0.082812 0.137963
3 0.573438 0.363889 0.019792 0.014815
5 0.584375 0.375926 0.043750 0.038889
1 0.581771 0.305093 0.020833 0.049074
8 0.571615 0.318056 0.054688 0.078704
0 0.644792 0.377778 0.031250 0.070370
8 0.638542 0.418056 0.069792 0.156481
1 0.635938 0.328241 0.022917 0.043519
9 0.629167 0.343056 0.066667 0.080556
8 0.673438 0.378704 0.017708 0.031481
5 0.696615 0.388426 0.034896 0.036111
1 0.684115 0.301852 0.024479 0.059259
8 0.677344 0.326852 0.048438 0.109259
1 0.734896 0.356019 0.019792 0.037963
9 0.727865 0.368056 0.052604 0.086111
6 0.722917 0.523611 0.047917 0.069444
6 0.774740 0.526852 0.040104 0.051852
0 0.724740 0.393519 0.023438 0.066667
8 0.716146 0.430556 0.067708 0.155556
0 0.766146 0.425926 0.023958 0.061111
8 0.763542 0.468056 0.059375 0.150926
0 0.821094 0.578241 0.032813 0.075000
6 0.812240 0.700000 0.045312 0.055556
8 0.794792 0.631019 0.092708 0.178704
4 0.964063 0.854167 0.014583 0.039815
6 0.969271 0.857407 0.031250 0.062963
4 0.990625 0.836574 0.015625 0.043519
1 0.980990 0.770370 0.029687 0.064815
8 0.957292 0.799074 0.082292 0.131481
3 0.929688 0.662500 0.012500 0.030556
6 0.951042 0.659259 0.038542 0.044444
6 0.921094 0.668056 0.032813 0.047222
1 0.962500 0.606944 0.025000 0.052778
1 0.926042 0.579630 0.021875 0.051852
8 0.949740 0.628704 0.050521 0.094444
8 0.902344 0.605556 0.070312 0.118519
4 0.837240 0.445833 0.017188 0.030556
5 0.847917 0.452315 0.022917 0.039815
6 0.876563 0.443056 0.021875 0.030556
1 0.888542 0.388889 0.020833 0.050000
1 0.844271 0.368056 0.019792 0.045370
8 0.877865 0.408333 0.041146 0.098148
8 0.830990 0.401852 0.046354 0.112963
4 0.818490 0.360185 0.016146 0.018519
1 0.852865 0.317593 0.020313 0.042593
1 0.821094 0.316204 0.023438 0.045370
9 0.802865 0.323611 0.057813 0.084259
8 0.844792 0.328241 0.040625 0.069444
5 0.785417 0.278704 0.027083 0.020370
1 0.822917 0.243519 0.019792 0.038889
1 0.782813 0.224537 0.017708 0.043519
1 0.815365 0.255556 0.039062 0.070370
8 0.776563 0.239352 0.041667 0.071296
1 0.784896 0.181944 0.017708 0.036111
8 0.784896 0.193519 0.028125 0.053704
6 0.760417 0.213889 0.016667 0.024074
1 0.763542 0.173611 0.017708 0.034259
8 0.755990 0.186574 0.038021 0.069444
1 0.761719 0.145370 0.020313 0.035185
9 0.752344 0.150926 0.042188 0.048148
1 0.737240 0.099074 0.014063 0.031481
8 0.733594 0.106481 0.032813 0.051852
6 0.736198 0.134722 0.016146 0.019444
1 0.684115 0.056019 0.011979 0.028704
1 0.713021 0.064352 0.013542 0.026852
8 0.706771 0.074537 0.027083 0.056481
8 0.676562 0.068981 0.026042 0.056481
5 0.320573 0.262500 0.034896 0.030556
5 0.506771 0.495833 0.029167 0.056481
3 0.504687 0.952778 0.027083 0.066667
