6 0.809896 0.702778 0.048958 0.062963
5 0.584115 0.676389 0.064062 0.063889
6 0.489844 0.681019 0.067187 0.067593
1 0.492188 0.568519 0.034375 0.074074
1 0.581771 0.531019 0.034375 0.069444
8 0.574740 0.577778 0.071354 0.164815
8 0.484115 0.605556 0.077604 0.148148
0 0.782292 0.606019 0.031250 0.076852
8 0.786719 0.645833 0.079687 0.169444
4 0.964063 0.859259 0.017708 0.038889
6 0.968490 0.857407 0.029687 0.064815
6 0.992188 0.843519 0.014583 0.062963
1 0.980990 0.770370 0.026562 0.062963
8 0.957292 0.806481 0.075000 0.142593
3 0.929688 0.662500 0.011458 0.030556
6 0.921615 0.668056 0.032813 0.047222
6 0.951042 0.656019 0.035417 0.047222
1 0.926042 0.579630 0.021875 0.051852
1 0.960938 0.577315 0.019792 0.049074
8 0.948438 0.617593 0.043750 0.131481
8 0.901563 0.611111 0.071875 0.120370
0 0.766146 0.425000 0.023958 0.055556
5 0.652865 0.531019 0.053646 0.050926
6 0.584115 0.518056 0.053646 0.060185
4 0.483073 0.481481 0.022396 0.031481
6 0.493490 0.493056 0.051562 0.052778
1 0.579167 0.418519 0.034375 0.068519
1 0.491146 0.399074 0.030208 0.064815
8 0.485417 0.439815 0.072917 0.137037
8 0.571615 0.450463 0.081771 0.130556
0 0.644792 0.377778 0.031250 0.072222
8 0.639844 0.418981 0.069271 0.154630
0 0.722917 0.393519 0.027083 0.064815
8 0.714063 0.440741 0.069792 0.153704
8 0.763542 0.468519 0.058333 0.146296
4 0.835938 0.443519 0.016667 0.031481
1 0.844271 0.368519 0.018750 0.048148
1 0.890365 0.386574 0.021354 0.052778
8 0.879167 0.411111 0.044792 0.094444
8 0.832292 0.393981 0.045833 0.108333
9 0.728125 0.367130 0.059375 0.086111
4 0.671615 0.375926 0.019271 0.037037
5 0.694792 0.387963 0.035417 0.031481
1 0.687240 0.302315 0.022396 0.058333
8 0.677865 0.325463 0.047396 0.106481
1 0.638542 0.329630 0.022917 0.042593
9 0.627865 0.343519 0.068229 0.081481
3 0.574219 0.365278 0.020313 0.013889
5 0.584115 0.371296 0.045312 0.040741
1 0.579688 0.300926 0.027083 0.050000
8 0.570312 0.317593 0.056250 0.088889
4 0.395313 0.643056 0.030208 0.025000
5 0.392188 0.682407 0.061458 0.075926
5 0.314063 0.691667 0.058333 0.068519
5 0.238021 0.662963 0.056250 0.062963
1 0.246094 0.520833 0.031771 0.063889
1 0.312240 0.517130 0.031771 0.080556
1 0.394792 0.523611 0.035417 0.071296
8 0.398438 0.570370 0.076042 0.164815
8 0.319792 0.566667 0.073958 0.181481
8 0.251563 0.568056 0.067708 0.156481
3 0.427344 0.374074 0.014063 0.031481
4 0.314063 0.371296 0.017708 0.035185
6 0.377865 0.373611 0.028646 0.054630
3 0.401042 0.378704 0.012500 0.022222
6 0.446094 0.368519 0.027604 0.048148
1 0.494271 0.337037 0.031250 0.059259
9 0.502344 0.343519 0.068229 0.098148
2 0.430469 0.281944 0.032813 0.062037
8 0.438542 0.313889 0.064583 0.118519
0 0.381771 0.261111 0.028125 0.057407
8 0.385417 0.300463 0.053125 0.137963
1 0.025521 0.566204 0.027083 0.058333
8 0.044792 0.599537 0.075000 0.147222
5 0.324740 0.378241 0.045312 0.039815
0 0.318490 0.265741 0.026562 0.062963
8 0.322917 0.306019 0.064583 0.143519
4 0.268490 0.364352 0.026562 0.034259
1 0.252865 0.293519 0.026562 0.050000
8 0.267188 0.331019 0.058333 0.128704
6 0.215365 0.357407 0.038021 0.044444
1 0.210938 0.306019 0.021875 0.052778
9 0.211719 0.336574 0.057813 0.119444
3 0.123438 0.315278 0.010417 0.013889
5 0.117188 0.318056 0.023958 0.023148
0 0.155469 0.225463 0.018229 0.050926
8 0.157292 0.255556 0.045833 0.107407
5 0.189844 0.233333 0.029687 0.022222
1 0.184896 0.184722 0.019792 0.043519
8 0.194792 0.199074 0.051042 0.068519
8 0.159896 0.205093 0.035417 0.062037
1 0.250521 0.229167 0.019792 0.039815
9 0.254167 0.241204 0.063542 0.063889
1 0.194792 0.152315 0.018750 0.034259
9 0.194792 0.156019 0.038542 0.047222
3 0.251042 0.109259 0.011458 0.011111
5 0.255990 0.112963 0.026562 0.018519
1 0.257292 0.073611 0.016667 0.034259
8 0.254688 0.091667 0.044792 0.070370
3 0.302865 0.192130 0.006771 0.013889
5 0.292969 0.193519 0.029687 0.022222
4 0.340365 0.179630 0.029687 0.020370
1 0.294792 0.139815 0.017708 0.035185
8 0.299219 0.155093 0.045312 0.063889
1 0.342969 0.131481 0.020313 0.040741
8 0.344792 0.152315 0.044792 0.078704
1 0.388021 0.146296 0.020833 0.037037
9 0.386719 0.156019 0.040104 0.050926
1 0.289062 0.097685 0.016667 0.032407
8 0.287240 0.110185 0.042188 0.057407
6 0.322917 0.131019 0.026042 0.017593
1 0.344271 0.099074 0.018750 0.031481
9 0.336719 0.106019 0.042188 0.049074
1 0.380990 0.093981 0.017188 0.030556
4 0.377865 0.125463 0.014063 0.017593
9 0.374740 0.105093 0.043229 0.056481
1 0.314063 0.197685 0.022917 0.043519
8 0.314063 0.216667 0.055208 0.085185
1 0.395313 0.202315 0.026042 0.049074
9 0.386458 0.217130 0.063542 0.076852
5 0.413542 0.253704 0.017708 0.029630
6 0.449740 0.258333 0.040104 0.035185
1 0.452344 0.206481 0.023438 0.044444
9 0.454688 0.212037 0.061458 0.081481
3 0.490365 0.255556 0.009896 0.018519
5 0.517969 0.256019 0.038021 0.036111
0 0.513542 0.168056 0.023958 0.045370
8 0.514844 0.193981 0.044271 0.104630
1 0.315365 0.059259 0.016146 0.031481
9 0.314844 0.069907 0.036979 0.052778
1 0.326042 0.027778 0.014583 0.027778
8 0.329167 0.034259 0.032292 0.044444
1 0.354948 0.055093 0.016146 0.032407
8 0.349740 0.062963 0.034896 0.050000
1 0.387240 0.054167 0.013021 0.026852
8 0.386719 0.061111 0.039062 0.055556
1 0.419792 0.056019 0.016667 0.028704
9 0.424740 0.059722 0.032813 0.043519
1 0.463542 0.043056 0.015625 0.032407
8 0.462240 0.055556 0.041146 0.057407
1 0.416667 0.018519 0.015625 0.027778
8 0.417969 0.027778 0.030729 0.048148
1 0.452865 0.018519 0.014063 0.029630
8 0.451042 0.029167 0.029167 0.050926
1 0.494792 0.017593 0.011458 0.027778
8 0.493490 0.028704 0.030729 0.051852
1 0.502865 0.041204 0.014063 0.030556
8 0.502865 0.056019 0.033854 0.056481
1 0.459896 0.076389 0.017708 0.030556
5 0.463542 0.124074 0.026042 0.018519
1 0.440365 0.115278 0.017188 0.036111
8 0.462240 0.092130 0.039062 0.063889
8 0.441667 0.139352 0.045833 0.084259
6 0.438542 0.173611 0.031250 0.019444
1 0.513542 0.093056 0.016667 0.030556
9 0.506771 0.103241 0.048958 0.056481
1 0.521615 0.133333 0.020313 0.044444
8 0.510938 0.149074 0.052083 0.070370
1 0.542969 0.079167 0.014063 0.032407
8 0.541146 0.093519 0.036458 0.064815
5 0.546615 0.131019 0.023438 0.017593
1 0.526563 0.025463 0.011458 0.025000
5 0.523438 0.056019 0.014583 0.015741
8 0.522917 0.030556 0.026042 0.048148
1 0.551042 0.029630 0.014583 0.025926
6 0.544792 0.055556 0.020833 0.016667
8 0.547917 0.037500 0.035417 0.043519
1 0.589063 0.043056 0.015625 0.030556
1 0.569792 0.067593 0.013542 0.027778
9 0.565365 0.070370 0.029687 0.046296
9 0.585938 0.046759 0.031250 0.043519
1 0.612240 0.056019 0.015104 0.030556
8 0.609115 0.068056 0.036979 0.058333
1 0.622396 0.033333 0.013542 0.031481
0 0.582292 0.081019 0.014583 0.036111
8 0.580990 0.093056 0.036979 0.069444
1 0.622917 0.105093 0.019792 0.032407
5 0.588542 0.140278 0.029167 0.017593
8 0.622917 0.117593 0.044792 0.062963
4 0.624740 0.140741 0.014063 0.018519
1 0.567187 0.137500 0.020833 0.043519
8 0.564063 0.162963 0.048958 0.087037
1 0.651042 0.068056 0.014583 0.028704
8 0.646875 0.079167 0.031250 0.054630
1 0.571615 0.195833 0.020313 0.043519
6 0.573438 0.268519 0.056250 0.038889
3 0.595313 0.278241 0.009375 0.017593
5 0.620313 0.279630 0.036458 0.029630
8 0.566667 0.222685 0.047917 0.093519
0 0.599219 0.185648 0.022396 0.045370
8 0.603646 0.211111 0.038542 0.105556
1 0.613542 0.156481 0.017708 0.035185
9 0.612240 0.168981 0.044271 0.063889
1 0.659115 0.160185 0.020313 0.037037
4 0.656771 0.198148 0.016667 0.018519
8 0.652344 0.171296 0.042188 0.062963
1 0.668490 0.117130 0.017188 0.028704
5 0.677865 0.155093 0.022396 0.017593
8 0.663542 0.125926 0.039583 0.050000
1 0.685417 0.056481 0.011458 0.027778
8 0.677865 0.072222 0.028646 0.055556
4 0.686719 0.089815 0.014063 0.014815
1 0.714844 0.065741 0.013021 0.025926
8 0.707292 0.078704 0.026042 0.053704
1 0.737240 0.098611 0.014063 0.030556
8 0.732292 0.110648 0.030208 0.054630
6 0.735938 0.131019 0.016667 0.021296
1 0.760938 0.145833 0.018750 0.030556
9 0.751563 0.150463 0.039583 0.043519
1 0.763021 0.175463 0.017708 0.030556
6 0.760938 0.217130 0.020833 0.023148
8 0.757292 0.191204 0.042708 0.067593
1 0.787240 0.190278 0.014063 0.032407
8 0.784115 0.195370 0.027604 0.053704
1 0.786719 0.237037 0.018229 0.033333
1 0.821615 0.250000 0.021354 0.042593
9 0.776823 0.243056 0.046354 0.063889
8 0.813542 0.260185 0.036458 0.068519
8 0.817969 0.355556 0.017188 0.027778
6 0.812240 0.364815 0.029687 0.029630
1 0.822396 0.316667 0.020833 0.042593
9 0.804167 0.328241 0.058333 0.097222
1 0.852344 0.313889 0.021354 0.044444
8 0.846615 0.330093 0.039062 0.075000
6 0.721615 0.530556 0.049479 0.057407
1 0.156771 0.193056 0.019792 0.036111
5 0.636719 0.143056 0.016146 0.025000
3 0.505990 0.953704 0.029687 0.068519
