1 0.020313 0.568519 0.033333 0.070370
8 0.042188 0.605093 0.079167 0.134259
3 0.029167 0.639352 0.012500 0.021296
1 0.244792 0.519444 0.029167 0.068519
8 0.251563 0.569444 0.066667 0.164815
5 0.238542 0.665741 0.058333 0.068519
1 0.310417 0.518519 0.029167 0.081481
8 0.319792 0.570833 0.069792 0.180556
5 0.314844 0.688889 0.064062 0.068519
1 0.393490 0.535648 0.032813 0.069444
8 0.398438 0.578704 0.079167 0.159259
5 0.393490 0.687037 0.068229 0.068519
1 0.476042 0.528241 0.035417 0.069444
8 0.480469 0.571296 0.081771 0.172222
5 0.489323 0.681019 0.065104 0.071296
1 0.580469 0.531019 0.032813 0.071296
8 0.579688 0.578241 0.071875 0.162037
6 0.589063 0.678704 0.069792 0.072222
0 0.832292 0.617593 0.035417 0.074074
1 0.980990 0.790278 0.025521 0.065741
8 0.955469 0.813426 0.076563 0.136111
4 0.966667 0.862963 0.016667 0.044444
1 0.926042 0.578241 0.023958 0.054630
8 0.903906 0.605556 0.068229 0.116667
4 0.927344 0.659722 0.016146 0.030556
1 0.961198 0.603241 0.021354 0.049074
8 0.949740 0.630093 0.045312 0.108333
0 0.766146 0.427315 0.023958 0.060185
8 0.763542 0.472685 0.057292 0.156481
0 0.724740 0.393519 0.025521 0.066667
8 0.715365 0.435185 0.069271 0.155556
6 0.721615 0.528704 0.048438 0.057407
0 0.646615 0.393056 0.028646 0.065741
8 0.642448 0.430556 0.068229 0.137037
5 0.652865 0.530556 0.054688 0.050000
1 0.582292 0.412963 0.033333 0.068519
8 0.569792 0.444907 0.078125 0.139815
1 0.493490 0.404167 0.027604 0.060185
8 0.485938 0.431019 0.076042 0.119444
1 0.847396 0.376389 0.018750 0.052778
8 0.834115 0.400000 0.049479 0.100000
4 0.837240 0.445833 0.018229 0.030556
0 0.887240 0.377778 0.020313 0.046296
8 0.878125 0.405556 0.040625 0.107407
1 0.210417 0.307407 0.026042 0.053704
9 0.213542 0.334259 0.055208 0.124074
1 0.254688 0.284722 0.029167 0.056481
8 0.264844 0.319907 0.054688 0.130556
1 0.326823 0.289352 0.024479 0.056481
8 0.324740 0.323148 0.064062 0.118519
4 0.313021 0.376389 0.019792 0.025000
0 0.376823 0.262500 0.028646 0.058333
8 0.384896 0.305556 0.055208 0.146296
3 0.402865 0.378241 0.010937 0.023148
1 0.455990 0.307407 0.030729 0.055556
9 0.444271 0.331019 0.063542 0.104630
3 0.426563 0.373148 0.012500 0.031481
1 0.496615 0.337500 0.026562 0.056481
9 0.501823 0.343981 0.069271 0.091667
1 0.578646 0.298611 0.022917 0.052778
8 0.569792 0.318519 0.052083 0.088889
3 0.573438 0.366204 0.019792 0.013889
1 0.644792 0.317130 0.025000 0.049074
8 0.629948 0.342593 0.063021 0.101852
1 0.688542 0.306019 0.022917 0.056481
8 0.679948 0.328704 0.047396 0.107407
3 0.676823 0.381019 0.015104 0.032407
1 0.819792 0.318519 0.020833 0.042593
9 0.802865 0.322222 0.057813 0.081481
1 0.852865 0.331019 0.020313 0.045370
8 0.814063 0.250000 0.037500 0.081481
1 0.819010 0.230093 0.018229 0.039815
1 0.783594 0.230093 0.017188 0.032407
9 0.777083 0.243519 0.041667 0.070370
9 0.616667 0.193056 0.020833 0.049074
8 0.609115 0.218056 0.044271 0.099074
0 0.569792 0.193981 0.022917 0.047222
8 0.566146 0.218056 0.048958 0.089815
1 0.520312 0.211574 0.020833 0.041667
8 0.513542 0.227315 0.058333 0.078704
3 0.490365 0.259722 0.011979 0.023148
1 0.452865 0.206019 0.022396 0.039815
9 0.454688 0.218056 0.060417 0.087963
1 0.393490 0.203704 0.022396 0.044444
9 0.388542 0.218056 0.059375 0.080556
1 0.312240 0.193056 0.021354 0.043519
8 0.311719 0.220370 0.057813 0.090741
1 0.255990 0.215278 0.021354 0.039815
8 0.256771 0.230556 0.051042 0.074074
1 0.154167 0.229630 0.018750 0.042593
8 0.156250 0.253241 0.046875 0.089815
1 0.796094 0.193981 0.019271 0.036111
9 0.788542 0.199074 0.034375 0.055556
1 0.763542 0.173611 0.017708 0.034259
8 0.757292 0.188889 0.038542 0.068519
1 0.659115 0.155556 0.016146 0.031481
9 0.651563 0.168519 0.043750 0.055556
3 0.659115 0.193056 0.013021 0.019444
1 0.617188 0.155556 0.017708 0.031481
9 0.610938 0.168056 0.043750 0.054630
1 0.573438 0.144444 0.017708 0.040741
8 0.569271 0.156481 0.040625 0.068519
1 0.519792 0.135648 0.020833 0.043519
8 0.516146 0.150926 0.058333 0.081481
1 0.446615 0.116667 0.018229 0.040741
8 0.442188 0.134259 0.050000 0.087037
1 0.387240 0.145370 0.019271 0.037037
9 0.380990 0.157407 0.049479 0.059259
1 0.342969 0.131481 0.020313 0.044444
8 0.343490 0.151389 0.039062 0.080556
4 0.337240 0.180556 0.019271 0.020370
0 0.298438 0.130556 0.016667 0.037037
8 0.298438 0.150926 0.042708 0.075926
1 0.185417 0.180556 0.017708 0.037037
1 0.194792 0.153241 0.013542 0.030556
9 0.196615 0.156019 0.039062 0.045370
1 0.290365 0.098148 0.016146 0.033333
8 0.288021 0.109259 0.041667 0.061111
1 0.330469 0.093519 0.016146 0.029630
9 0.335417 0.106019 0.045833 0.056481
1 0.383594 0.092130 0.017188 0.032407
9 0.377344 0.104630 0.045312 0.059259
1 0.461719 0.080556 0.015104 0.031481
8 0.462240 0.093056 0.039062 0.056481
9 0.515365 0.093519 0.016146 0.031481
9 0.508073 0.103704 0.047396 0.057407
1 0.546615 0.088426 0.016146 0.030556
8 0.542188 0.099537 0.035417 0.056481
0 0.584896 0.079630 0.014583 0.035185
8 0.583594 0.093519 0.035937 0.072222
1 0.619792 0.103241 0.019792 0.034259
9 0.622917 0.115741 0.046875 0.061111
0 0.668490 0.107870 0.017188 0.036111
8 0.666146 0.119444 0.038542 0.059259
1 0.760417 0.145370 0.017708 0.035185
9 0.751563 0.151389 0.040625 0.043519
1 0.737240 0.100463 0.014063 0.030556
8 0.733333 0.111111 0.031250 0.050000
1 0.657292 0.081944 0.014583 0.028704
9 0.648698 0.090278 0.033854 0.041667
0 0.613542 0.049537 0.015625 0.030556
8 0.610938 0.066667 0.033333 0.062963
1 0.575521 0.056019 0.014583 0.032407
8 0.569792 0.068056 0.029167 0.052778
1 0.252865 0.080093 0.014063 0.028704
9 0.259115 0.090741 0.035937 0.050000
1 0.315365 0.062037 0.016146 0.033333
8 0.314844 0.069444 0.036979 0.055556
2 0.363542 0.045833 0.016667 0.034259
8 0.354167 0.058333 0.038542 0.061111
1 0.392188 0.047685 0.015625 0.030556
8 0.390365 0.057407 0.041146 0.059259
9 0.427865 0.057870 0.033854 0.049074
1 0.466146 0.043056 0.015625 0.030556
8 0.463542 0.056019 0.037500 0.056481
1 0.504167 0.040741 0.016667 0.031481
8 0.504167 0.054630 0.035417 0.059259
1 0.712240 0.066204 0.014063 0.025000
8 0.705990 0.076852 0.026562 0.050000
1 0.682813 0.063889 0.014583 0.024074
8 0.676042 0.068519 0.030208 0.040741
1 0.326042 0.026852 0.014583 0.027778
8 0.329167 0.034259 0.031250 0.048148
1 0.421615 0.018519 0.014063 0.025926
8 0.419271 0.029630 0.029167 0.048148
1 0.454167 0.020370 0.014583 0.025926
8 0.453125 0.030093 0.025000 0.045370
1 0.555990 0.028704 0.011979 0.025926
8 0.549740 0.037037 0.034896 0.044444
1 0.587240 0.037037 0.014063 0.031481
9 0.584115 0.045833 0.032813 0.043519
1 0.520573 0.030556 0.013021 0.024074
1 0.494792 0.018056 0.014583 0.026852
5 0.920573 0.670833 0.034896 0.041667
9 0.802344 0.652315 0.098437 0.149074
6 0.377865 0.376852 0.028646 0.050000
5 0.619792 0.281019 0.036458 0.028704
9 0.193490 0.198148 0.045312 0.070370
4 0.249740 0.108796 0.013021 0.013889
9 0.727865 0.367130 0.057813 0.082407
5 0.324740 0.380556 0.044271 0.038889
4 0.817969 0.360185 0.017188 0.029630
5 0.188542 0.231019 0.029167 0.025000
5 0.254948 0.115278 0.028646 0.017593
5 0.290365 0.193519 0.029687 0.025926
5 0.347917 0.186111 0.028125 0.022222
7 0.427865 0.056944 0.015104 0.026852
5 0.466667 0.124537 0.020833 0.019444
8 0.490365 0.029167 0.024479 0.054630
5 0.524219 0.056019 0.014063 0.015741
5 0.546615 0.131481 0.023438 0.020370
8 0.522396 0.034722 0.025000 0.043519
6 0.649219 0.107407 0.022396 0.020370
5 0.678646 0.156019 0.021875 0.019444
4 0.625521 0.140741 0.011458 0.018519
5 0.635938 0.143519 0.015625 0.022222
5 0.591667 0.140741 0.022917 0.018519
5 0.434115 0.181019 0.030729 0.025000
4 0.377865 0.129167 0.014063 0.017593
4 0.310417 0.256481 0.021875 0.022222
5 0.413542 0.255093 0.018750 0.034259
6 0.446615 0.256481 0.039062 0.033333
6 0.518490 0.260648 0.039062 0.030556
5 0.563542 0.273148 0.037500 0.031481
3 0.596615 0.279167 0.011979 0.019444
6 0.694792 0.381481 0.033333 0.046296
5 0.582812 0.374074 0.043750 0.040741
6 0.265365 0.367593 0.042188 0.038889
6 0.214844 0.355556 0.036979 0.048148
5 0.506771 0.495833 0.030208 0.056481
3 0.504167 0.954630 0.028125 0.068519
5 0.967969 0.858796 0.029687 0.065741
5 0.844271 0.454167 0.033333 0.037963
5 0.812240 0.368519 0.029687 0.020370
6 0.761198 0.216667 0.019271 0.022222
