5 0.579688 0.668519 0.062500 0.064815
6 0.489063 0.680556 0.062500 0.070370
5 0.392969 0.684722 0.064062 0.069444
5 0.314063 0.690278 0.059375 0.071296
5 0.236719 0.660648 0.057813 0.069444
1 0.311719 0.518519 0.032813 0.077778
1 0.390365 0.547685 0.034896 0.069444
8 0.398438 0.581019 0.077083 0.139815
1 0.477344 0.544907 0.036979 0.069444
8 0.477865 0.593519 0.074479 0.170370
1 0.237240 0.531019 0.032813 0.067593
8 0.252865 0.571759 0.067187 0.156481
8 0.321615 0.565741 0.072396 0.183333
1 0.580990 0.530556 0.033854 0.064815
8 0.576042 0.579630 0.070833 0.168519
6 0.811719 0.700926 0.046354 0.062963
0 0.782813 0.606019 0.030208 0.078704
8 0.785417 0.644907 0.082292 0.169444
4 0.965365 0.865741 0.017188 0.046296
1 0.984115 0.780556 0.029687 0.068519
8 0.957292 0.809722 0.078125 0.143519
1 0.956771 0.576852 0.020833 0.050000
1 0.919792 0.571759 0.021875 0.056481
6 0.921615 0.667130 0.031771 0.047222
3 0.930990 0.659259 0.011979 0.018519
6 0.952865 0.655556 0.036979 0.046296
8 0.947396 0.614352 0.038542 0.126852
8 0.899219 0.610648 0.061979 0.130556
0 0.765365 0.426852 0.026562 0.061111
8 0.764844 0.468056 0.053646 0.141667
6 0.773438 0.523148 0.045833 0.044444
6 0.721615 0.518519 0.046354 0.066667
5 0.652865 0.530093 0.050521 0.050926
0 0.724740 0.393056 0.029687 0.069444
8 0.715365 0.437963 0.068229 0.150000
0 0.642188 0.368519 0.030208 0.062963
8 0.637240 0.417593 0.076563 0.168519
1 0.578646 0.418519 0.033333 0.064815
8 0.571615 0.443519 0.080729 0.131481
4 0.837240 0.443519 0.017188 0.031481
6 0.844271 0.454630 0.034375 0.037037
0 0.887240 0.384259 0.018229 0.044444
8 0.875521 0.409259 0.044792 0.094444
8 0.830990 0.394444 0.044271 0.100000
1 0.851042 0.330556 0.019792 0.037037
1 0.819792 0.306019 0.023958 0.047222
9 0.841667 0.330556 0.035417 0.062963
8 0.802865 0.318519 0.057813 0.088889
8 0.726042 0.368056 0.058333 0.080556
1 0.687500 0.302315 0.021875 0.052778
4 0.672396 0.378241 0.017708 0.034259
6 0.694792 0.380556 0.036458 0.040741
8 0.679167 0.323611 0.048958 0.106481
1 0.821094 0.238889 0.020313 0.038889
1 0.785417 0.231019 0.017708 0.036111
8 0.813542 0.252778 0.034375 0.066667
9 0.774740 0.243519 0.040104 0.057407
6 0.785417 0.274537 0.025000 0.030556
1 0.788542 0.171759 0.016667 0.030556
8 0.784375 0.189352 0.028125 0.060185
1 0.764844 0.179167 0.015104 0.032407
8 0.755469 0.183333 0.033854 0.050000
5 0.759115 0.215278 0.017188 0.015741
1 0.755990 0.126852 0.014063 0.035185
8 0.755990 0.135185 0.038021 0.055556
1 0.741667 0.093056 0.011458 0.028704
8 0.734115 0.106019 0.029687 0.054630
0 0.667188 0.105093 0.015625 0.032407
8 0.664323 0.118519 0.038021 0.066667
5 0.676042 0.155093 0.023958 0.017593
1 0.659896 0.159722 0.017708 0.030556
8 0.652865 0.171296 0.045312 0.055556
4 0.656771 0.197222 0.017708 0.018519
6 0.663021 0.204167 0.028125 0.025000
1 0.711719 0.064815 0.011979 0.025926
8 0.707292 0.075463 0.028125 0.049074
1 0.682813 0.056019 0.012500 0.025000
8 0.679688 0.068056 0.028125 0.050926
1 0.487240 0.403241 0.027604 0.060185
5 0.493490 0.493056 0.051562 0.050926
8 0.488542 0.429630 0.069792 0.118519
1 0.580990 0.305093 0.020313 0.047222
3 0.574219 0.364815 0.018229 0.016667
5 0.583073 0.377315 0.044271 0.039815
8 0.573438 0.318519 0.055208 0.085185
9 0.628646 0.342130 0.061458 0.078704
7 0.501823 0.343519 0.027604 0.051852
9 0.501042 0.343519 0.066667 0.090741
4 0.419792 0.368519 0.025000 0.027778
6 0.444792 0.368519 0.023958 0.038889
1 0.444792 0.291204 0.026042 0.052778
8 0.441667 0.318519 0.064583 0.116667
5 0.618490 0.280093 0.038021 0.030556
3 0.596615 0.274537 0.009896 0.019444
6 0.568490 0.268981 0.048438 0.030556
0 0.617969 0.192593 0.021354 0.044444
8 0.609115 0.217130 0.041146 0.091667
1 0.573438 0.194444 0.019792 0.048148
8 0.568490 0.222222 0.044271 0.094444
1 0.521615 0.196759 0.020313 0.043519
8 0.512240 0.214352 0.054688 0.076852
1 0.453125 0.206019 0.021875 0.041667
9 0.454688 0.215278 0.060417 0.078704
1 0.613542 0.156019 0.017708 0.034259
8 0.610938 0.168519 0.046875 0.062963
0 0.566667 0.131019 0.016667 0.041667
8 0.564063 0.147685 0.048958 0.080556
3 0.490365 0.256481 0.009896 0.018519
5 0.519792 0.255556 0.039583 0.031481
6 0.448698 0.255556 0.038021 0.031481
1 0.626042 0.104630 0.015625 0.031481
8 0.622917 0.115741 0.040625 0.057407
0 0.587240 0.093056 0.015104 0.034259
8 0.585938 0.105093 0.032292 0.050926
0 0.612240 0.047222 0.014063 0.031481
8 0.609115 0.066204 0.031771 0.063889
1 0.654167 0.068519 0.011458 0.029630
8 0.649740 0.080556 0.030729 0.051852
1 0.518490 0.145833 0.020313 0.043519
8 0.510938 0.155556 0.057292 0.061111
1 0.578646 0.066204 0.017708 0.028704
8 0.573438 0.071296 0.040625 0.044444
1 0.544792 0.084722 0.014583 0.030556
8 0.542969 0.102315 0.036979 0.063889
4 0.544792 0.128704 0.022917 0.022222
1 0.513021 0.092593 0.015625 0.027778
2 0.489323 0.090278 0.018229 0.034259
8 0.505990 0.105093 0.042188 0.062037
8 0.472917 0.096759 0.051042 0.056481
5 0.463542 0.122222 0.026042 0.018519
1 0.621615 0.040741 0.011979 0.025926
8 0.624740 0.048148 0.017188 0.044444
1 0.589844 0.042593 0.015104 0.027778
9 0.584115 0.044444 0.031771 0.038889
1 0.549219 0.020370 0.010937 0.027778
8 0.548438 0.030556 0.027083 0.046296
0 0.440365 0.105093 0.019271 0.039815
8 0.440365 0.131019 0.049479 0.100926
1 0.463542 0.040741 0.011458 0.031481
4 0.462240 0.075000 0.020313 0.018519
8 0.462240 0.055556 0.035937 0.059259
1 0.503646 0.042130 0.014583 0.028704
8 0.504167 0.055093 0.033333 0.056481
1 0.385417 0.146759 0.018750 0.030556
1 0.349219 0.134722 0.020313 0.030556
1 0.296615 0.143519 0.019271 0.037037
8 0.301823 0.156019 0.044271 0.060185
8 0.349740 0.152778 0.045312 0.070370
9 0.387240 0.155556 0.038021 0.048148
4 0.337240 0.181019 0.021354 0.019444
6 0.292969 0.192593 0.030729 0.018519
6 0.346615 0.180556 0.035937 0.027778
1 0.317969 0.318519 0.023438 0.051852
1 0.377344 0.268519 0.026562 0.059259
8 0.384115 0.310648 0.054688 0.143519
6 0.380469 0.379630 0.029687 0.040741
4 0.314063 0.370833 0.020833 0.030556
5 0.322917 0.379630 0.047917 0.040741
5 0.268490 0.359722 0.041146 0.043519
5 0.268490 0.330556 0.035937 0.027778
6 0.215365 0.356019 0.033854 0.043519
1 0.210417 0.310648 0.023958 0.043519
9 0.218750 0.334259 0.059375 0.118519
0 0.271615 0.254630 0.023438 0.057407
8 0.277865 0.291667 0.055729 0.129630
9 0.321615 0.330556 0.067187 0.081481
1 0.395313 0.205556 0.021875 0.038889
8 0.387240 0.218056 0.069271 0.075000
1 0.314063 0.196759 0.020833 0.043519
1 0.248438 0.228704 0.020833 0.038889
9 0.247396 0.242593 0.048958 0.068519
8 0.310417 0.218519 0.057292 0.085185
6 0.320573 0.256019 0.040104 0.028704
1 0.418490 0.056019 0.013021 0.025000
7 0.425521 0.055556 0.032292 0.050000
8 0.452865 0.030093 0.026562 0.041667
1 0.519792 0.018519 0.010417 0.022222
8 0.521615 0.030556 0.023438 0.042593
0 0.492969 0.018056 0.011979 0.028704
8 0.491667 0.031019 0.038542 0.056481
0 0.416667 0.017593 0.014583 0.025926
8 0.419271 0.029167 0.031250 0.047222
1 0.387240 0.053241 0.016146 0.025000
8 0.386719 0.063889 0.039062 0.048148
1 0.382292 0.093519 0.015625 0.024074
9 0.376563 0.106019 0.040625 0.050926
7 0.330990 0.106481 0.017188 0.031481
9 0.337240 0.107407 0.036979 0.044444
1 0.290365 0.096296 0.015104 0.035185
8 0.288021 0.108333 0.041667 0.061111
1 0.192188 0.172685 0.016667 0.030556
1 0.315625 0.057407 0.015625 0.031481
1 0.314063 0.068519 0.037500 0.055556
1 0.351042 0.068056 0.014583 0.028704
9 0.349740 0.068056 0.035937 0.039815
9 0.355990 0.039352 0.026562 0.037963
1 0.379688 0.029630 0.011458 0.027778
8 0.379167 0.036574 0.033333 0.043519
1 0.321615 0.030556 0.014063 0.024074
8 0.322917 0.041667 0.038542 0.044444
0 0.153646 0.224074 0.018750 0.044444
8 0.157292 0.255093 0.047917 0.100926
1 0.155469 0.192593 0.015104 0.029630
8 0.197917 0.193056 0.035417 0.071296
5 0.190365 0.231019 0.028646 0.023148
8 0.160938 0.203241 0.031250 0.054630
1 0.188542 0.131019 0.013542 0.030556
8 0.194792 0.143056 0.035417 0.058333
3 0.251042 0.110648 0.014583 0.006481
1 0.254688 0.078704 0.017708 0.029630
8 0.255990 0.093056 0.044271 0.063889
3 0.123438 0.316204 0.010417 0.012037
3 0.505208 0.950926 0.029167 0.068519
