4 0.963021 0.855556 0.016667 0.044444
6 0.966667 0.855556 0.032292 0.062963
3 0.985417 0.854630 0.010417 0.033333
6 0.809896 0.704630 0.050000 0.072222
0 0.782292 0.605556 0.031250 0.077778
8 0.785417 0.651852 0.081250 0.172222
5 0.583594 0.668519 0.067187 0.059259
1 0.581771 0.531019 0.032292 0.071296
8 0.572396 0.575463 0.080208 0.162037
1 0.983073 0.767593 0.025521 0.064815
8 0.956250 0.805556 0.081250 0.144444
3 0.929167 0.655556 0.011458 0.031481
6 0.951042 0.656019 0.038542 0.043519
6 0.919792 0.656019 0.035417 0.062037
1 0.958594 0.576852 0.021354 0.048148
1 0.919792 0.568519 0.022917 0.053704
8 0.896615 0.604630 0.068229 0.125926
8 0.946094 0.613426 0.048438 0.126852
6 0.721615 0.518056 0.047396 0.071296
5 0.651823 0.530556 0.053646 0.051852
6 0.774740 0.518519 0.042188 0.050000
0 0.767188 0.420833 0.021875 0.056481
0 0.722917 0.393056 0.026042 0.063889
8 0.763542 0.468056 0.059375 0.145370
8 0.713542 0.440741 0.071875 0.157407
4 0.835938 0.443519 0.017708 0.029630
6 0.841667 0.443519 0.034375 0.053704
6 0.877865 0.443056 0.025521 0.030556
0 0.880990 0.376852 0.016146 0.053704
1 0.841667 0.368056 0.017708 0.050926
8 0.875521 0.405093 0.035417 0.112037
8 0.830990 0.393056 0.043229 0.106481
4 0.815365 0.356019 0.020313 0.032407
6 0.812240 0.355556 0.030729 0.035185
1 0.852344 0.321759 0.021354 0.030556
1 0.821615 0.309259 0.020313 0.044444
9 0.843490 0.330556 0.040104 0.077778
8 0.802865 0.320833 0.060937 0.080556
1 0.734115 0.356019 0.021354 0.039815
9 0.726042 0.365278 0.058333 0.086111
4 0.673438 0.379630 0.015625 0.025926
6 0.696094 0.381019 0.038021 0.047222
1 0.687240 0.294907 0.020313 0.056481
8 0.677865 0.318056 0.046354 0.106481
8 0.779167 0.269907 0.019792 0.030556
1 0.822917 0.234259 0.017708 0.044444
1 0.786719 0.230556 0.016146 0.031481
8 0.814063 0.253704 0.037500 0.074074
8 0.777344 0.247222 0.048438 0.068519
1 0.790365 0.189815 0.015104 0.033333
1 0.760938 0.169907 0.014583 0.030556
8 0.784115 0.193056 0.029687 0.056481
8 0.757292 0.191667 0.040625 0.068519
6 0.762240 0.217130 0.020313 0.021296
0 0.765365 0.143519 0.017188 0.027778
9 0.754167 0.153241 0.042708 0.047222
1 0.737240 0.097222 0.014063 0.031481
4 0.737240 0.130556 0.013021 0.012963
6 0.737500 0.131019 0.021875 0.019444
6 0.734896 0.110648 0.033333 0.056481
1 0.710417 0.062963 0.013542 0.024074
8 0.706771 0.069444 0.029167 0.055556
4 0.690365 0.091204 0.010937 0.015741
6 0.688021 0.093519 0.020833 0.018519
5 0.704948 0.093056 0.018229 0.019444
0 0.682813 0.055556 0.011458 0.024074
8 0.680469 0.068519 0.029687 0.055556
1 0.621615 0.040278 0.011979 0.023148
8 0.617188 0.050926 0.031250 0.048148
1 0.589063 0.043519 0.013542 0.027778
9 0.585938 0.043056 0.033333 0.043519
1 0.547396 0.019444 0.013542 0.027778
8 0.547917 0.031019 0.029167 0.052778
2 0.526042 0.017130 0.014583 0.026852
8 0.521094 0.030556 0.027604 0.055556
6 0.526042 0.053241 0.017708 0.013889
1 0.493750 0.018056 0.012500 0.026852
8 0.491146 0.030093 0.032292 0.052778
1 0.452865 0.018519 0.013021 0.022222
8 0.455990 0.031019 0.032813 0.047222
0 0.423438 0.010185 0.013542 0.018519
8 0.422917 0.026389 0.035417 0.050926
1 0.652865 0.068519 0.014063 0.029630
8 0.647917 0.080093 0.029167 0.050926
1 0.613542 0.056019 0.013542 0.026852
8 0.610417 0.068519 0.037500 0.055556
1 0.576042 0.055556 0.014583 0.027778
8 0.569792 0.068056 0.039583 0.050926
1 0.503125 0.042130 0.015625 0.032407
8 0.503646 0.055556 0.032292 0.062963
1 0.463542 0.039352 0.014583 0.026852
8 0.463021 0.054630 0.038542 0.059259
1 0.419792 0.043981 0.014583 0.019444
9 0.424740 0.056019 0.032813 0.045370
1 0.664323 0.106019 0.015104 0.030556
8 0.662240 0.118056 0.034896 0.062037
6 0.671615 0.151389 0.031771 0.025000
4 0.621094 0.133333 0.020313 0.018519
6 0.627865 0.142593 0.030729 0.025926
1 0.626042 0.105556 0.015625 0.031481
8 0.622917 0.118056 0.044792 0.060185
0 0.582292 0.078241 0.014583 0.032407
5 0.589323 0.140741 0.027604 0.016667
8 0.580990 0.093519 0.035937 0.070370
6 0.547396 0.131019 0.023958 0.021296
2 0.523438 0.077778 0.018750 0.038889
8 0.532292 0.093519 0.044792 0.077778
2 0.501042 0.069907 0.016667 0.036111
8 0.502865 0.091204 0.032813 0.069444
2 0.459896 0.064815 0.016667 0.031481
5 0.463021 0.119907 0.028125 0.019444
8 0.461458 0.083333 0.036458 0.083333
1 0.659115 0.155556 0.017188 0.031481
4 0.656250 0.193056 0.018750 0.019444
6 0.663542 0.201852 0.031250 0.024074
8 0.651823 0.168519 0.044271 0.055556
1 0.613542 0.155556 0.017708 0.031481
8 0.612240 0.168519 0.045312 0.064815
0 0.568490 0.138889 0.016146 0.038889
8 0.563542 0.164352 0.052083 0.089815
1 0.519271 0.143056 0.019792 0.043519
8 0.511198 0.155556 0.055729 0.059259
0 0.439063 0.105556 0.017708 0.037037
5 0.439063 0.169907 0.034375 0.019444
8 0.440365 0.130556 0.048438 0.094444
0 0.616146 0.180556 0.021875 0.040741
8 0.604688 0.205556 0.046875 0.105556
1 0.572396 0.193519 0.020833 0.046296
8 0.568490 0.218056 0.051562 0.093519
3 0.595313 0.278704 0.009375 0.014815
5 0.619271 0.280556 0.036458 0.031481
6 0.573438 0.268056 0.058333 0.037963
1 0.522917 0.194444 0.021875 0.048148
3 0.489063 0.255556 0.009375 0.018519
6 0.518490 0.254167 0.039062 0.043519
8 0.512240 0.214352 0.054688 0.076852
0 0.642969 0.368056 0.029687 0.069444
8 0.594792 0.413889 0.072917 0.161111
1 0.640365 0.322222 0.022396 0.044444
9 0.627865 0.343056 0.064062 0.086111
4 0.572917 0.356019 0.021875 0.026852
5 0.584115 0.369907 0.042188 0.043519
1 0.582292 0.292593 0.023958 0.048148
8 0.574740 0.316667 0.064062 0.094444
1 0.577865 0.418519 0.031771 0.062963
8 0.572396 0.451852 0.082292 0.135185
6 0.582292 0.518519 0.055208 0.061111
1 0.493490 0.332407 0.027604 0.055556
9 0.502344 0.343519 0.066146 0.096296
6 0.489844 0.679167 0.065104 0.065741
1 0.471615 0.539815 0.032813 0.083333
8 0.477344 0.601389 0.074479 0.212037
3 0.488021 0.489352 0.010417 0.025000
5 0.494271 0.493056 0.051042 0.054630
1 0.487240 0.392593 0.027604 0.062963
8 0.485938 0.418519 0.066667 0.127778
1 0.452344 0.206019 0.023438 0.045370
6 0.447396 0.256019 0.038542 0.036111
9 0.454167 0.217593 0.062500 0.087037
5 0.394271 0.681019 0.062500 0.063889
5 0.314323 0.681481 0.059896 0.068519
5 0.236719 0.655556 0.058854 0.062963
1 0.392969 0.520370 0.032813 0.077778
8 0.251563 0.569444 0.070833 0.164815
1 0.311719 0.516667 0.031771 0.094444
8 0.321094 0.562500 0.073438 0.180556
1 0.246615 0.527315 0.026562 0.060185
8 0.398438 0.569444 0.081250 0.172222
4 0.422396 0.368056 0.019792 0.030556
6 0.444792 0.368056 0.023958 0.039815
1 0.445573 0.284259 0.028646 0.062963
8 0.440365 0.318519 0.066146 0.118519
6 0.380990 0.377778 0.030729 0.044444
4 0.313021 0.376389 0.018750 0.025000
5 0.323698 0.378704 0.046354 0.037037
0 0.374219 0.256481 0.027604 0.061111
8 0.380990 0.309259 0.056771 0.155556
1 0.395313 0.205556 0.019792 0.042593
4 0.393490 0.243519 0.014063 0.024074
6 0.404167 0.253241 0.035417 0.036111
9 0.389844 0.217593 0.061979 0.081481
1 0.319792 0.315741 0.025000 0.051852
9 0.321615 0.331019 0.069271 0.100926
6 0.216146 0.356019 0.038542 0.045370
6 0.267448 0.356019 0.041146 0.045370
0 0.260417 0.268056 0.026042 0.054630
1 0.210417 0.315278 0.023958 0.047222
9 0.217969 0.334259 0.057813 0.118519
8 0.274740 0.295833 0.057813 0.119444
1 0.313542 0.192593 0.019792 0.042593
6 0.315365 0.256019 0.042188 0.028704
1 0.249740 0.227778 0.020313 0.038889
9 0.251823 0.242130 0.059896 0.069444
8 0.309115 0.218056 0.058854 0.095370
1 0.384115 0.146759 0.018229 0.030556
9 0.386719 0.156019 0.040104 0.050926
4 0.337240 0.180556 0.020313 0.020370
6 0.345313 0.181019 0.036458 0.026852
1 0.342969 0.130556 0.018229 0.044444
8 0.343490 0.151852 0.042188 0.077778
1 0.301563 0.151389 0.020833 0.037963
4 0.297396 0.182407 0.017708 0.018519
6 0.291667 0.191667 0.027083 0.027778
9 0.302865 0.163889 0.045312 0.064815
1 0.380990 0.093519 0.017188 0.031481
4 0.376563 0.120833 0.015625 0.019444
9 0.377865 0.105093 0.043229 0.056481
1 0.289844 0.093519 0.015104 0.037037
6 0.288021 0.139352 0.018750 0.021296
8 0.287240 0.106944 0.040104 0.062037
1 0.338542 0.093519 0.016667 0.027778
8 0.337500 0.104630 0.043750 0.055556
1 0.388021 0.049537 0.014583 0.030556
8 0.387240 0.057407 0.039062 0.055556
1 0.355469 0.052778 0.015104 0.033333
8 0.351042 0.057870 0.035417 0.049074
1 0.316667 0.056481 0.016667 0.033333
9 0.314844 0.068056 0.036979 0.052778
1 0.326042 0.028704 0.013542 0.027778
8 0.329688 0.034722 0.033333 0.043519
9 0.359115 0.038889 0.027604 0.035185
0 0.155469 0.226389 0.019271 0.050926
8 0.157292 0.255556 0.042708 0.105556
1 0.185417 0.181481 0.016667 0.046296
1 0.155990 0.193056 0.017188 0.034259
8 0.193490 0.200000 0.045312 0.068519
5 0.189844 0.230556 0.029687 0.022222
8 0.162240 0.205556 0.034896 0.061111
1 0.196094 0.152315 0.015104 0.036111
9 0.194792 0.155556 0.039583 0.048148
1 0.255990 0.068056 0.016146 0.034259
3 0.249740 0.105556 0.011979 0.005556
5 0.255990 0.111111 0.025521 0.018519
6 0.255469 0.089815 0.045312 0.070370
8 0.047917 0.601852 0.070833 0.151852
1 0.026042 0.565278 0.027083 0.067593
3 0.504167 0.953241 0.030208 0.069444
