5 0.966667 0.855556 0.031250 0.061111
3 0.965365 0.855556 0.010937 0.031481
6 0.991146 0.830556 0.017708 0.055556
1 0.980990 0.779167 0.030729 0.060185
8 0.957292 0.814815 0.079167 0.151852
8 0.810417 0.693519 0.048958 0.061111
0 0.782813 0.604167 0.030208 0.076852
8 0.787240 0.643519 0.083854 0.164815
6 0.918490 0.668056 0.036979 0.047222
3 0.929688 0.659259 0.010417 0.018519
6 0.951042 0.655556 0.038542 0.044444
1 0.957292 0.573148 0.023958 0.055556
1 0.923438 0.568056 0.020833 0.054630
8 0.899740 0.604630 0.065104 0.129630
8 0.948438 0.612963 0.040625 0.131481
5 0.580469 0.668056 0.065104 0.063889
1 0.582292 0.527778 0.032292 0.074074
8 0.576042 0.570833 0.079167 0.169444
5 0.652865 0.531019 0.053646 0.050926
6 0.721615 0.523148 0.048438 0.068519
0 0.766146 0.427315 0.022917 0.060185
0 0.726042 0.393056 0.029167 0.065741
0 0.644792 0.366667 0.029167 0.057407
8 0.640365 0.415741 0.066146 0.159259
4 0.835938 0.443519 0.015625 0.025926
6 0.842969 0.452778 0.034896 0.040741
1 0.888542 0.390741 0.021875 0.042593
8 0.877344 0.411111 0.048438 0.081481
1 0.842448 0.368519 0.019271 0.046296
8 0.830469 0.393519 0.042188 0.100000
1 0.819792 0.309259 0.022917 0.044444
4 0.816667 0.356019 0.020833 0.025000
4 0.814063 0.366667 0.029167 0.025926
8 0.801042 0.322685 0.055208 0.080556
1 0.851042 0.330556 0.021875 0.037037
1 0.821615 0.239352 0.018229 0.037963
8 0.812240 0.254630 0.036979 0.070370
1 0.786198 0.231019 0.018229 0.034259
8 0.776563 0.250463 0.042708 0.062037
9 0.726042 0.368519 0.053125 0.079630
1 0.687240 0.304167 0.023438 0.050926
4 0.673438 0.378704 0.018750 0.029630
6 0.696094 0.381481 0.035937 0.044444
8 0.680990 0.328704 0.045312 0.107407
1 0.789323 0.168056 0.015104 0.030556
8 0.784115 0.190741 0.026562 0.064815
1 0.764844 0.172222 0.017188 0.031481
8 0.756250 0.185185 0.034375 0.057407
1 0.758073 0.133333 0.016146 0.031481
8 0.752865 0.143056 0.031771 0.049074
0 0.737240 0.093056 0.015104 0.028704
8 0.732292 0.106019 0.029167 0.052778
1 0.641667 0.322685 0.023958 0.043519
9 0.629167 0.339352 0.066667 0.086111
3 0.574740 0.363889 0.021354 0.014815
5 0.584115 0.373611 0.045312 0.043519
1 0.584115 0.305556 0.024479 0.050000
9 0.572917 0.318056 0.057292 0.082407
1 0.710938 0.064815 0.010417 0.024074
8 0.706771 0.073611 0.028125 0.043519
1 0.682813 0.055556 0.011458 0.024074
8 0.680469 0.068056 0.026562 0.054630
1 0.660417 0.156481 0.017708 0.037037
4 0.654948 0.195833 0.019271 0.019444
6 0.662240 0.204167 0.030729 0.025000
8 0.651563 0.172222 0.043750 0.055556
1 0.671615 0.117593 0.013021 0.031481
5 0.676042 0.153704 0.023958 0.016667
9 0.663542 0.125926 0.037500 0.048148
1 0.625521 0.105556 0.014583 0.031481
9 0.622917 0.114352 0.044792 0.060185
6 0.629167 0.142593 0.028125 0.029630
0 0.607292 0.179630 0.020833 0.044444
8 0.605990 0.205556 0.039062 0.101852
0 0.571094 0.193519 0.020313 0.046296
6 0.572917 0.272685 0.057292 0.030556
3 0.596615 0.278704 0.011979 0.016667
8 0.566667 0.218519 0.047917 0.098148
1 0.579688 0.417130 0.031250 0.063889
8 0.571615 0.443519 0.080729 0.133333
1 0.521615 0.194907 0.020313 0.043519
6 0.516667 0.254630 0.042708 0.038889
3 0.490365 0.256481 0.009896 0.018519
8 0.512240 0.212037 0.057813 0.081481
8 0.610938 0.168519 0.043750 0.061111
0 0.560417 0.130093 0.017708 0.039815
8 0.560417 0.147685 0.042708 0.080556
1 0.510938 0.131019 0.020833 0.039815
8 0.510938 0.145833 0.057292 0.075000
1 0.587240 0.093056 0.014063 0.034259
8 0.585417 0.103704 0.032292 0.053704
1 0.662240 0.081019 0.014063 0.026852
9 0.654167 0.090278 0.034375 0.039815
1 0.614844 0.055093 0.014063 0.028704
8 0.610417 0.067130 0.035417 0.058333
1 0.578646 0.065741 0.015625 0.025926
8 0.575521 0.072222 0.048958 0.044444
1 0.590365 0.040741 0.013021 0.029630
9 0.584896 0.043519 0.032292 0.040741
1 0.548438 0.021759 0.012500 0.026852
8 0.548698 0.031481 0.027604 0.048148
1 0.519271 0.026389 0.011458 0.026852
8 0.523438 0.030556 0.019792 0.042593
5 0.525521 0.056019 0.014583 0.015741
5 0.463021 0.123148 0.026042 0.018519
6 0.449219 0.255556 0.038021 0.031481
1 0.451042 0.206019 0.022917 0.047222
9 0.452865 0.215741 0.060937 0.077778
6 0.404167 0.255093 0.037500 0.036111
1 0.392969 0.205093 0.023438 0.039815
8 0.389844 0.216204 0.064062 0.076852
6 0.444792 0.368519 0.026042 0.042593
4 0.419792 0.368056 0.027083 0.030556
6 0.380469 0.378704 0.026562 0.038889
1 0.440365 0.291204 0.028646 0.052778
8 0.440365 0.317593 0.061979 0.109259
1 0.494271 0.333333 0.029167 0.055556
9 0.501563 0.343519 0.068750 0.098148
1 0.402865 0.276389 0.025521 0.050926
8 0.394792 0.315278 0.057292 0.132407
1 0.544792 0.090278 0.014583 0.034259
8 0.543490 0.102778 0.039062 0.061111
1 0.509115 0.085185 0.016146 0.031481
8 0.505469 0.102315 0.040104 0.060185
1 0.457813 0.081019 0.015625 0.030556
1 0.460938 0.093519 0.044792 0.059259
0 0.440365 0.105556 0.017188 0.037037
8 0.441667 0.131019 0.045833 0.095370
1 0.385417 0.147685 0.016667 0.030556
8 0.385417 0.156019 0.037500 0.050926
1 0.487240 0.399074 0.029687 0.066667
8 0.487240 0.431019 0.070312 0.123148
3 0.488542 0.489352 0.011458 0.028704
5 0.494792 0.495833 0.051042 0.056481
6 0.484115 0.678241 0.074479 0.065741
1 0.471615 0.530556 0.034896 0.066667
8 0.477865 0.597222 0.076563 0.205556
1 0.401042 0.522222 0.032292 0.068519
8 0.402865 0.568056 0.071354 0.167593
5 0.394271 0.684259 0.062500 0.068519
1 0.310417 0.515278 0.029167 0.082407
8 0.319792 0.560648 0.070833 0.182407
5 0.314063 0.689352 0.060417 0.065741
1 0.244792 0.515278 0.033333 0.063889
8 0.255990 0.566667 0.064062 0.172222
5 0.235417 0.664352 0.056250 0.063889
1 0.463542 0.040741 0.014583 0.029630
8 0.463542 0.054630 0.036458 0.059259
1 0.451823 0.018981 0.013021 0.021296
8 0.451042 0.025463 0.026042 0.030556
0 0.416667 0.016204 0.014583 0.026852
8 0.417969 0.026852 0.032813 0.048148
1 0.418490 0.055556 0.016146 0.029630
7 0.424740 0.059259 0.032813 0.044444
1 0.381771 0.093056 0.016667 0.026852
9 0.377865 0.105093 0.042188 0.047222
0 0.329167 0.271759 0.025000 0.056481
4 0.313542 0.367593 0.017708 0.038889
5 0.324740 0.380093 0.044271 0.039815
6 0.267188 0.355556 0.043750 0.040741
8 0.324740 0.305556 0.061979 0.120370
0 0.263542 0.260648 0.026042 0.056481
8 0.274740 0.293056 0.054688 0.115741
1 0.210938 0.309722 0.023958 0.043519
9 0.217969 0.331019 0.054688 0.110185
6 0.215365 0.356019 0.035937 0.037963
0 0.311198 0.180093 0.022396 0.041667
6 0.310417 0.255556 0.027083 0.037037
6 0.316667 0.206019 0.047917 0.100926
1 0.249219 0.227778 0.021354 0.037037
9 0.252865 0.243056 0.059896 0.069444
1 0.348698 0.138426 0.018229 0.037963
8 0.349219 0.155556 0.046354 0.062963
1 0.314323 0.143056 0.018229 0.036111
8 0.308594 0.157870 0.045312 0.063889
4 0.335938 0.180556 0.019792 0.020370
6 0.345313 0.180556 0.038542 0.029630
1 0.330990 0.106019 0.016146 0.028704
1 0.288542 0.093056 0.016667 0.034259
8 0.288021 0.110648 0.038542 0.067593
1 0.385417 0.053241 0.015625 0.030556
8 0.384115 0.061574 0.045312 0.056481
1 0.379167 0.029630 0.013542 0.029630
8 0.377865 0.034722 0.034896 0.043519
1 0.351042 0.068056 0.015625 0.028704
9 0.351042 0.068519 0.035417 0.040741
1 0.314844 0.059722 0.016146 0.030556
8 0.313542 0.068519 0.035417 0.051852
8 0.357292 0.043056 0.027083 0.045370
7 0.321615 0.043056 0.035937 0.037963
1 0.154688 0.227315 0.020833 0.041667
8 0.157292 0.247222 0.050000 0.094444
5 0.190365 0.230556 0.026562 0.022222
8 0.189844 0.168519 0.020313 0.033333
8 0.202344 0.190741 0.048438 0.068519
8 0.161198 0.205556 0.033854 0.050000
1 0.188542 0.131019 0.014583 0.034259
8 0.196615 0.142593 0.041146 0.059259
1 0.252865 0.073611 0.017188 0.030556
8 0.259896 0.093056 0.036458 0.058333
4 0.249740 0.106481 0.016146 0.014815
5 0.009115 0.629167 0.017188 0.045370
6 0.026042 0.656019 0.031250 0.073148
8 0.769271 0.468519 0.044792 0.140741
8 0.715365 0.435648 0.068229 0.156481
5 0.619792 0.279630 0.035417 0.027778
3 0.505990 0.954630 0.030729 0.066667
