4 0.964063 0.855556 0.013542 0.037037
6 0.965365 0.855556 0.033854 0.062963
3 0.985417 0.853704 0.010417 0.031481
1 0.980469 0.780556 0.025521 0.061111
8 0.954688 0.805556 0.079167 0.138889
6 0.809115 0.697685 0.051562 0.069444
0 0.780990 0.604630 0.032813 0.075926
8 0.787240 0.653241 0.082812 0.176852
3 0.929688 0.660185 0.011458 0.031481
6 0.921615 0.667593 0.034896 0.050000
6 0.951042 0.656019 0.036458 0.045370
1 0.919271 0.568056 0.025000 0.052778
1 0.957292 0.576852 0.020833 0.050000
8 0.944792 0.616204 0.048958 0.130556
8 0.898438 0.606019 0.067708 0.117593
5 0.584896 0.669907 0.065625 0.069444
1 0.582292 0.530556 0.028125 0.068519
8 0.571615 0.576389 0.077604 0.162037
5 0.652865 0.531019 0.054688 0.050926
6 0.722396 0.521759 0.048958 0.069444
6 0.774219 0.526852 0.043229 0.050000
0 0.767188 0.425926 0.023958 0.062963
0 0.722917 0.393519 0.028125 0.066667
1 0.646875 0.393056 0.028125 0.060185
8 0.765365 0.468519 0.053646 0.151852
8 0.715365 0.435648 0.067187 0.156481
8 0.640625 0.430556 0.068750 0.131481
1 0.576042 0.418056 0.029167 0.067593
8 0.572396 0.448148 0.082292 0.131481
6 0.582292 0.518519 0.057292 0.061111
5 0.879167 0.443056 0.019792 0.032407
4 0.835938 0.443519 0.019792 0.027778
6 0.841667 0.453704 0.036458 0.042593
0 0.884375 0.360185 0.015625 0.044444
1 0.845573 0.368519 0.018229 0.050000
8 0.871615 0.391204 0.042188 0.102778
8 0.831771 0.394907 0.043750 0.106481
1 0.821615 0.315278 0.021354 0.041667
1 0.852865 0.321759 0.019271 0.030556
1 0.845313 0.330556 0.039583 0.074074
4 0.817448 0.356019 0.016146 0.026852
4 0.812240 0.364815 0.029687 0.027778
4 0.804167 0.318056 0.058333 0.086111
1 0.734115 0.355556 0.020313 0.044444
4 0.671615 0.370833 0.021354 0.030556
6 0.696875 0.380556 0.037500 0.046296
9 0.726042 0.368519 0.057292 0.085185
1 0.687240 0.301389 0.021354 0.056481
8 0.679688 0.325926 0.046875 0.105556
1 0.640365 0.328241 0.020313 0.043519
9 0.629167 0.343519 0.068750 0.083333
1 0.822917 0.237500 0.019792 0.043519
8 0.814063 0.253704 0.037500 0.075926
1 0.785417 0.230556 0.016667 0.037037
4 0.780990 0.270833 0.019271 0.019444
8 0.776823 0.245833 0.049479 0.069444
1 0.790365 0.181019 0.014063 0.030556
8 0.784115 0.193056 0.029687 0.062037
1 0.761719 0.169907 0.016146 0.030556
6 0.761719 0.215278 0.022396 0.023148
8 0.757292 0.189352 0.040625 0.062037
5 0.619792 0.280556 0.039583 0.031481
3 0.573438 0.365741 0.018750 0.014815
3 0.584375 0.371759 0.043750 0.043519
3 0.595313 0.278704 0.011458 0.016667
1 0.569792 0.270833 0.025000 0.056481
8 0.570573 0.303241 0.063021 0.112037
1 0.659115 0.157870 0.018229 0.036111
4 0.653646 0.193981 0.020833 0.019444
4 0.655990 0.197685 0.015104 0.019444
8 0.652865 0.173148 0.043229 0.066667
0 0.613021 0.180556 0.020833 0.044444
8 0.604688 0.205556 0.042708 0.105556
1 0.571615 0.193519 0.020313 0.046296
8 0.565365 0.218056 0.047396 0.089815
5 0.572917 0.272222 0.055208 0.031481
9 0.611719 0.168519 0.045312 0.064815
1 0.574740 0.142593 0.018229 0.035185
8 0.564844 0.160185 0.050521 0.081481
1 0.474740 0.540741 0.029687 0.070370
6 0.489844 0.678704 0.063021 0.062963
5 0.393490 0.680556 0.061979 0.068519
8 0.477344 0.593056 0.074479 0.187963
0 0.398438 0.501389 0.032292 0.076852
8 0.398438 0.555556 0.075000 0.192593
5 0.494792 0.493056 0.051042 0.052778
1 0.487240 0.395833 0.030729 0.069444
8 0.487500 0.423611 0.068750 0.121296
1 0.496094 0.335185 0.027604 0.057407
9 0.501823 0.343519 0.066146 0.092593
3 0.427344 0.370833 0.014063 0.026852
6 0.446094 0.368519 0.025521 0.042593
1 0.439063 0.281019 0.028125 0.056481
8 0.438542 0.316667 0.069792 0.131481
0 0.379688 0.253241 0.026042 0.054630
6 0.377865 0.378241 0.027604 0.045370
8 0.385417 0.301852 0.055208 0.159259
0 0.510938 0.168056 0.019792 0.045370
3 0.490365 0.255556 0.008854 0.018519
5 0.518490 0.255556 0.038021 0.031481
5 0.511198 0.199537 0.050521 0.106481
6 0.451042 0.255556 0.031250 0.037037
5 0.413542 0.254630 0.017708 0.029630
1 0.452865 0.206944 0.022396 0.049074
9 0.454167 0.213426 0.060417 0.080556
1 0.668490 0.116204 0.016146 0.028704
5 0.677344 0.153704 0.021354 0.016667
8 0.664844 0.126389 0.039062 0.050926
1 0.626042 0.106019 0.014583 0.030556
4 0.622917 0.132407 0.015625 0.018519
8 0.622396 0.116667 0.044792 0.059259
1 0.763542 0.143519 0.017708 0.029630
9 0.753646 0.145833 0.038542 0.047222
1 0.738542 0.100000 0.014583 0.031481
8 0.734115 0.109259 0.031771 0.050000
6 0.734896 0.130556 0.017708 0.018519
1 0.714063 0.067593 0.013542 0.024074
8 0.709115 0.072685 0.030729 0.043519
4 0.690365 0.091667 0.009896 0.014815
8 0.679688 0.068519 0.030208 0.059259
1 0.654167 0.076852 0.013542 0.025926
8 0.646094 0.081019 0.030729 0.047222
1 0.613542 0.056019 0.014583 0.026852
8 0.609375 0.068056 0.037500 0.056481
1 0.620313 0.039815 0.013542 0.022222
1 0.618490 0.051389 0.030729 0.049074
0 0.583073 0.077778 0.015104 0.033333
8 0.582292 0.093519 0.035417 0.075926
1 0.569792 0.063889 0.012500 0.027778
8 0.569792 0.068056 0.037500 0.049074
1 0.588542 0.043519 0.013542 0.027778
9 0.586719 0.044907 0.029687 0.039815
1 0.544271 0.081019 0.015625 0.030556
5 0.546615 0.130556 0.023438 0.016667
5 0.540365 0.093056 0.038021 0.062037
2 0.505990 0.077778 0.016146 0.027778
2 0.465365 0.058333 0.018229 0.037037
8 0.505990 0.092130 0.033854 0.060185
8 0.460938 0.080556 0.037500 0.075926
5 0.462240 0.119907 0.028646 0.019444
1 0.441667 0.113426 0.017708 0.037963
6 0.435417 0.172222 0.034375 0.018519
3 0.417969 0.180556 0.008854 0.012963
8 0.440365 0.139815 0.048438 0.090741
1 0.396094 0.205556 0.021354 0.040741
9 0.388542 0.217593 0.059375 0.079630
1 0.502865 0.042130 0.014063 0.030556
1 0.546615 0.019444 0.011979 0.029630
8 0.545573 0.032870 0.031771 0.050926
1 0.529167 0.018519 0.013542 0.025926
5 0.523438 0.055556 0.014583 0.012963
8 0.523698 0.031019 0.027604 0.054630
1 0.519792 0.130556 0.020833 0.042593
8 0.512240 0.148148 0.051562 0.068519
1 0.493490 0.016667 0.011979 0.025926
8 0.493490 0.029167 0.032813 0.052778
1 0.454688 0.018056 0.010417 0.026852
8 0.452865 0.028241 0.030729 0.054630
1 0.418490 0.056019 0.014063 0.025000
9 0.424740 0.055556 0.031771 0.050000
0 0.423438 0.011111 0.013542 0.020370
8 0.421615 0.022685 0.030729 0.043519
5 0.237240 0.662963 0.058854 0.062963
5 0.314063 0.684259 0.060417 0.068519
0 0.312240 0.518519 0.031771 0.079630
8 0.319792 0.565278 0.073958 0.178704
1 0.246875 0.529630 0.031250 0.068519
8 0.251563 0.568519 0.069792 0.155556
5 0.012240 0.628241 0.023438 0.045370
6 0.027865 0.655556 0.032813 0.075926
1 0.022396 0.567593 0.033333 0.068519
8 0.043490 0.603241 0.082812 0.143519
4 0.314063 0.368519 0.017708 0.035185
6 0.324740 0.371759 0.046354 0.043519
6 0.267448 0.357870 0.044271 0.036111
6 0.215365 0.355556 0.035937 0.042593
1 0.318490 0.318519 0.026562 0.055556
9 0.324219 0.332870 0.067187 0.086111
0 0.261719 0.281019 0.029687 0.056481
8 0.271615 0.323611 0.052604 0.143519
1 0.210938 0.308333 0.022917 0.044444
9 0.216667 0.335185 0.057292 0.118519
3 0.123438 0.316204 0.009375 0.015741
5 0.118490 0.316667 0.023438 0.020370
0 0.154688 0.225000 0.017708 0.050000
8 0.159115 0.256019 0.042188 0.104630
8 0.185938 0.181019 0.017708 0.043519
5 0.190365 0.230556 0.028646 0.022222
8 0.194792 0.197685 0.044792 0.069444
1 0.155990 0.192130 0.017188 0.030556
8 0.160938 0.205093 0.035417 0.063889
1 0.194792 0.147222 0.014583 0.031481
9 0.194792 0.155556 0.037500 0.046296
1 0.248438 0.229167 0.020833 0.039815
9 0.253646 0.243056 0.061458 0.073148
0 0.317188 0.185648 0.020833 0.045370
3 0.312240 0.254630 0.015104 0.009259
5 0.321094 0.263889 0.034896 0.025926
8 0.314063 0.206019 0.051042 0.089815
4 0.299219 0.185185 0.018229 0.018519
3 0.338542 0.181019 0.014583 0.008333
5 0.347917 0.181481 0.030208 0.018519
1 0.301042 0.151852 0.017708 0.035185
1 0.291667 0.191667 0.031250 0.022222
9 0.301823 0.164352 0.047396 0.065741
1 0.343490 0.129630 0.018229 0.038889
1 0.388542 0.148611 0.019792 0.034259
9 0.386198 0.155556 0.040104 0.050000
8 0.343490 0.143519 0.043229 0.075926
3 0.249740 0.106481 0.009896 0.005556
6 0.251563 0.114352 0.035417 0.021296
1 0.257292 0.073148 0.016667 0.031481
8 0.254688 0.091667 0.043750 0.068519
1 0.290625 0.095370 0.015625 0.035185
6 0.288542 0.138889 0.016667 0.024074
8 0.288542 0.107870 0.039583 0.063889
5 0.322917 0.130556 0.022917 0.016667
1 0.343490 0.093519 0.016146 0.035185
9 0.335938 0.106019 0.040625 0.050926
1 0.380990 0.093519 0.017188 0.031481
4 0.378125 0.122685 0.015625 0.019444
9 0.376823 0.105093 0.043229 0.052778
1 0.389844 0.048611 0.014063 0.030556
8 0.387240 0.057407 0.039062 0.055556
1 0.353646 0.048148 0.016667 0.033333
8 0.351042 0.059722 0.036458 0.056481
1 0.315365 0.055556 0.014063 0.031481
9 0.314844 0.068519 0.035937 0.053704
1 0.326042 0.025926 0.011458 0.025926
8 0.327865 0.030556 0.032813 0.046296
4 0.624740 0.139815 0.011979 0.014815
1 0.682813 0.056019 0.013542 0.028704
3 0.505469 0.955093 0.028646 0.063889
