4 0.025521 0.630556 0.013542 0.031481
1 0.026042 0.568056 0.028125 0.056481
8 0.046615 0.606019 0.071354 0.128704
3 0.123438 0.316667 0.010417 0.016667
5 0.116667 0.317593 0.023958 0.024074
1 0.148438 0.231019 0.017708 0.041667
8 0.155990 0.251852 0.050521 0.087037
4 0.174740 0.230556 0.010937 0.025926
5 0.189583 0.236111 0.028125 0.022222
1 0.185938 0.187037 0.018750 0.040741
8 0.189583 0.203704 0.042708 0.070370
1 0.194792 0.151389 0.017708 0.032407
9 0.194792 0.156481 0.038542 0.044444
4 0.249740 0.108333 0.014063 0.016667
5 0.255469 0.114352 0.028646 0.015741
1 0.252865 0.081019 0.015104 0.028704
9 0.258333 0.091204 0.037500 0.050926
0 0.327865 0.018056 0.014063 0.026852
8 0.329167 0.031019 0.032292 0.052778
1 0.291146 0.097222 0.016667 0.037037
1 0.313021 0.062963 0.016667 0.031481
1 0.357292 0.054630 0.014583 0.031481
0 0.392969 0.038426 0.017188 0.032407
0 0.325521 0.081019 0.017708 0.034259
1 0.382292 0.093056 0.016667 0.032407
8 0.287760 0.110648 0.041146 0.063889
9 0.314063 0.070370 0.035417 0.055556
6 0.321615 0.130556 0.023438 0.022222
8 0.334115 0.100000 0.043229 0.068519
8 0.351562 0.062963 0.038542 0.053704
4 0.377865 0.128704 0.015104 0.014815
9 0.376563 0.105556 0.042708 0.061111
8 0.392188 0.054167 0.041667 0.065741
1 0.421875 0.018056 0.012500 0.026852
1 0.452865 0.021759 0.014063 0.025000
1 0.496615 0.017130 0.013021 0.028704
8 0.418490 0.030093 0.029687 0.047222
8 0.452865 0.030093 0.027604 0.045370
8 0.490104 0.028241 0.025000 0.052778
1 0.428646 0.057407 0.014583 0.029630
9 0.429688 0.059259 0.032292 0.051852
1 0.463542 0.043519 0.014583 0.031481
1 0.504167 0.041667 0.014583 0.031481
8 0.459115 0.055093 0.034896 0.056481
1 0.459115 0.088426 0.017188 0.030556
8 0.462240 0.094907 0.040104 0.052778
8 0.502865 0.055093 0.033854 0.060185
1 0.518490 0.030093 0.013021 0.025000
8 0.522917 0.034722 0.025000 0.039815
1 0.556250 0.030556 0.012500 0.027778
8 0.549740 0.040278 0.035937 0.047222
5 0.468490 0.124537 0.019271 0.023148
1 0.514844 0.093056 0.016146 0.032407
8 0.506771 0.105556 0.046875 0.057407
1 0.546094 0.087963 0.017188 0.031481
5 0.546615 0.131019 0.023438 0.019444
8 0.542188 0.099074 0.035417 0.059259
0 0.583594 0.080556 0.015104 0.031481
8 0.580990 0.093056 0.036979 0.065741
1 0.586719 0.041204 0.014063 0.028704
8 0.584896 0.044907 0.030208 0.045370
0 0.612240 0.050000 0.014063 0.031481
8 0.609115 0.064352 0.031771 0.062037
5 0.593490 0.140741 0.017188 0.016667
5 0.635938 0.143519 0.016667 0.020370
5 0.677865 0.155556 0.023438 0.020370
1 0.657813 0.080556 0.014583 0.025926
9 0.648438 0.089815 0.037500 0.038889
1 0.619271 0.094907 0.017708 0.030556
9 0.622917 0.113889 0.046875 0.061111
0 0.667188 0.110185 0.015625 0.035185
8 0.665365 0.121759 0.039062 0.062037
3 0.658594 0.196759 0.013021 0.019444
5 0.662240 0.204630 0.031771 0.022222
1 0.658594 0.157407 0.017188 0.031481
8 0.651563 0.168519 0.045833 0.055556
1 0.619792 0.150463 0.019792 0.037963
8 0.609896 0.163889 0.038542 0.061111
1 0.578646 0.143519 0.017708 0.038889
8 0.569792 0.157870 0.038542 0.069444
3 0.596094 0.279630 0.010937 0.018519
5 0.619792 0.280556 0.036458 0.031481
5 0.563542 0.272222 0.036458 0.031481
0 0.568490 0.193519 0.020313 0.046296
8 0.566667 0.217130 0.050000 0.087963
1 0.610417 0.194907 0.020833 0.043519
8 0.607812 0.218981 0.042708 0.091667
1 0.519792 0.131019 0.019792 0.041667
8 0.515365 0.150000 0.057813 0.081481
1 0.519792 0.207407 0.020833 0.044444
6 0.518490 0.255556 0.039062 0.031481
8 0.513281 0.226852 0.056771 0.075926
1 0.445573 0.113889 0.018229 0.038889
8 0.440365 0.134722 0.049479 0.087963
5 0.435417 0.178704 0.033333 0.024074
3 0.418490 0.182407 0.009896 0.022222
1 0.385417 0.146759 0.020833 0.037963
1 0.394792 0.205093 0.023958 0.043519
1 0.452865 0.205556 0.023438 0.042593
9 0.380990 0.158333 0.051562 0.059259
9 0.389062 0.218981 0.060417 0.082407
6 0.447917 0.256019 0.040625 0.036111
9 0.454167 0.217593 0.060417 0.085185
0 0.297396 0.131019 0.016667 0.036111
5 0.291146 0.192593 0.027083 0.027778
4 0.337240 0.180556 0.020313 0.020370
1 0.341667 0.133333 0.020833 0.046296
8 0.343750 0.149074 0.037500 0.081481
8 0.297917 0.144907 0.042708 0.080556
8 0.313021 0.193056 0.020833 0.043519
4 0.309896 0.255556 0.022917 0.020370
8 0.310417 0.218519 0.058333 0.088889
1 0.249740 0.228704 0.021354 0.040741
9 0.252344 0.241667 0.058854 0.066667
6 0.214583 0.359259 0.037500 0.046296
1 0.211719 0.312963 0.024479 0.050000
9 0.214323 0.335185 0.055729 0.124074
0 0.254948 0.268981 0.024479 0.056481
8 0.265365 0.316204 0.054688 0.141667
4 0.313542 0.376389 0.020833 0.026852
5 0.324740 0.380556 0.046354 0.040741
1 0.326042 0.286574 0.023958 0.056481
8 0.322917 0.318519 0.063542 0.122222
0 0.376563 0.260648 0.027083 0.056481
8 0.384115 0.305556 0.054688 0.138889
3 0.402865 0.378704 0.014063 0.024074
3 0.427344 0.375000 0.011979 0.031481
5 0.445573 0.379167 0.025521 0.026852
5 0.455990 0.305556 0.029687 0.055556
9 0.444792 0.320833 0.060417 0.093519
6 0.377865 0.377315 0.026562 0.050926
1 0.496615 0.331481 0.026562 0.055556
9 0.501823 0.343519 0.068229 0.096296
3 0.574219 0.365278 0.020313 0.015741
5 0.583594 0.372222 0.045312 0.044444
1 0.578125 0.293056 0.021875 0.049074
8 0.569792 0.318056 0.052083 0.087963
1 0.644792 0.315741 0.027083 0.048148
9 0.628385 0.335185 0.061979 0.088889
3 0.676042 0.381019 0.014583 0.025000
6 0.694792 0.379630 0.036458 0.050000
1 0.689063 0.305093 0.021875 0.050926
1 0.735417 0.355556 0.020833 0.046296
8 0.680469 0.327315 0.044271 0.102778
9 0.727865 0.366667 0.056771 0.079630
0 0.766667 0.428704 0.021875 0.062963
0 0.722917 0.393519 0.026042 0.066667
0 0.643490 0.356019 0.027604 0.065741
8 0.760938 0.468056 0.060417 0.141667
6 0.721615 0.527315 0.049479 0.063889
5 0.652865 0.531019 0.054688 0.054630
8 0.714323 0.436111 0.071354 0.155556
8 0.634896 0.410185 0.066667 0.168519
5 0.599740 0.518056 0.024479 0.054630
1 0.580990 0.410185 0.032813 0.068519
8 0.566667 0.445833 0.075000 0.143519
3 0.487240 0.486111 0.013021 0.031481
5 0.505990 0.493056 0.030729 0.052778
1 0.491667 0.405093 0.026042 0.060185
8 0.485417 0.430556 0.077083 0.122222
5 0.236719 0.661111 0.058854 0.068519
5 0.314063 0.684259 0.062500 0.068519
1 0.245573 0.518056 0.027604 0.063889
1 0.309896 0.518056 0.029167 0.075000
8 0.251823 0.568519 0.066146 0.161111
8 0.321875 0.568056 0.071875 0.173148
5 0.393490 0.681019 0.063021 0.075000
1 0.392969 0.531481 0.031771 0.068519
1 0.473438 0.528241 0.033333 0.069444
8 0.399219 0.578704 0.078646 0.155556
8 0.479167 0.568519 0.079167 0.164815
5 0.489844 0.680556 0.068229 0.075926
6 0.587240 0.676852 0.067187 0.072222
1 0.580990 0.528241 0.027604 0.073148
8 0.576042 0.572685 0.071875 0.169444
0 0.832292 0.617130 0.035417 0.076852
9 0.801042 0.653241 0.096875 0.149074
4 0.964063 0.861574 0.016667 0.043519
5 0.968490 0.859259 0.028646 0.064815
1 0.980990 0.791204 0.026562 0.060185
8 0.963021 0.811111 0.063542 0.144444
4 0.927865 0.659259 0.017188 0.035185
5 0.920312 0.668519 0.035417 0.040741
1 0.926823 0.579630 0.021354 0.053704
1 0.962240 0.605556 0.022396 0.050000
8 0.949740 0.629630 0.046354 0.103704
8 0.903385 0.605556 0.069271 0.109259
3 0.839063 0.450926 0.014583 0.025926
5 0.841667 0.452778 0.034375 0.040741
1 0.832292 0.355556 0.018750 0.046296
8 0.823438 0.381019 0.040625 0.106481
1 0.890365 0.380093 0.017188 0.043519
8 0.878646 0.405556 0.042708 0.103704
4 0.816146 0.355093 0.014583 0.021296
5 0.808594 0.366667 0.020313 0.022222
1 0.819271 0.310648 0.020833 0.043519
9 0.807292 0.318519 0.044792 0.081481
4 0.849219 0.366667 0.014063 0.025926
1 0.855990 0.331019 0.020313 0.039815
8 0.847917 0.336574 0.037500 0.069444
1 0.784115 0.230556 0.016146 0.037037
0 0.816667 0.219444 0.015625 0.042593
9 0.776563 0.247685 0.044792 0.080556
8 0.812240 0.248611 0.043229 0.095370
1 0.763021 0.168981 0.016667 0.036111
6 0.761719 0.217593 0.020313 0.022222
8 0.757292 0.186574 0.037500 0.069444
1 0.794792 0.198148 0.016667 0.031481
9 0.788542 0.200000 0.031250 0.055556
1 0.759115 0.143519 0.015104 0.033333
9 0.750521 0.149537 0.037500 0.043519
1 0.737240 0.099537 0.011979 0.030556
8 0.734115 0.111111 0.032813 0.055556
1 0.683594 0.063889 0.014063 0.024074
1 0.712240 0.064815 0.013021 0.024074
8 0.674740 0.074074 0.028646 0.044444
8 0.705990 0.077315 0.027604 0.050926
3 0.505990 0.953704 0.030729 0.070370
5 0.348438 0.188426 0.028125 0.025000
5 0.524219 0.056019 0.014063 0.017593
5 0.413542 0.255556 0.018750 0.035185
6 0.265365 0.368056 0.042188 0.037963
