6 0.811719 0.698611 0.046354 0.056481
0 0.847396 0.632407 0.033333 0.072222
9 0.808594 0.660185 0.110937 0.131481
4 0.964063 0.859259 0.014583 0.037037
5 0.968490 0.859722 0.029687 0.062037
6 0.991146 0.843519 0.017708 0.061111
1 0.980990 0.791667 0.025521 0.055556
8 0.957292 0.806019 0.079167 0.130556
3 0.930469 0.662963 0.011979 0.031481
6 0.952344 0.656944 0.038021 0.041667
3 0.948438 0.689815 0.008333 0.025926
6 0.921094 0.668519 0.033854 0.048148
1 0.925000 0.580093 0.021875 0.054630
1 0.962240 0.606481 0.021354 0.051852
8 0.949740 0.627778 0.050521 0.100000
8 0.901563 0.608333 0.068750 0.120370
6 0.776042 0.525000 0.041667 0.050000
6 0.722917 0.527778 0.050000 0.057407
0 0.767448 0.427778 0.025521 0.062963
0 0.722917 0.393519 0.026042 0.066667
8 0.764323 0.468056 0.058854 0.150926
8 0.715365 0.440741 0.070312 0.157407
4 0.837240 0.450000 0.018229 0.029630
5 0.842187 0.452315 0.031250 0.036111
6 0.877865 0.443519 0.020313 0.029630
1 0.888542 0.385648 0.021875 0.054630
1 0.844792 0.369444 0.020833 0.050000
8 0.833594 0.403241 0.045312 0.113889
8 0.876563 0.407870 0.043750 0.100926
4 0.817969 0.355556 0.016146 0.029630
1 0.843490 0.304167 0.020313 0.039815
1 0.819792 0.311574 0.023958 0.047222
9 0.802865 0.323611 0.057813 0.082407
1 0.823698 0.243519 0.019271 0.038889
1 0.784635 0.230556 0.018229 0.038889
8 0.815365 0.256481 0.039062 0.072222
9 0.779167 0.244444 0.039583 0.074074
4 0.674219 0.380093 0.017188 0.032407
1 0.685417 0.300000 0.025000 0.055556
8 0.676042 0.326852 0.047917 0.111111
5 0.696875 0.389815 0.034375 0.035185
5 0.652865 0.530556 0.051562 0.051852
0 0.643490 0.378241 0.028646 0.062037
8 0.638542 0.418056 0.069792 0.152778
6 0.588021 0.673611 0.066667 0.080556
6 0.489063 0.680556 0.064583 0.070370
1 0.585938 0.531481 0.031250 0.072222
8 0.580990 0.576389 0.073438 0.163889
1 0.473438 0.534722 0.037500 0.080556
8 0.476042 0.593056 0.077083 0.197222
5 0.236719 0.663889 0.057813 0.064815
5 0.313542 0.687963 0.060417 0.068519
5 0.392969 0.685185 0.063021 0.068519
1 0.387760 0.557407 0.033854 0.070370
8 0.396094 0.587500 0.076563 0.130556
1 0.311198 0.515278 0.031771 0.086111
8 0.319792 0.568519 0.071875 0.181481
1 0.246094 0.522685 0.030729 0.067593
8 0.252344 0.569444 0.070312 0.162963
1 0.029167 0.563426 0.027083 0.063889
8 0.046615 0.600000 0.070312 0.155556
3 0.123438 0.315278 0.010417 0.015741
5 0.117188 0.316667 0.020833 0.022222
0 0.154167 0.226389 0.020833 0.047222
8 0.157292 0.256019 0.043750 0.102778
5 0.190365 0.230556 0.026562 0.022222
1 0.157292 0.193519 0.016667 0.033333
1 0.185417 0.182407 0.019792 0.042593
8 0.194792 0.199074 0.046875 0.068519
1 0.251823 0.225463 0.022396 0.043519
4 0.265365 0.367593 0.021354 0.029630
6 0.216146 0.360185 0.035417 0.044444
1 0.210938 0.313426 0.026042 0.050926
9 0.213542 0.337500 0.058333 0.119444
1 0.255469 0.293056 0.027604 0.050926
8 0.267188 0.331481 0.062500 0.135185
9 0.252865 0.238426 0.060937 0.069444
4 0.313542 0.374537 0.019792 0.030556
5 0.324740 0.379167 0.042188 0.037963
1 0.330469 0.299537 0.027604 0.056481
8 0.322917 0.329630 0.065625 0.116667
1 0.194792 0.150463 0.017708 0.030556
9 0.194792 0.156019 0.038542 0.045370
5 0.255990 0.113426 0.026562 0.019444
3 0.251563 0.111111 0.013542 0.009259
1 0.381771 0.261111 0.026042 0.057407
6 0.377865 0.380556 0.028646 0.044444
3 0.401562 0.379167 0.012500 0.023148
3 0.426563 0.373611 0.013542 0.030556
6 0.444792 0.371759 0.025000 0.036111
1 0.313542 0.199074 0.020833 0.046296
3 0.312240 0.255556 0.015104 0.012963
5 0.321094 0.262037 0.035937 0.031481
8 0.315365 0.217130 0.052604 0.080556
1 0.257292 0.073611 0.017708 0.032407
8 0.256771 0.091667 0.043750 0.068519
1 0.290365 0.096296 0.017188 0.037037
8 0.288021 0.110648 0.040625 0.056481
1 0.330990 0.094907 0.019271 0.032407
9 0.334115 0.106019 0.042188 0.052778
1 0.316667 0.054167 0.014583 0.028704
8 0.314063 0.068056 0.039583 0.056481
5 0.505990 0.494907 0.029687 0.054630
1 0.491146 0.400926 0.031250 0.062963
8 0.485417 0.434722 0.079167 0.137963
6 0.584115 0.518056 0.054688 0.062037
1 0.577865 0.418056 0.031771 0.065741
8 0.571615 0.451852 0.081771 0.137037
4 0.572917 0.357870 0.023958 0.026852
5 0.584115 0.376389 0.044271 0.037963
1 0.579948 0.304167 0.024479 0.047222
8 0.571615 0.322222 0.054688 0.081481
1 0.638542 0.329167 0.026042 0.043519
9 0.629167 0.343519 0.068750 0.085185
9 0.726042 0.367130 0.058333 0.084259
3 0.596094 0.278704 0.009896 0.016667
3 0.490365 0.260648 0.013021 0.026852
8 0.572917 0.268056 0.055208 0.030556
5 0.619792 0.279630 0.037500 0.031481
5 0.518490 0.256944 0.036979 0.030556
0 0.607292 0.179167 0.017708 0.039815
8 0.605990 0.209259 0.042188 0.105556
0 0.570573 0.195833 0.022396 0.049074
8 0.567448 0.219907 0.044271 0.099074
1 0.787240 0.182870 0.019271 0.036111
8 0.784896 0.193519 0.026042 0.053704
6 0.759896 0.215741 0.020833 0.025926
1 0.763542 0.170370 0.019792 0.038889
8 0.757292 0.188426 0.039583 0.069444
0 0.659896 0.160648 0.018750 0.032407
4 0.658073 0.198611 0.016146 0.019444
8 0.652865 0.172685 0.043229 0.062037
1 0.615365 0.156019 0.015104 0.030556
9 0.611719 0.168519 0.045312 0.064815
1 0.576042 0.143056 0.016667 0.037963
0 0.517188 0.156019 0.017708 0.039815
8 0.512240 0.192130 0.048438 0.117593
8 0.564063 0.167593 0.048958 0.090741
1 0.670573 0.118519 0.016146 0.031481
5 0.677865 0.155556 0.022396 0.022222
9 0.663542 0.125926 0.037500 0.050000
1 0.760938 0.144444 0.017708 0.029630
9 0.751563 0.148611 0.041667 0.043519
6 0.735938 0.134722 0.017708 0.019444
1 0.737240 0.100463 0.014063 0.030556
8 0.734115 0.111574 0.031771 0.054630
1 0.712240 0.064352 0.014063 0.026852
8 0.706771 0.075926 0.026042 0.055556
1 0.681771 0.055093 0.014583 0.026852
8 0.675000 0.068056 0.031250 0.060185
4 0.337240 0.180556 0.020313 0.018519
0 0.299219 0.133333 0.018229 0.040741
8 0.299740 0.154167 0.045312 0.078704
6 0.292969 0.192593 0.030729 0.024074
6 0.346615 0.188426 0.030729 0.023148
1 0.345313 0.135648 0.018750 0.043519
8 0.345313 0.150463 0.041667 0.080556
1 0.385417 0.151389 0.021875 0.037963
9 0.386719 0.155556 0.039062 0.051852
6 0.437240 0.178241 0.030729 0.019444
1 0.442188 0.115741 0.018750 0.042593
8 0.442969 0.138426 0.047396 0.093519
1 0.380990 0.093519 0.018229 0.033333
9 0.377344 0.106019 0.044271 0.054630
4 0.379167 0.125926 0.014583 0.018519
1 0.451042 0.207870 0.023958 0.047222
1 0.395313 0.205556 0.022917 0.044444
6 0.446615 0.258333 0.038021 0.033333
5 0.413021 0.255556 0.018750 0.029630
9 0.454688 0.218056 0.060417 0.087963
9 0.388021 0.218519 0.059375 0.081481
8 0.385417 0.306019 0.053125 0.152778
2 0.459896 0.306019 0.029167 0.054630
9 0.444792 0.330556 0.062500 0.103704
1 0.494792 0.341204 0.029167 0.056481
9 0.501563 0.343981 0.066667 0.095370
1 0.513542 0.120370 0.019792 0.037037
8 0.514323 0.143981 0.053646 0.080556
1 0.459115 0.093056 0.015104 0.028704
5 0.464062 0.123148 0.026042 0.020370
8 0.463021 0.095370 0.038542 0.051852
1 0.513542 0.093519 0.016667 0.031481
8 0.505990 0.105556 0.050521 0.051852
1 0.387240 0.053241 0.016146 0.030556
1 0.355469 0.056019 0.015104 0.028704
1 0.326042 0.028704 0.014583 0.027778
8 0.329688 0.035185 0.030208 0.044444
8 0.352344 0.063426 0.032813 0.050926
1 0.419271 0.055556 0.015625 0.025926
9 0.424740 0.058333 0.032813 0.050000
1 0.415365 0.030556 0.015104 0.029630
1 0.501563 0.042130 0.014583 0.032407
1 0.462240 0.043519 0.016146 0.033333
8 0.463021 0.055556 0.040625 0.059259
8 0.502344 0.054167 0.032813 0.058333
1 0.454167 0.018981 0.015625 0.026852
8 0.451042 0.030556 0.026042 0.048148
1 0.543490 0.086574 0.016146 0.032407
8 0.542188 0.098611 0.035417 0.056481
1 0.518490 0.031944 0.014063 0.025000
1 0.493750 0.017130 0.012500 0.026852
8 0.490365 0.028704 0.028646 0.050000
1 0.546615 0.023611 0.014063 0.030556
8 0.522396 0.035648 0.025000 0.041667
5 0.523438 0.056019 0.013542 0.013889
5 0.546615 0.055556 0.017188 0.011111
8 0.546615 0.031019 0.027604 0.049074
1 0.589063 0.043519 0.013542 0.025926
8 0.586719 0.047222 0.030729 0.038889
1 0.568490 0.066204 0.015104 0.028704
9 0.564844 0.072222 0.029687 0.044444
0 0.583594 0.079167 0.014063 0.034259
8 0.583073 0.093519 0.033854 0.068519
1 0.624740 0.106019 0.016146 0.034259
9 0.622917 0.118056 0.044792 0.060185
6 0.627865 0.143056 0.032813 0.023148
5 0.546875 0.131019 0.021875 0.017593
5 0.591667 0.140741 0.020833 0.016667
1 0.613542 0.055556 0.014583 0.029630
8 0.609896 0.068056 0.036458 0.054630
2 0.650521 0.068981 0.014583 0.028704
8 0.646615 0.079630 0.029687 0.050000
1 0.621615 0.036111 0.015104 0.031481
8 0.387240 0.061574 0.040104 0.056481
5 0.812240 0.368519 0.029687 0.018519
3 0.504687 0.955556 0.030208 0.068519
