1 0.022917 0.567130 0.029167 0.056481
8 0.044792 0.605556 0.073958 0.133333
4 0.032813 0.643519 0.027083 0.053704
1 0.247917 0.518056 0.035417 0.063889
8 0.252865 0.567130 0.064062 0.158333
5 0.237240 0.663426 0.057813 0.062037
1 0.311719 0.518981 0.032813 0.078704
8 0.321875 0.567593 0.071875 0.181481
5 0.314323 0.685185 0.059896 0.068519
1 0.392969 0.533796 0.032813 0.075000
8 0.398438 0.575926 0.081250 0.155556
5 0.393490 0.683333 0.063021 0.068519
1 0.476042 0.529630 0.033333 0.072222
8 0.478646 0.568981 0.076042 0.169444
5 0.489063 0.680093 0.064583 0.071296
1 0.580990 0.530556 0.033854 0.070370
9 0.578646 0.578704 0.073958 0.164815
6 0.587500 0.676852 0.065625 0.072222
7 0.811719 0.680556 0.034896 0.074074
2 0.929167 0.585185 0.022917 0.057407
8 0.907292 0.618519 0.069792 0.124074
1 0.951042 0.593056 0.020833 0.052778
1 0.980208 0.789815 0.026042 0.062963
8 0.955990 0.810648 0.076563 0.141667
4 0.964063 0.863889 0.017708 0.044444
0 0.768490 0.424537 0.026562 0.065741
8 0.765365 0.473148 0.056771 0.155556
0 0.722917 0.395833 0.027083 0.071296
8 0.716667 0.436574 0.070833 0.156481
0 0.640365 0.382407 0.029687 0.070370
8 0.640365 0.421759 0.076563 0.149074
5 0.651563 0.530556 0.053125 0.050000
1 0.580990 0.412037 0.033854 0.070370
8 0.568490 0.443519 0.074479 0.142593
1 0.492969 0.404167 0.028646 0.062037
8 0.486198 0.431481 0.078646 0.124074
1 0.687500 0.306019 0.021875 0.054630
8 0.679167 0.327315 0.045833 0.104630
3 0.676823 0.380556 0.013021 0.027778
1 0.643490 0.318519 0.025521 0.048148
8 0.571615 0.318056 0.050521 0.093519
1 0.580469 0.300926 0.023438 0.050000
4 0.574740 0.356019 0.024479 0.028704
1 0.497917 0.332407 0.028125 0.062963
9 0.502344 0.343056 0.068229 0.095370
2 0.455990 0.305556 0.032813 0.055556
9 0.444792 0.324537 0.064583 0.091667
3 0.426563 0.371759 0.012500 0.026852
0 0.377344 0.261574 0.029687 0.065741
8 0.385417 0.305556 0.056250 0.148148
3 0.402344 0.377315 0.011979 0.023148
1 0.326042 0.285648 0.027083 0.056481
8 0.322917 0.320370 0.066667 0.125926
4 0.313542 0.372222 0.020833 0.031481
0 0.257292 0.274537 0.029167 0.056481
8 0.265365 0.316667 0.056771 0.146296
1 0.210938 0.311111 0.025000 0.046296
9 0.214583 0.336111 0.053125 0.124074
6 0.215625 0.356944 0.037500 0.047222
1 0.845313 0.380556 0.020833 0.048148
8 0.834115 0.403704 0.047396 0.087037
3 0.839063 0.451389 0.013542 0.023148
1 0.888021 0.379167 0.020833 0.047222
8 0.878646 0.405556 0.038542 0.101852
0 0.152344 0.229167 0.018229 0.041667
8 0.156771 0.253704 0.046875 0.092593
1 0.821094 0.317593 0.020313 0.046296
9 0.802865 0.330556 0.060937 0.083333
4 0.818490 0.358796 0.017188 0.026852
1 0.852344 0.333333 0.020313 0.044444
0 0.823438 0.233796 0.018750 0.047222
8 0.816667 0.253704 0.042708 0.085185
1 0.783594 0.230556 0.017188 0.038889
9 0.776563 0.249074 0.044792 0.081481
0 0.610938 0.193519 0.022917 0.050000
8 0.609115 0.217593 0.042188 0.100000
5 0.619271 0.280556 0.036458 0.031481
0 0.569010 0.195370 0.024479 0.051852
8 0.567187 0.217130 0.046875 0.091667
3 0.596615 0.277778 0.011979 0.022222
1 0.519792 0.210648 0.021875 0.043519
9 0.513281 0.227315 0.055729 0.076852
1 0.454167 0.209259 0.022917 0.044444
9 0.454688 0.217593 0.059375 0.077778
1 0.396094 0.203704 0.023438 0.044444
9 0.388542 0.218519 0.059375 0.087037
1 0.313021 0.196759 0.020833 0.043519
8 0.310417 0.221296 0.060417 0.088889
1 0.257292 0.213889 0.022917 0.038889
8 0.257292 0.230556 0.054167 0.077778
1 0.186198 0.184722 0.018229 0.039815
9 0.191667 0.201852 0.044792 0.075926
1 0.298438 0.135185 0.017708 0.042593
8 0.297396 0.152315 0.047917 0.076852
1 0.340365 0.131019 0.018229 0.037963
8 0.342969 0.151389 0.038021 0.076852
4 0.337240 0.181019 0.020313 0.017593
1 0.385417 0.143519 0.016667 0.033333
9 0.381771 0.155556 0.051042 0.055556
1 0.446615 0.115741 0.019271 0.038889
8 0.441667 0.139815 0.047917 0.088889
1 0.518490 0.130556 0.019271 0.042593
8 0.516146 0.145833 0.058333 0.080556
2 0.573438 0.143519 0.017708 0.037037
8 0.571615 0.155556 0.036979 0.064815
1 0.659115 0.163426 0.017188 0.036111
9 0.651563 0.174074 0.043750 0.057407
3 0.659375 0.201389 0.012500 0.019444
1 0.762240 0.171759 0.015104 0.036111
8 0.755469 0.189352 0.032813 0.069444
1 0.794792 0.193519 0.018750 0.037037
9 0.787240 0.201389 0.034896 0.052778
0 0.669792 0.106019 0.016667 0.036111
8 0.663021 0.121296 0.040625 0.062963
1 0.620833 0.094907 0.017708 0.037963
9 0.620833 0.112963 0.043750 0.068519
0 0.584635 0.081944 0.015104 0.037963
8 0.582812 0.097222 0.036458 0.068519
1 0.546094 0.085648 0.015104 0.030556
9 0.541667 0.097685 0.036458 0.056481
1 0.515365 0.093519 0.016146 0.031481
9 0.508073 0.106019 0.046354 0.052778
1 0.459115 0.081944 0.017188 0.036111
8 0.462500 0.095370 0.037500 0.055556
1 0.379688 0.081019 0.016667 0.032407
8 0.379948 0.094907 0.041146 0.065741
1 0.290365 0.097222 0.017188 0.035185
9 0.287760 0.109722 0.041146 0.062037
1 0.329688 0.094907 0.017708 0.034259
9 0.335938 0.106019 0.050000 0.056481
1 0.194792 0.150926 0.015625 0.033333
9 0.195312 0.154167 0.035417 0.045370
1 0.762240 0.139352 0.017188 0.030556
9 0.754167 0.149074 0.039583 0.051852
1 0.737240 0.100000 0.014063 0.029630
8 0.734115 0.112037 0.031771 0.055556
1 0.713021 0.066667 0.013542 0.025926
8 0.705990 0.077778 0.026562 0.048148
1 0.683594 0.064352 0.014063 0.023148
8 0.675260 0.069444 0.027604 0.044444
9 0.664844 0.081019 0.017188 0.026852
9 0.656510 0.087500 0.034896 0.043519
0 0.612240 0.049537 0.014063 0.030556
8 0.609896 0.065278 0.032292 0.067593
0 0.504167 0.041204 0.015625 0.030556
8 0.502865 0.055556 0.033854 0.061111
1 0.464844 0.043519 0.013021 0.033333
8 0.462240 0.055093 0.039062 0.056481
9 0.428646 0.057407 0.032292 0.050000
2 0.387240 0.047222 0.018229 0.031481
9 0.391146 0.060185 0.037500 0.057407
2 0.363542 0.054630 0.015625 0.025926
9 0.354687 0.064815 0.037500 0.050000
1 0.315365 0.056944 0.015104 0.032407
8 0.314063 0.070370 0.033333 0.057407
1 0.252865 0.081019 0.015104 0.028704
9 0.260417 0.089815 0.037500 0.048148
4 0.250000 0.108796 0.015625 0.017593
0 0.327865 0.018519 0.013021 0.025926
8 0.329688 0.030556 0.029167 0.053704
0 0.422396 0.015741 0.014583 0.025926
8 0.418490 0.026389 0.029687 0.049074
1 0.454167 0.020833 0.015625 0.026852
8 0.452865 0.031019 0.025521 0.047222
1 0.494792 0.017130 0.013542 0.028704
8 0.492188 0.029167 0.028125 0.052778
1 0.519792 0.030556 0.013542 0.024074
8 0.522135 0.034259 0.023438 0.037037
1 0.553646 0.030556 0.014583 0.027778
8 0.549740 0.039352 0.032813 0.043519
1 0.587240 0.040741 0.015104 0.029630
9 0.585938 0.048148 0.031250 0.044444
1 0.578385 0.061111 0.018229 0.031481
9 0.571615 0.068056 0.038021 0.050926
9 0.796615 0.656481 0.103646 0.118519
6 0.377865 0.377778 0.026562 0.042593
6 0.447396 0.257407 0.039583 0.035185
6 0.519271 0.260648 0.037500 0.030556
9 0.630469 0.338889 0.063021 0.094444
6 0.264844 0.368056 0.042188 0.037963
5 0.325521 0.380556 0.045833 0.040741
5 0.584115 0.374537 0.044271 0.043519
6 0.696094 0.382407 0.032813 0.048148
9 0.726042 0.368519 0.055208 0.083333
6 0.722396 0.527778 0.048958 0.061111
5 0.505990 0.494907 0.030729 0.052778
3 0.505990 0.954630 0.028646 0.070370
5 0.968490 0.857407 0.028646 0.066667
6 0.919792 0.668056 0.035417 0.043519
5 0.254948 0.114352 0.028646 0.019444
5 0.189844 0.234722 0.029687 0.025000
5 0.346615 0.187500 0.031771 0.023148
5 0.291406 0.193519 0.028646 0.025926
6 0.321615 0.131481 0.024479 0.022222
5 0.434115 0.180093 0.029687 0.025000
5 0.467187 0.125000 0.019792 0.020370
7 0.428646 0.056481 0.014583 0.027778
5 0.524740 0.056481 0.014063 0.016667
5 0.546615 0.131944 0.023438 0.019444
5 0.635938 0.144444 0.015625 0.022222
5 0.677865 0.155556 0.022396 0.020370
4 0.626042 0.141667 0.011458 0.018519
5 0.592187 0.141204 0.022917 0.019444
9 0.608594 0.167593 0.042188 0.055556
5 0.564063 0.273611 0.039583 0.028704
3 0.490365 0.260185 0.011979 0.022222
4 0.310417 0.257407 0.021875 0.020370
6 0.843750 0.452778 0.031250 0.038889
5 0.812760 0.368056 0.030729 0.023148
6 0.760938 0.217130 0.018750 0.021296
