1 0.021094 0.580556 0.025521 0.059259
1 0.041146 0.605556 0.066667 0.137037
3 0.124219 0.316204 0.013021 0.017593
5 0.117969 0.318056 0.026562 0.025000
1 0.150521 0.222222 0.019792 0.044444
8 0.160417 0.243519 0.040625 0.092593
5 0.192188 0.230556 0.033333 0.025926
1 0.192188 0.130556 0.014583 0.035185
1 0.254688 0.080556 0.017708 0.031481
5 0.254688 0.109722 0.028125 0.019444
9 0.260417 0.088889 0.035417 0.048148
8 0.328646 0.034259 0.030208 0.044444
8 0.314844 0.068519 0.036979 0.055556
8 0.287240 0.105556 0.043229 0.062963
8 0.340365 0.093981 0.035937 0.056481
8 0.352865 0.060648 0.035937 0.056481
8 0.377344 0.103704 0.043229 0.059259
8 0.390365 0.057407 0.039062 0.055556
8 0.419792 0.028704 0.033333 0.055556
8 0.450521 0.029630 0.028125 0.053704
9 0.427865 0.056019 0.034896 0.052778
8 0.463021 0.054630 0.038542 0.057407
8 0.460938 0.084259 0.042708 0.068519
8 0.487240 0.027315 0.029687 0.052778
8 0.499740 0.055556 0.036979 0.055556
8 0.519792 0.027778 0.030208 0.053704
8 0.504167 0.096759 0.042708 0.069444
8 0.540365 0.093056 0.039062 0.056481
8 0.549740 0.039815 0.033854 0.048148
8 0.568490 0.068056 0.034896 0.067593
9 0.587240 0.043056 0.023438 0.043519
8 0.583594 0.093981 0.036979 0.069444
8 0.613542 0.068519 0.033333 0.057407
9 0.621615 0.115741 0.046354 0.059259
9 0.665365 0.130556 0.041146 0.050000
8 0.649740 0.080556 0.030729 0.044444
8 0.653646 0.171759 0.048958 0.069444
8 0.610938 0.168981 0.042708 0.069444
8 0.564063 0.164815 0.050000 0.088889
9 0.512240 0.160185 0.060937 0.055556
9 0.440365 0.156019 0.064062 0.078704
8 0.385417 0.156019 0.038542 0.056481
8 0.345313 0.153241 0.043750 0.080556
8 0.296615 0.148148 0.044271 0.081481
9 0.254167 0.241204 0.061458 0.073148
8 0.314063 0.210185 0.053125 0.094444
9 0.388542 0.218056 0.068750 0.084259
9 0.452865 0.215278 0.059896 0.080556
8 0.504167 0.218056 0.048958 0.073148
8 0.567969 0.225926 0.048438 0.100000
8 0.605990 0.231019 0.041146 0.082407
5 0.519792 0.258333 0.038542 0.031481
5 0.555990 0.270833 0.023438 0.030556
6 0.582292 0.271759 0.038542 0.030556
5 0.621094 0.280093 0.039062 0.030556
3 0.599740 0.280556 0.011979 0.020370
9 0.730469 0.364352 0.054688 0.087963
8 0.680990 0.330556 0.048438 0.103704
9 0.634115 0.333333 0.059896 0.081481
8 0.574740 0.323148 0.058854 0.081481
5 0.584115 0.371759 0.045312 0.043519
9 0.501563 0.343056 0.068750 0.093519
8 0.441667 0.303704 0.066667 0.120370
8 0.389844 0.300926 0.058854 0.111111
5 0.377865 0.381019 0.028646 0.039815
8 0.326042 0.318056 0.058333 0.143519
5 0.324219 0.380556 0.048438 0.040741
8 0.273438 0.293056 0.060417 0.130556
6 0.264844 0.361574 0.042188 0.043519
9 0.216667 0.327778 0.060417 0.103704
1 0.210417 0.316204 0.026042 0.049074
6 0.213542 0.368056 0.038542 0.039815
8 0.486719 0.418519 0.070312 0.120370
5 0.485938 0.493519 0.053125 0.053704
8 0.571094 0.443519 0.070312 0.120370
5 0.593490 0.518519 0.036979 0.051852
8 0.638542 0.430556 0.069792 0.135185
5 0.654167 0.531019 0.054167 0.056481
8 0.704688 0.455556 0.070833 0.118519
6 0.722917 0.527778 0.047917 0.059259
8 0.763542 0.468519 0.055208 0.150000
9 0.792448 0.644444 0.088021 0.129630
6 0.810417 0.696759 0.048958 0.056481
8 0.566146 0.593519 0.072917 0.190741
6 0.582292 0.680556 0.070833 0.085185
8 0.476042 0.587963 0.071875 0.150000
5 0.485417 0.680556 0.066667 0.070370
8 0.399740 0.579630 0.074479 0.150000
5 0.393490 0.680556 0.064062 0.068519
8 0.321615 0.568519 0.071354 0.179630
5 0.313542 0.683333 0.063542 0.068519
8 0.252344 0.566204 0.070312 0.173148
5 0.236719 0.665278 0.059896 0.065741
3 0.504167 0.953241 0.027083 0.065741
8 0.955990 0.806019 0.079687 0.123148
5 0.966667 0.855556 0.033333 0.064815
1 0.980469 0.793056 0.031771 0.062037
8 0.894792 0.593056 0.076042 0.093519
8 0.944792 0.615278 0.048958 0.117593
5 0.917969 0.664352 0.035937 0.050926
5 0.954688 0.655556 0.031250 0.044444
3 0.924740 0.652315 0.014063 0.034259
8 0.832292 0.402778 0.051042 0.107407
8 0.878646 0.406019 0.041667 0.102778
8 0.799740 0.318056 0.056771 0.091667
9 0.846615 0.332407 0.048438 0.055556
8 0.779167 0.243056 0.040625 0.065741
8 0.814063 0.255556 0.039583 0.068519
8 0.755990 0.182407 0.039062 0.068519
8 0.784896 0.200463 0.029167 0.050926
9 0.753646 0.154167 0.044792 0.045370
8 0.733594 0.105556 0.032813 0.055556
8 0.709115 0.078241 0.023438 0.047222
8 0.686198 0.069444 0.030729 0.044444
1 0.956771 0.581019 0.022917 0.050926
8 0.197917 0.143519 0.042708 0.068519
1 0.180990 0.204167 0.018229 0.039815
9 0.194792 0.206019 0.046875 0.050926
4 0.194792 0.168519 0.014583 0.016667
5 0.523438 0.056019 0.017708 0.013889
5 0.462240 0.122222 0.028646 0.018519
5 0.546615 0.131019 0.023438 0.019444
5 0.590365 0.140741 0.021354 0.018519
3 0.627865 0.141667 0.010937 0.014815
5 0.637240 0.143056 0.014063 0.021296
3 0.668490 0.152778 0.008854 0.011111
5 0.680469 0.155556 0.017188 0.020370
6 0.761719 0.217130 0.018229 0.021296
4 0.249740 0.110648 0.011979 0.006481
4 0.816667 0.355556 0.020833 0.025926
3 0.854688 0.368519 0.013542 0.022222
1 0.922396 0.571759 0.020833 0.056481
6 0.437240 0.180556 0.034896 0.027778
4 0.964063 0.856481 0.018750 0.037037
4 0.177865 0.230556 0.013021 0.027778
1 0.374740 0.027778 0.014063 0.029630
1 0.841667 0.375463 0.020833 0.050926
1 0.887240 0.387963 0.019271 0.050000
4 0.840365 0.443056 0.021354 0.021296
1 0.859115 0.334722 0.019271 0.043519
1 0.816667 0.309722 0.023958 0.043519
5 0.812500 0.368056 0.031250 0.021296
1 0.822396 0.242130 0.019792 0.041667
1 0.785417 0.230556 0.018750 0.038889
1 0.791146 0.193519 0.016667 0.037037
1 0.760938 0.168519 0.017708 0.037037
1 0.737240 0.094907 0.014063 0.030556
4 0.737240 0.130556 0.013021 0.016667
1 0.710417 0.067130 0.014583 0.026852
1 0.691667 0.066204 0.013542 0.028704
4 0.689063 0.093519 0.012500 0.014815
1 0.326042 0.028241 0.014583 0.028704
1 0.315625 0.055556 0.015625 0.031481
1 0.290365 0.093056 0.016146 0.034259
1 0.337240 0.086111 0.016146 0.031481
5 0.317188 0.131019 0.018750 0.021296
1 0.352865 0.055093 0.017188 0.032407
1 0.385417 0.048611 0.015625 0.030556
1 0.380990 0.093519 0.017188 0.033333
4 0.377344 0.122222 0.015104 0.018519
0 0.421615 0.012963 0.014063 0.024074
1 0.424740 0.045833 0.017188 0.030556
1 0.451042 0.018056 0.012500 0.028704
1 0.465365 0.042593 0.014063 0.031481
1 0.489063 0.013889 0.013542 0.025926
1 0.502344 0.042593 0.016146 0.033333
1 0.459115 0.068519 0.017188 0.037037
1 0.519792 0.016204 0.014583 0.026852
1 0.510938 0.087037 0.016667 0.031481
4 0.506771 0.124537 0.017708 0.019444
5 0.516146 0.130556 0.029167 0.016667
1 0.543490 0.086574 0.015104 0.030556
1 0.554948 0.031019 0.013021 0.028704
1 0.584115 0.043056 0.014063 0.030556
0 0.571094 0.048611 0.015104 0.030556
0 0.586719 0.080556 0.017188 0.035185
1 0.621094 0.058333 0.017188 0.031481
1 0.629167 0.105556 0.017708 0.033333
1 0.652344 0.080556 0.015104 0.031481
1 0.673438 0.122222 0.019792 0.031481
1 0.659375 0.160185 0.018750 0.031481
4 0.656250 0.198148 0.018750 0.018519
4 0.615365 0.155556 0.019271 0.038889
1 0.613021 0.211111 0.022917 0.044444
1 0.573438 0.198148 0.022917 0.044444
1 0.574219 0.143519 0.019271 0.046296
1 0.506250 0.209722 0.021875 0.043519
1 0.517188 0.156019 0.021875 0.041667
4 0.493490 0.255093 0.017188 0.032407
1 0.435417 0.137037 0.020833 0.044444
1 0.449740 0.211111 0.023438 0.044444
1 0.391146 0.215278 0.023958 0.047222
1 0.388542 0.146759 0.018750 0.030556
1 0.341667 0.132407 0.018750 0.044444
4 0.337240 0.181019 0.022396 0.019444
5 0.346615 0.186111 0.032813 0.018519
3 0.298698 0.189815 0.009896 0.014815
5 0.291667 0.193056 0.031250 0.025000
0 0.299740 0.131019 0.018229 0.037963
1 0.251563 0.227778 0.023958 0.042593
4 0.247396 0.268519 0.018750 0.025926
1 0.316146 0.193519 0.021875 0.048148
3 0.314063 0.255556 0.017708 0.014815
1 0.267969 0.259722 0.026562 0.056481
1 0.327344 0.278241 0.026562 0.060185
4 0.314844 0.368981 0.023438 0.030556
1 0.391667 0.270833 0.029167 0.056481
2 0.439063 0.276389 0.033333 0.062037
5 0.442448 0.372685 0.027604 0.043519
1 0.496615 0.335648 0.026562 0.056481
1 0.580990 0.306481 0.023438 0.051852
4 0.572917 0.356019 0.023958 0.032407
1 0.640365 0.319444 0.024479 0.050000
1 0.688542 0.305556 0.023958 0.050000
6 0.685417 0.374537 0.026042 0.030556
1 0.734115 0.356019 0.024479 0.052778
3 0.727865 0.393519 0.014063 0.025926
0 0.763542 0.427778 0.023958 0.064815
1 0.721615 0.434259 0.032813 0.068519
1 0.643490 0.395370 0.029687 0.061111
1 0.576042 0.418519 0.034375 0.068519
1 0.482292 0.391667 0.027083 0.062963
1 0.243490 0.512963 0.030729 0.068519
0 0.312240 0.516667 0.034896 0.077778
1 0.397917 0.542593 0.034375 0.072222
1 0.466667 0.551852 0.035417 0.074074
0 0.569792 0.543056 0.035417 0.086111
1 0.815365 0.639352 0.033854 0.075000
