1 0.019792 0.580556 0.026042 0.059259
1 0.038542 0.605556 0.066667 0.137037
3 0.124219 0.316204 0.013021 0.017593
5 0.117969 0.318056 0.026562 0.025000
1 0.150521 0.221759 0.019792 0.043519
8 0.160938 0.243519 0.040625 0.088889
5 0.192188 0.230556 0.033333 0.025926
1 0.196615 0.130556 0.014063 0.035185
1 0.251563 0.079630 0.017708 0.031481
5 0.254688 0.112037 0.028125 0.018519
9 0.260417 0.088889 0.035417 0.048148
8 0.328646 0.034722 0.030208 0.043519
8 0.315365 0.068519 0.036979 0.055556
8 0.288021 0.105556 0.042708 0.061111
8 0.338542 0.093056 0.038542 0.060185
8 0.352865 0.060648 0.033854 0.056481
8 0.377865 0.103704 0.043229 0.059259
8 0.389844 0.058333 0.039062 0.055556
8 0.419792 0.028704 0.033333 0.055556
8 0.450521 0.029630 0.028125 0.053704
9 0.427865 0.056019 0.034896 0.052778
8 0.463021 0.054630 0.038542 0.057407
8 0.460938 0.081481 0.042708 0.068519
8 0.487240 0.027315 0.029687 0.052778
8 0.501563 0.055093 0.035417 0.060185
8 0.519792 0.031481 0.028125 0.038889
9 0.504167 0.105556 0.042708 0.057407
8 0.540365 0.093056 0.039062 0.056481
8 0.549740 0.039815 0.033854 0.048148
8 0.568490 0.067130 0.034896 0.067593
9 0.587240 0.043981 0.023438 0.043519
8 0.580990 0.093056 0.041146 0.069444
8 0.613542 0.068519 0.033333 0.057407
9 0.621615 0.115741 0.046354 0.059259
9 0.665365 0.130556 0.041146 0.050000
8 0.649740 0.080556 0.030729 0.044444
8 0.652865 0.178241 0.047396 0.069444
8 0.610417 0.170833 0.042708 0.069444
8 0.564063 0.164815 0.050000 0.088889
9 0.510938 0.159722 0.060417 0.056481
9 0.439844 0.155556 0.065104 0.075926
8 0.385417 0.156019 0.038542 0.056481
8 0.348438 0.143519 0.038542 0.075926
8 0.298698 0.155556 0.047396 0.075926
9 0.254167 0.241204 0.061458 0.073148
8 0.314063 0.210648 0.053125 0.093519
9 0.388542 0.218519 0.067708 0.081481
9 0.454167 0.209722 0.060417 0.080556
8 0.506771 0.219907 0.048958 0.080556
8 0.567969 0.225926 0.048438 0.100000
8 0.606771 0.218519 0.040625 0.092593
5 0.519792 0.256481 0.038542 0.031481
5 0.555990 0.272222 0.023438 0.031481
6 0.583594 0.272222 0.040104 0.031481
5 0.615365 0.279630 0.030729 0.025926
3 0.599740 0.280556 0.011979 0.020370
9 0.730469 0.364352 0.054688 0.087963
8 0.680990 0.330556 0.048438 0.103704
8 0.633073 0.318056 0.061979 0.108333
8 0.574740 0.318981 0.057813 0.080556
5 0.583594 0.373148 0.045312 0.044444
9 0.501563 0.343056 0.068750 0.093519
8 0.444792 0.305556 0.061458 0.137037
8 0.388542 0.293981 0.059375 0.119444
5 0.377865 0.381019 0.028646 0.039815
8 0.327865 0.313889 0.057813 0.150000
5 0.324219 0.380556 0.048438 0.040741
8 0.277865 0.293519 0.060937 0.133333
5 0.265365 0.365741 0.042188 0.038889
9 0.216667 0.327778 0.060417 0.103704
1 0.210417 0.316204 0.026042 0.049074
6 0.213542 0.368056 0.038542 0.039815
8 0.487240 0.415741 0.070312 0.125926
5 0.485938 0.493519 0.053125 0.053704
8 0.571875 0.443056 0.068750 0.119444
5 0.585938 0.518056 0.053125 0.054630
8 0.636719 0.418056 0.074479 0.160185
5 0.653646 0.530556 0.052083 0.053704
8 0.704688 0.456019 0.069792 0.123148
6 0.722917 0.527778 0.047917 0.059259
8 0.763542 0.468519 0.055208 0.150000
8 0.788021 0.593519 0.079167 0.177778
6 0.809115 0.693056 0.051562 0.069444
8 0.569792 0.605556 0.077083 0.181481
6 0.582292 0.680556 0.070833 0.085185
8 0.474740 0.580556 0.073438 0.155556
5 0.485417 0.680556 0.066667 0.070370
8 0.398438 0.568519 0.075000 0.172222
5 0.393490 0.680556 0.064062 0.068519
8 0.319792 0.566667 0.070833 0.183333
5 0.313542 0.682407 0.063542 0.068519
8 0.252344 0.566204 0.070312 0.173148
5 0.236719 0.665278 0.059896 0.065741
3 0.504167 0.953241 0.027083 0.065741
8 0.955990 0.806019 0.079687 0.123148
5 0.967969 0.859722 0.030729 0.065741
1 0.980469 0.793056 0.031771 0.062037
8 0.894792 0.593056 0.076042 0.093519
8 0.946094 0.609259 0.047396 0.131481
5 0.917969 0.664352 0.035937 0.050926
6 0.954688 0.655556 0.031250 0.044444
3 0.924740 0.652315 0.014063 0.034259
8 0.832292 0.405093 0.051042 0.112037
8 0.878646 0.406019 0.041667 0.102778
8 0.802344 0.318056 0.056771 0.091667
9 0.846615 0.333333 0.048438 0.055556
8 0.776563 0.243519 0.044792 0.081481
8 0.813542 0.252315 0.038542 0.075000
8 0.755990 0.181481 0.039062 0.068519
8 0.786198 0.193981 0.028646 0.043519
9 0.753646 0.154167 0.044792 0.045370
8 0.734115 0.105556 0.032813 0.055556
8 0.709115 0.078241 0.023438 0.047222
8 0.685417 0.068519 0.032292 0.044444
0 0.954688 0.577315 0.019792 0.058333
8 0.196615 0.143519 0.038021 0.068519
1 0.180990 0.194907 0.018229 0.043519
9 0.194792 0.206019 0.046875 0.050926
4 0.194792 0.168519 0.014583 0.016667
5 0.523438 0.056019 0.017708 0.013889
5 0.462240 0.121759 0.028646 0.019444
5 0.546615 0.131019 0.023438 0.019444
5 0.592448 0.140741 0.021354 0.018519
3 0.627865 0.141204 0.009896 0.015741
5 0.636719 0.143056 0.014063 0.021296
3 0.669792 0.152778 0.007292 0.011111
5 0.680469 0.156019 0.017188 0.021296
6 0.761719 0.217130 0.018229 0.021296
4 0.251042 0.110185 0.011458 0.005556
4 0.816667 0.356019 0.020833 0.026852
4 0.854688 0.368056 0.015625 0.028704
1 0.922396 0.570833 0.020833 0.056481
6 0.437240 0.180556 0.034896 0.027778
4 0.964063 0.855556 0.018750 0.037037
4 0.177865 0.230556 0.013021 0.027778
1 0.376563 0.022685 0.014583 0.030556
1 0.846615 0.377778 0.021354 0.050000
1 0.886719 0.385185 0.021354 0.044444
4 0.841667 0.443519 0.023958 0.025926
5 0.813021 0.368056 0.030208 0.023148
1 0.859115 0.333333 0.021354 0.044444
1 0.816667 0.309259 0.023958 0.044444
1 0.821615 0.233333 0.019271 0.044444
1 0.787240 0.220833 0.018229 0.043519
1 0.791667 0.193056 0.016667 0.036111
1 0.760938 0.168519 0.016667 0.037037
1 0.737240 0.095833 0.013021 0.030556
4 0.738542 0.131019 0.014583 0.015741
1 0.710938 0.067130 0.012500 0.025000
1 0.691667 0.066204 0.012500 0.026852
4 0.689844 0.093519 0.013021 0.014815
1 0.326823 0.029167 0.013021 0.028704
1 0.314844 0.056019 0.015104 0.028704
1 0.288542 0.093056 0.015625 0.034259
1 0.335938 0.081019 0.016667 0.034259
5 0.317969 0.130556 0.017188 0.018519
1 0.354167 0.055556 0.015625 0.033333
1 0.386198 0.048611 0.016146 0.030556
1 0.380990 0.093519 0.019271 0.033333
4 0.377865 0.123148 0.016146 0.018519
0 0.419271 0.015278 0.015625 0.026852
1 0.426042 0.043519 0.017708 0.027778
1 0.451823 0.018519 0.013021 0.029630
1 0.459115 0.068519 0.018229 0.035185
1 0.465365 0.043056 0.016146 0.030556
1 0.489063 0.013889 0.014583 0.025926
1 0.501563 0.041667 0.016667 0.033333
1 0.514323 0.093056 0.018229 0.030556
4 0.505990 0.127315 0.016146 0.015741
5 0.515365 0.130556 0.029687 0.016667
1 0.521094 0.031019 0.013021 0.025000
1 0.544271 0.086574 0.014583 0.030556
1 0.555469 0.030556 0.014063 0.027778
0 0.569792 0.048611 0.015625 0.030556
0 0.579948 0.080556 0.015104 0.038889
1 0.585417 0.043056 0.013542 0.028704
1 0.626042 0.105556 0.016667 0.035185
1 0.620313 0.057407 0.016667 0.031481
1 0.651823 0.077315 0.015104 0.028704
1 0.672917 0.120833 0.017708 0.030556
1 0.659375 0.156944 0.018750 0.037963
4 0.656771 0.203704 0.017708 0.018519
1 0.616146 0.156019 0.017708 0.037963
1 0.574219 0.143056 0.018229 0.045370
1 0.518490 0.155556 0.021354 0.042593
1 0.436719 0.137500 0.019271 0.043519
1 0.385417 0.151389 0.018750 0.036111
1 0.345573 0.130556 0.019271 0.042593
3 0.341146 0.180556 0.015625 0.011111
5 0.346615 0.185648 0.032813 0.019444
1 0.299740 0.140741 0.018229 0.040741
6 0.291667 0.193056 0.030208 0.026852
1 0.251042 0.229167 0.020833 0.043519
1 0.316667 0.194907 0.022917 0.043519
1 0.392969 0.214815 0.023438 0.048148
1 0.450521 0.210185 0.023958 0.044444
1 0.510417 0.206019 0.020833 0.039815
4 0.493490 0.256019 0.017188 0.028704
1 0.574740 0.195833 0.021354 0.043519
1 0.606771 0.198611 0.021875 0.043519
1 0.735417 0.356019 0.020833 0.050926
3 0.727865 0.393056 0.013021 0.025000
6 0.687240 0.373611 0.026562 0.030556
1 0.689063 0.305556 0.023958 0.048148
1 0.638542 0.292593 0.022917 0.048148
1 0.582292 0.306019 0.022917 0.047222
4 0.572396 0.355556 0.023958 0.027778
1 0.494792 0.331019 0.027083 0.054630
2 0.432292 0.268519 0.035417 0.062963
6 0.442448 0.368056 0.025521 0.045370
6 0.461198 0.381019 0.016146 0.028704
1 0.395573 0.268056 0.027604 0.052778
4 0.314063 0.368519 0.022917 0.029630
0 0.330469 0.268519 0.024479 0.055556
0 0.266146 0.256019 0.026042 0.058333
1 0.484115 0.381481 0.028646 0.062963
1 0.579948 0.418519 0.034896 0.068519
1 0.641667 0.373148 0.027083 0.068519
1 0.721615 0.430556 0.031771 0.070370
0 0.763542 0.427778 0.027083 0.064815
1 0.809115 0.543519 0.030729 0.075926
1 0.571615 0.554167 0.032813 0.069444
1 0.466667 0.543056 0.033333 0.075000
1 0.396615 0.518519 0.032813 0.070370
1 0.312500 0.518056 0.031250 0.076852
1 0.243490 0.515278 0.032813 0.065741
4 0.246615 0.268519 0.019271 0.031481
