1 0.020313 0.583333 0.026042 0.055556
8 0.040365 0.605556 0.066146 0.133333
8 0.123438 0.315741 0.012500 0.016667
5 0.117188 0.318056 0.023958 0.023148
1 0.147396 0.243519 0.019792 0.040741
8 0.155990 0.256481 0.049479 0.081481
1 0.155990 0.204167 0.016146 0.034259
1 0.183594 0.193056 0.016146 0.036111
1 0.159115 0.208333 0.030729 0.055556
4 0.177865 0.230556 0.010937 0.025926
9 0.194792 0.204630 0.044792 0.059259
4 0.192188 0.169907 0.012500 0.019444
1 0.197917 0.130556 0.014583 0.035185
8 0.196615 0.143056 0.035937 0.069444
5 0.192969 0.230556 0.031771 0.025926
3 0.249740 0.113889 0.011979 0.011111
5 0.254167 0.112037 0.029167 0.018519
1 0.248438 0.080093 0.018750 0.030556
9 0.259115 0.083333 0.039062 0.044444
1 0.319792 0.031019 0.014583 0.028704
1 0.314063 0.056019 0.015625 0.034259
1 0.293490 0.093519 0.015104 0.038889
1 0.329688 0.101852 0.018750 0.035185
1 0.351042 0.053704 0.014583 0.033333
1 0.381771 0.092593 0.017708 0.035185
1 0.387240 0.045833 0.015104 0.030556
1 0.294792 0.130556 0.017708 0.044444
1 0.345313 0.143056 0.018750 0.043519
1 0.384375 0.154630 0.018750 0.038889
8 0.321615 0.042593 0.041146 0.044444
8 0.316667 0.068056 0.035417 0.062037
8 0.290365 0.106019 0.043229 0.063889
8 0.297396 0.156019 0.045833 0.078704
8 0.347396 0.156019 0.043750 0.069444
8 0.376563 0.103241 0.041667 0.060185
8 0.384115 0.156019 0.038021 0.052778
8 0.350521 0.057407 0.037500 0.055556
8 0.388542 0.055556 0.038542 0.055556
9 0.338542 0.105556 0.037500 0.048148
8 0.418490 0.031019 0.034896 0.049074
9 0.424740 0.056019 0.032813 0.049074
8 0.449740 0.030556 0.028646 0.055556
8 0.463542 0.054630 0.042708 0.059259
8 0.460938 0.084722 0.042708 0.069444
8 0.486719 0.027315 0.032813 0.052778
8 0.501563 0.054630 0.035417 0.059259
8 0.521615 0.030556 0.026562 0.042593
8 0.548438 0.039352 0.034375 0.047222
8 0.540365 0.093056 0.039062 0.060185
8 0.580469 0.093519 0.036979 0.074074
9 0.582292 0.044907 0.031250 0.043519
8 0.609896 0.068056 0.035417 0.063889
9 0.621875 0.117130 0.046875 0.062037
8 0.649740 0.082407 0.040104 0.055556
9 0.668490 0.130556 0.048438 0.053704
8 0.651042 0.177778 0.048958 0.057407
8 0.604948 0.217130 0.046354 0.095370
8 0.564063 0.215741 0.043750 0.087037
8 0.564323 0.163426 0.050521 0.087963
8 0.516146 0.147685 0.052083 0.080556
8 0.439844 0.155093 0.066146 0.076852
8 0.268490 0.212037 0.051562 0.094444
8 0.315365 0.205556 0.051562 0.103704
9 0.387240 0.218056 0.067187 0.080556
9 0.454688 0.218056 0.061458 0.086111
9 0.505990 0.222685 0.050521 0.056481
5 0.555990 0.270833 0.023438 0.030556
5 0.582292 0.272685 0.037500 0.030556
5 0.519792 0.258333 0.038542 0.031481
5 0.612240 0.278704 0.025521 0.029630
9 0.732292 0.355556 0.059375 0.088889
8 0.679167 0.318519 0.055208 0.107407
8 0.574740 0.318056 0.058854 0.087963
8 0.626563 0.309722 0.055208 0.106481
5 0.584115 0.376852 0.044271 0.040741
9 0.501042 0.343056 0.068750 0.093519
8 0.442448 0.318519 0.058854 0.122222
8 0.388542 0.306019 0.054167 0.149074
8 0.326823 0.318519 0.063021 0.131481
8 0.270313 0.318056 0.060417 0.136111
9 0.214323 0.327778 0.061979 0.105556
8 0.484115 0.418056 0.074479 0.136111
6 0.213542 0.367593 0.040625 0.038889
5 0.485938 0.493519 0.053125 0.053704
8 0.571094 0.443519 0.070312 0.114815
5 0.584115 0.518519 0.053646 0.053704
8 0.638542 0.447222 0.073958 0.168519
6 0.653646 0.529167 0.053125 0.054630
8 0.707292 0.462037 0.069792 0.131481
6 0.724219 0.530556 0.046354 0.050000
8 0.764323 0.481019 0.052604 0.149074
8 0.797917 0.651852 0.102083 0.148148
8 0.574740 0.628241 0.095312 0.145370
8 0.477865 0.593056 0.070312 0.163889
6 0.487240 0.681019 0.067187 0.069444
8 0.397396 0.579167 0.071875 0.169444
5 0.393490 0.683333 0.063021 0.068519
8 0.321615 0.565741 0.073438 0.187037
5 0.314063 0.689815 0.062500 0.066667
5 0.237240 0.664815 0.057813 0.066667
8 0.252865 0.565741 0.070312 0.174074
3 0.504167 0.952778 0.027083 0.062963
1 0.980990 0.805556 0.023438 0.062963
4 0.963021 0.856019 0.018750 0.037963
5 0.966667 0.856019 0.031250 0.063889
8 0.953646 0.805556 0.081250 0.109259
5 0.917188 0.664815 0.036458 0.050000
5 0.955469 0.656019 0.030729 0.039815
8 0.894792 0.601389 0.073958 0.087963
8 0.944792 0.618056 0.046875 0.113889
8 0.829688 0.405556 0.044792 0.114815
8 0.878646 0.413889 0.044792 0.101852
8 0.801823 0.318519 0.052604 0.087037
9 0.845313 0.335648 0.046875 0.056481
4 0.819271 0.356019 0.019792 0.030556
5 0.811198 0.365741 0.031771 0.024074
8 0.809115 0.243981 0.034896 0.073148
8 0.779167 0.247222 0.042708 0.081481
8 0.784115 0.198148 0.026562 0.055556
8 0.757292 0.184722 0.044792 0.069444
9 0.757292 0.153704 0.040625 0.053704
8 0.734375 0.109722 0.034375 0.056481
4 0.737240 0.131019 0.014063 0.017593
8 0.710938 0.079630 0.023958 0.042593
8 0.687240 0.072685 0.029687 0.056481
4 0.326042 0.127778 0.012500 0.025926
4 0.377344 0.123611 0.017188 0.019444
1 0.417969 0.056019 0.018229 0.032407
1 0.421094 0.020833 0.014063 0.030556
1 0.459115 0.068056 0.017188 0.037963
1 0.452344 0.018519 0.014063 0.027778
1 0.489844 0.013426 0.013021 0.025000
1 0.464323 0.041667 0.015104 0.033333
5 0.462240 0.122222 0.028646 0.018519
1 0.503646 0.043519 0.015625 0.035185
1 0.518490 0.023611 0.014063 0.030556
5 0.523438 0.055556 0.016667 0.016667
8 0.507292 0.102315 0.048958 0.063889
4 0.508073 0.124537 0.016146 0.019444
1 0.542188 0.090278 0.016667 0.032407
1 0.513542 0.089352 0.016667 0.034259
5 0.546615 0.131019 0.023438 0.023148
1 0.554167 0.030556 0.014583 0.029630
1 0.584896 0.042593 0.014583 0.029630
1 0.568490 0.055556 0.016146 0.033333
1 0.564323 0.068519 0.028646 0.055556
1 0.616146 0.055093 0.017708 0.034259
0 0.580990 0.072222 0.016146 0.031481
5 0.591667 0.140741 0.021875 0.020370
1 0.624740 0.105556 0.017188 0.035185
1 0.655990 0.074537 0.016146 0.030556
1 0.672396 0.118056 0.016667 0.030556
5 0.637240 0.143056 0.016146 0.023148
5 0.680469 0.155556 0.019271 0.020370
4 0.657292 0.200926 0.020833 0.024074
1 0.664323 0.168519 0.019271 0.033333
3 0.615365 0.193519 0.010937 0.016667
5 0.629167 0.202778 0.018750 0.024074
0 0.620313 0.143519 0.017708 0.037037
8 0.611719 0.156019 0.039062 0.073148
1 0.574740 0.143056 0.019271 0.047222
1 0.524740 0.131019 0.021354 0.045370
1 0.439063 0.136574 0.019792 0.043519
6 0.437240 0.181019 0.038021 0.028704
6 0.338542 0.180556 0.021875 0.020370
5 0.348438 0.185185 0.032292 0.018519
4 0.294792 0.185648 0.017708 0.019444
1 0.265365 0.187037 0.022396 0.044444
0 0.314844 0.180556 0.021354 0.046296
3 0.314063 0.255556 0.018750 0.014815
5 0.321615 0.258333 0.035937 0.031481
1 0.388021 0.209722 0.022917 0.043519
1 0.451042 0.206019 0.021875 0.045370
6 0.447917 0.256019 0.040625 0.032407
1 0.509896 0.218519 0.020833 0.040741
4 0.494271 0.255093 0.017708 0.034259
1 0.573438 0.193519 0.020833 0.046296
1 0.602865 0.191667 0.022396 0.044444
3 0.594271 0.265278 0.019792 0.017593
3 0.601042 0.281019 0.013542 0.021296
1 0.734896 0.350926 0.022917 0.048148
3 0.729688 0.393056 0.013542 0.026852
3 0.685417 0.356019 0.022917 0.023148
5 0.696615 0.380556 0.030729 0.035185
1 0.693490 0.292593 0.023438 0.053704
1 0.634896 0.281019 0.022917 0.052778
6 0.622917 0.357407 0.038542 0.031481
4 0.573698 0.356019 0.024479 0.032407
1 0.582292 0.306019 0.026042 0.049074
1 0.494792 0.332407 0.027083 0.055556
4 0.435417 0.360185 0.030208 0.031481
1 0.441667 0.291204 0.028125 0.058333
1 0.390365 0.261574 0.028646 0.056481
5 0.377344 0.380556 0.026562 0.040741
4 0.315365 0.368519 0.021354 0.025926
5 0.325000 0.381019 0.046875 0.037963
1 0.330469 0.281019 0.026562 0.060185
1 0.259115 0.282407 0.028646 0.055556
6 0.263542 0.368056 0.045833 0.047222
6 0.209115 0.316667 0.028646 0.050000
1 0.484115 0.386111 0.029687 0.068519
1 0.576042 0.427315 0.032292 0.065741
0 0.649219 0.398611 0.032813 0.069444
1 0.724219 0.435185 0.031771 0.068519
1 0.769792 0.441667 0.026042 0.062963
1 0.819792 0.616667 0.035417 0.068519
6 0.809115 0.699074 0.053646 0.055556
1 0.579688 0.594907 0.035417 0.069444
6 0.590365 0.685648 0.066146 0.069444
1 0.479167 0.543519 0.034375 0.072222
1 0.392969 0.530556 0.032813 0.072222
0 0.316667 0.512037 0.030208 0.081481
1 0.246094 0.515741 0.031771 0.068519
3 0.923438 0.652778 0.015625 0.033333
1 0.955990 0.593056 0.021354 0.050926
1 0.921094 0.581019 0.022396 0.050926
1 0.840365 0.374074 0.021354 0.044444
1 0.888542 0.389815 0.019792 0.050000
4 0.838542 0.442130 0.019792 0.021296
6 0.844792 0.456481 0.035417 0.025926
1 0.817448 0.306019 0.021354 0.045370
1 0.857292 0.333333 0.020833 0.044444
1 0.816667 0.230556 0.018750 0.040741
1 0.783594 0.232407 0.018229 0.044444
1 0.762240 0.168519 0.015104 0.037037
1 0.787240 0.193056 0.017188 0.037963
6 0.760417 0.216204 0.019792 0.021296
1 0.761719 0.143519 0.016146 0.033333
1 0.738542 0.100463 0.014583 0.030556
1 0.715365 0.069444 0.013021 0.024074
1 0.689063 0.064352 0.013542 0.028704
