1 0.023438 0.554167 0.026042 0.058333
8 0.042188 0.593519 0.066667 0.150000
8 0.123438 0.315741 0.012500 0.016667
5 0.117188 0.318056 0.023958 0.023148
1 0.147396 0.243519 0.019792 0.040741
8 0.155990 0.255556 0.049479 0.081481
1 0.155990 0.204167 0.016146 0.034259
1 0.183594 0.193056 0.016146 0.036111
1 0.159115 0.207407 0.030729 0.055556
4 0.177865 0.230556 0.010937 0.025926
9 0.194792 0.204630 0.044792 0.059259
4 0.192188 0.168981 0.012500 0.019444
1 0.197917 0.130556 0.014583 0.035185
8 0.196615 0.143056 0.035937 0.069444
5 0.192969 0.230556 0.031771 0.025926
3 0.251042 0.111111 0.012500 0.007407
5 0.254948 0.114815 0.028646 0.016667
1 0.248438 0.080093 0.018750 0.030556
9 0.259115 0.082407 0.039062 0.044444
1 0.319792 0.030556 0.014583 0.031481
1 0.314063 0.056019 0.015625 0.034259
1 0.293490 0.093519 0.015104 0.038889
1 0.329688 0.101852 0.018750 0.035185
1 0.354167 0.043056 0.013542 0.030556
1 0.381771 0.092593 0.017708 0.035185
1 0.387240 0.044907 0.015104 0.030556
1 0.294792 0.130556 0.017708 0.044444
1 0.345313 0.143056 0.018750 0.043519
1 0.384375 0.154630 0.018750 0.038889
8 0.321615 0.043519 0.041146 0.044444
8 0.316667 0.068056 0.035417 0.062037
8 0.290365 0.106019 0.043229 0.063889
8 0.293490 0.155556 0.044271 0.081481
8 0.347396 0.156019 0.043750 0.069444
8 0.376563 0.103241 0.041667 0.060185
8 0.384115 0.156019 0.038021 0.052778
8 0.351042 0.056481 0.037500 0.055556
8 0.388542 0.055556 0.038542 0.055556
9 0.338542 0.105556 0.037500 0.048148
8 0.418490 0.029167 0.034896 0.049074
9 0.424740 0.056019 0.032813 0.049074
8 0.449740 0.030556 0.028646 0.055556
8 0.463542 0.054630 0.042708 0.059259
8 0.460938 0.084259 0.042708 0.068519
8 0.486719 0.027315 0.032813 0.052778
8 0.501563 0.054630 0.035417 0.059259
8 0.504167 0.092593 0.038542 0.068519
8 0.521615 0.030556 0.026562 0.042593
8 0.548438 0.039352 0.034375 0.047222
8 0.540365 0.093056 0.039062 0.060185
8 0.580469 0.093519 0.036979 0.074074
9 0.582292 0.043981 0.031250 0.043519
8 0.610938 0.069444 0.037500 0.055556
9 0.621875 0.117130 0.046875 0.062037
8 0.649740 0.081481 0.040104 0.055556
9 0.668490 0.130556 0.048438 0.053704
8 0.651042 0.177778 0.048958 0.057407
8 0.607292 0.168519 0.042708 0.061111
8 0.606771 0.218056 0.048958 0.086111
8 0.564063 0.218056 0.043750 0.082407
8 0.564323 0.163426 0.050521 0.087963
8 0.513542 0.143056 0.056250 0.084259
8 0.439844 0.155093 0.066146 0.076852
8 0.255469 0.231019 0.051562 0.076852
8 0.309896 0.218056 0.060417 0.089815
9 0.387240 0.218056 0.067187 0.080556
9 0.454688 0.218056 0.061458 0.086111
9 0.505990 0.222222 0.050521 0.055556
5 0.555990 0.269907 0.023438 0.030556
5 0.582292 0.272222 0.037500 0.031481
5 0.519792 0.257407 0.038542 0.031481
5 0.612240 0.278704 0.025521 0.029630
9 0.732292 0.355556 0.059375 0.088889
9 0.681250 0.343056 0.059375 0.084259
8 0.574740 0.318056 0.058854 0.087963
8 0.626563 0.309259 0.055208 0.105556
5 0.584115 0.376852 0.044271 0.040741
9 0.501563 0.343519 0.068750 0.094444
8 0.442448 0.318519 0.058854 0.122222
8 0.388542 0.306019 0.054167 0.149074
8 0.326823 0.318519 0.063021 0.131481
8 0.270313 0.318056 0.060417 0.136111
9 0.214323 0.327778 0.061979 0.105556
8 0.482292 0.430093 0.075000 0.119444
6 0.213542 0.367593 0.040625 0.038889
5 0.485938 0.493519 0.053125 0.053704
8 0.571094 0.443519 0.070312 0.114815
5 0.584115 0.518519 0.053646 0.053704
8 0.638542 0.446759 0.073958 0.169444
6 0.653646 0.529167 0.053125 0.054630
8 0.709115 0.468519 0.069271 0.162963
6 0.724219 0.530556 0.046354 0.050000
8 0.764323 0.481019 0.052604 0.149074
8 0.797396 0.655556 0.102083 0.148148
8 0.584896 0.615741 0.082292 0.212963
8 0.477865 0.593056 0.070312 0.163889
6 0.487240 0.681019 0.067187 0.069444
8 0.395313 0.593519 0.071875 0.151852
5 0.393490 0.682407 0.063021 0.068519
8 0.321615 0.565741 0.073438 0.187037
5 0.314063 0.689815 0.062500 0.066667
5 0.237240 0.664815 0.057813 0.066667
8 0.252865 0.556019 0.071354 0.186111
3 0.504167 0.952778 0.027083 0.062963
1 0.980990 0.805556 0.023438 0.062963
4 0.963021 0.856019 0.018750 0.037963
5 0.966667 0.856019 0.031250 0.063889
8 0.953646 0.805556 0.081250 0.109259
5 0.917188 0.664815 0.036458 0.050000
5 0.955469 0.656019 0.030729 0.039815
8 0.894792 0.601389 0.073958 0.087963
8 0.944792 0.618056 0.046875 0.113889
8 0.829688 0.405556 0.044792 0.114815
8 0.878646 0.413889 0.044792 0.101852
8 0.799219 0.318056 0.049479 0.084259
9 0.845313 0.335185 0.046875 0.055556
4 0.816667 0.356019 0.019792 0.030556
5 0.811198 0.365741 0.031771 0.024074
8 0.807813 0.242130 0.035417 0.084259
8 0.779167 0.243981 0.041667 0.080556
8 0.784896 0.194907 0.028125 0.056481
8 0.757292 0.184259 0.044792 0.068519
9 0.757292 0.153704 0.040625 0.053704
8 0.732292 0.107407 0.034375 0.055556
4 0.737240 0.131019 0.014063 0.017593
8 0.710938 0.079630 0.023958 0.042593
8 0.687240 0.072222 0.029687 0.055556
4 0.324740 0.127315 0.010937 0.025000
4 0.377344 0.123148 0.015104 0.018519
1 0.419271 0.056019 0.017708 0.030556
1 0.419792 0.018519 0.014583 0.027778
1 0.449740 0.018519 0.013021 0.031481
1 0.463542 0.043056 0.014583 0.036111
1 0.457813 0.075926 0.017708 0.037037
5 0.462240 0.123611 0.028646 0.019444
0 0.504167 0.071759 0.015625 0.030556
1 0.502865 0.043056 0.016146 0.034259
1 0.486719 0.014815 0.014063 0.027778
1 0.519271 0.026852 0.014583 0.027778
5 0.522917 0.056019 0.017708 0.015741
1 0.554688 0.030556 0.013542 0.029630
1 0.544792 0.091204 0.016667 0.036111
1 0.544792 0.130556 0.023958 0.020370
0 0.580990 0.068056 0.016146 0.037963
1 0.584115 0.042593 0.014063 0.027778
5 0.591667 0.141204 0.022917 0.021296
1 0.625521 0.106019 0.017708 0.037963
1 0.618490 0.065741 0.015104 0.033333
1 0.655990 0.078704 0.015104 0.033333
5 0.636719 0.143056 0.016146 0.023148
4 0.654167 0.106019 0.015625 0.015741
1 0.669792 0.118056 0.015625 0.034259
5 0.680990 0.156019 0.018229 0.021296
1 0.664844 0.168519 0.019271 0.037037
1 0.617969 0.156019 0.018229 0.039815
4 0.657292 0.201852 0.018750 0.024074
4 0.613542 0.193056 0.014583 0.026852
5 0.628646 0.203704 0.017708 0.024074
1 0.574740 0.143519 0.017188 0.046296
0 0.510938 0.127315 0.023958 0.045370
1 0.438021 0.136574 0.020833 0.043519
6 0.436719 0.180556 0.035937 0.029630
4 0.337240 0.180556 0.021354 0.022222
5 0.347917 0.184259 0.033333 0.018519
4 0.293490 0.184259 0.018229 0.018519
1 0.248438 0.218519 0.022917 0.044444
1 0.314844 0.194907 0.022396 0.043519
4 0.311719 0.254630 0.022396 0.018519
1 0.388542 0.209722 0.021875 0.043519
1 0.451042 0.205556 0.023958 0.044444
6 0.453646 0.256019 0.029167 0.034259
1 0.509115 0.218056 0.021354 0.041667
4 0.493490 0.254630 0.017188 0.035185
1 0.573438 0.204167 0.020833 0.047222
1 0.600521 0.203704 0.020833 0.046296
3 0.593490 0.265278 0.020313 0.017593
3 0.599740 0.281019 0.013021 0.021296
1 0.734896 0.351389 0.021875 0.049074
4 0.688542 0.380556 0.022917 0.029630
1 0.696094 0.330556 0.024479 0.055556
1 0.634115 0.281019 0.022396 0.050926
6 0.626823 0.355556 0.034896 0.025926
4 0.573438 0.355556 0.023958 0.031481
1 0.584115 0.305556 0.024479 0.051852
1 0.492969 0.334722 0.026562 0.056481
2 0.438542 0.282407 0.032292 0.055556
2 0.396615 0.260648 0.027604 0.056481
4 0.434115 0.365278 0.028646 0.030556
5 0.376563 0.380556 0.026042 0.038889
4 0.314063 0.368056 0.023958 0.030556
4 0.322917 0.380556 0.046875 0.037037
1 0.329688 0.281019 0.023958 0.062037
1 0.259896 0.280556 0.029167 0.059259
6 0.263542 0.368056 0.044792 0.043519
1 0.209115 0.316667 0.024479 0.050000
1 0.769792 0.442130 0.026042 0.063889
1 0.723698 0.426852 0.031771 0.072222
1 0.651042 0.404167 0.031250 0.073148
1 0.576042 0.422685 0.032292 0.069444
1 0.482292 0.405556 0.033333 0.062963
1 0.816667 0.631019 0.030208 0.071296
6 0.808594 0.700926 0.054688 0.061111
0 0.595313 0.547685 0.034375 0.080556
6 0.588021 0.683333 0.075000 0.068519
1 0.477344 0.553704 0.035937 0.072222
0 0.392188 0.556019 0.037500 0.086111
1 0.315365 0.516204 0.030729 0.082407
0 0.244792 0.502778 0.035417 0.075926
3 0.924740 0.652778 0.014063 0.033333
1 0.956771 0.593519 0.022917 0.053704
1 0.919792 0.580556 0.023958 0.053704
4 0.839063 0.440741 0.019792 0.020370
6 0.844792 0.456019 0.036458 0.030556
1 0.840365 0.377315 0.021354 0.047222
0 0.886719 0.382407 0.020313 0.044444
1 0.813542 0.304167 0.020833 0.045370
1 0.857292 0.333333 0.020833 0.044444
4 0.854688 0.367130 0.016667 0.028704
1 0.782813 0.230556 0.018750 0.037037
1 0.815625 0.219907 0.018750 0.043519
1 0.763542 0.168519 0.016667 0.037037
1 0.788542 0.193056 0.017708 0.037963
6 0.761719 0.215741 0.018229 0.022222
1 0.759115 0.143519 0.018229 0.029630
1 0.738542 0.099537 0.014583 0.030556
1 0.716146 0.068981 0.012500 0.025000
1 0.691667 0.065278 0.013542 0.028704
4 0.689844 0.093519 0.013021 0.016667
