1 0.019792 0.580556 0.023958 0.055556
1 0.041667 0.605556 0.066667 0.137037
3 0.124219 0.316204 0.013021 0.017593
5 0.117969 0.318056 0.026562 0.025000
1 0.149740 0.243519 0.019271 0.040741
8 0.157292 0.256481 0.050000 0.081481
1 0.151823 0.205556 0.018229 0.037037
1 0.183073 0.205556 0.019271 0.038889
9 0.157292 0.218519 0.035417 0.050000
9 0.194792 0.206019 0.045833 0.049074
4 0.176563 0.231019 0.011458 0.023148
5 0.192188 0.230556 0.032292 0.025926
1 0.197917 0.130556 0.014583 0.033333
1 0.196615 0.143056 0.035937 0.071296
1 0.248438 0.079167 0.018750 0.028704
3 0.249740 0.113889 0.014063 0.011111
5 0.254688 0.112500 0.028125 0.019444
9 0.259115 0.084259 0.039062 0.055556
9 0.329167 0.042593 0.023958 0.038889
8 0.317188 0.066667 0.033333 0.061111
8 0.297917 0.097685 0.032292 0.069444
8 0.329948 0.104167 0.036979 0.056481
8 0.351042 0.059722 0.033333 0.056481
8 0.377344 0.103704 0.043229 0.059259
8 0.388542 0.055556 0.039583 0.055556
8 0.419271 0.031019 0.035417 0.052778
8 0.447917 0.030556 0.028125 0.053704
9 0.423698 0.055556 0.034896 0.051852
1 0.419792 0.052315 0.017708 0.028704
8 0.463021 0.054630 0.038542 0.057407
8 0.460938 0.080556 0.040625 0.070370
8 0.486719 0.026852 0.032813 0.051852
8 0.501563 0.055556 0.035417 0.059259
8 0.521615 0.030556 0.026562 0.044444
9 0.507292 0.106019 0.048958 0.054630
8 0.541667 0.094907 0.036458 0.056481
8 0.548698 0.039352 0.034896 0.049074
8 0.564844 0.068056 0.030729 0.058333
8 0.586198 0.043056 0.028646 0.043519
8 0.580990 0.093056 0.038021 0.071296
8 0.612240 0.068056 0.036979 0.063889
9 0.621615 0.118519 0.048438 0.061111
9 0.668490 0.130556 0.047396 0.053704
8 0.649740 0.081019 0.036979 0.050926
8 0.652344 0.170833 0.050521 0.069444
8 0.609375 0.167130 0.037500 0.063889
8 0.564063 0.164815 0.050000 0.088889
8 0.513542 0.152778 0.056250 0.083333
8 0.439844 0.155093 0.064062 0.082407
8 0.385417 0.156019 0.041667 0.052778
8 0.344792 0.143981 0.043750 0.080556
8 0.297396 0.156019 0.044792 0.082407
8 0.254688 0.220833 0.058333 0.080556
8 0.314844 0.217593 0.054688 0.081481
9 0.388542 0.218519 0.066667 0.081481
9 0.454167 0.216667 0.061458 0.088889
9 0.505990 0.226852 0.048438 0.062963
8 0.566667 0.218056 0.043750 0.080556
8 0.604688 0.210185 0.041667 0.105556
5 0.518490 0.255556 0.039062 0.031481
5 0.555990 0.268056 0.023438 0.030556
5 0.583594 0.268981 0.036979 0.030556
5 0.613542 0.278241 0.025000 0.026852
3 0.594271 0.265741 0.018750 0.016667
3 0.599740 0.280556 0.011979 0.020370
9 0.734115 0.355556 0.060937 0.087037
8 0.679688 0.318519 0.053125 0.107407
8 0.629167 0.318056 0.056250 0.089815
8 0.574740 0.318056 0.057813 0.084259
5 0.584115 0.376852 0.046354 0.040741
5 0.696094 0.381019 0.029687 0.036111
9 0.501563 0.343056 0.068750 0.093519
8 0.446615 0.310648 0.057813 0.130556
8 0.388021 0.305556 0.056250 0.153704
5 0.377865 0.381019 0.028646 0.039815
8 0.326823 0.318056 0.063021 0.134259
5 0.324219 0.380556 0.048438 0.040741
8 0.268490 0.318519 0.057813 0.122222
6 0.262240 0.368056 0.044271 0.043519
9 0.213542 0.327315 0.059375 0.102778
1 0.210417 0.316204 0.026042 0.049074
6 0.213542 0.368056 0.038542 0.039815
8 0.484115 0.418056 0.071354 0.130556
5 0.485938 0.493519 0.053125 0.053704
8 0.569792 0.443519 0.070833 0.120370
5 0.585417 0.518056 0.055208 0.056481
8 0.638542 0.454630 0.073958 0.151852
6 0.654167 0.531019 0.054167 0.056481
8 0.710417 0.466204 0.069792 0.149074
6 0.722917 0.530556 0.046875 0.051852
8 0.763542 0.479167 0.055208 0.139815
9 0.797917 0.643056 0.097917 0.117593
6 0.810417 0.697222 0.048958 0.055556
8 0.565365 0.630556 0.083854 0.168519
6 0.580990 0.691204 0.075521 0.075000
8 0.476042 0.580556 0.071875 0.155556
6 0.486198 0.680556 0.066146 0.072222
8 0.399219 0.573148 0.077604 0.155556
5 0.393490 0.680556 0.064062 0.068519
8 0.321615 0.564815 0.073438 0.187037
5 0.314323 0.680556 0.063021 0.068519
8 0.254167 0.568056 0.066667 0.171296
5 0.237240 0.665278 0.057813 0.069444
3 0.504167 0.953241 0.027083 0.065741
8 0.952865 0.793056 0.082812 0.119444
3 0.966146 0.855556 0.012500 0.031481
5 0.967969 0.868056 0.029687 0.050926
1 0.977865 0.790278 0.027604 0.062037
8 0.894792 0.593056 0.073958 0.093519
8 0.944792 0.618519 0.050000 0.116667
5 0.917188 0.665741 0.037500 0.053704
5 0.954948 0.655556 0.031771 0.044444
3 0.924740 0.652315 0.014063 0.034259
8 0.833594 0.405556 0.050521 0.101852
8 0.878646 0.409259 0.044792 0.094444
8 0.801823 0.318519 0.052604 0.087037
9 0.845313 0.338889 0.047917 0.061111
8 0.776563 0.247685 0.041667 0.080556
8 0.809115 0.243519 0.033854 0.077778
8 0.755990 0.182407 0.039062 0.068519
8 0.784896 0.193056 0.028125 0.056481
8 0.757292 0.143519 0.038542 0.062963
8 0.734115 0.105556 0.032813 0.055556
8 0.710417 0.077778 0.025000 0.046296
8 0.688021 0.076389 0.028125 0.052778
4 0.192969 0.168056 0.014063 0.019444
1 0.919792 0.580556 0.022917 0.053704
1 0.956771 0.581019 0.023958 0.050926
1 0.315365 0.048611 0.015104 0.030556
1 0.301563 0.088426 0.015625 0.037963
1 0.324219 0.093519 0.017188 0.033333
1 0.352865 0.053241 0.014063 0.032407
1 0.388021 0.043981 0.015625 0.030556
1 0.381771 0.092593 0.018750 0.035185
1 0.376823 0.122685 0.016146 0.019444
1 0.422917 0.018056 0.014583 0.028704
1 0.452344 0.017593 0.014063 0.025926
1 0.464323 0.041667 0.015104 0.031481
1 0.459115 0.068056 0.018229 0.036111
5 0.463542 0.122685 0.029167 0.019444
1 0.488542 0.013889 0.013542 0.025926
1 0.501563 0.042593 0.017708 0.031481
1 0.519792 0.027778 0.013542 0.027778
5 0.522917 0.055556 0.017708 0.016667
1 0.516146 0.093519 0.017708 0.029630
1 0.542188 0.093056 0.015625 0.030556
1 0.554167 0.030556 0.012500 0.029630
5 0.544792 0.130556 0.023958 0.020370
1 0.570573 0.055556 0.015104 0.033333
1 0.585417 0.041667 0.014583 0.029630
0 0.582292 0.077778 0.016667 0.035185
5 0.591667 0.140278 0.021875 0.017593
1 0.617188 0.055556 0.015625 0.033333
1 0.626823 0.106019 0.018229 0.036111
1 0.652344 0.073148 0.014063 0.031481
4 0.624740 0.140741 0.013021 0.016667
5 0.635938 0.143056 0.016667 0.021296
1 0.671615 0.118056 0.016146 0.032407
5 0.679688 0.156019 0.017708 0.021296
1 0.658594 0.155556 0.018229 0.037037
4 0.655990 0.193056 0.019271 0.019444
1 0.610938 0.154630 0.018750 0.033333
1 0.574740 0.143056 0.018229 0.045370
1 0.521615 0.131019 0.021354 0.043519
5 0.628646 0.203241 0.018750 0.023148
1 0.441146 0.130556 0.020833 0.044444
6 0.436719 0.180556 0.035937 0.027778
1 0.384896 0.151389 0.020833 0.037963
1 0.343490 0.131019 0.020313 0.045370
1 0.299740 0.134722 0.017188 0.043519
6 0.292969 0.193056 0.030729 0.026852
4 0.337240 0.180556 0.017188 0.022222
5 0.346615 0.188426 0.031771 0.025000
1 0.246615 0.206019 0.023438 0.047222
1 0.314063 0.193981 0.021875 0.043519
3 0.314063 0.255556 0.018750 0.014815
5 0.322396 0.257407 0.035417 0.031481
1 0.388021 0.209722 0.020833 0.043519
1 0.444271 0.206019 0.025000 0.045370
1 0.512240 0.215741 0.021354 0.040741
4 0.493490 0.256019 0.017188 0.032407
1 0.574740 0.206019 0.022396 0.041667
0 0.602865 0.181481 0.019271 0.044444
1 0.735417 0.351389 0.021875 0.050926
6 0.684896 0.369907 0.033333 0.043519
3 0.674740 0.381019 0.014063 0.025000
1 0.687240 0.293056 0.022396 0.058333
1 0.637240 0.294444 0.023438 0.044444
1 0.584115 0.305556 0.022396 0.050000
4 0.573438 0.355556 0.020833 0.031481
6 0.627344 0.358333 0.045312 0.031481
1 0.494271 0.332407 0.026042 0.055556
1 0.449740 0.279630 0.030729 0.061111
4 0.439844 0.368519 0.024479 0.024074
2 0.384896 0.267593 0.031250 0.061111
1 0.329167 0.280556 0.026042 0.055556
1 0.314063 0.368519 0.022917 0.027778
1 0.259375 0.280556 0.028125 0.055556
1 0.769792 0.440278 0.026042 0.062037
0 0.721094 0.428241 0.029687 0.073148
1 0.644792 0.407407 0.029167 0.068519
1 0.577865 0.427778 0.036979 0.064815
1 0.482292 0.389352 0.030208 0.073148
1 0.246615 0.517130 0.030729 0.069444
0 0.317188 0.514352 0.031250 0.078704
1 0.391667 0.531019 0.030208 0.069444
1 0.473438 0.543056 0.033333 0.078704
1 0.572917 0.590278 0.036458 0.075000
7 0.814063 0.643981 0.038542 0.069444
1 0.843490 0.380093 0.020313 0.049074
1 0.888542 0.393056 0.019792 0.050926
4 0.841667 0.443519 0.023958 0.022222
5 0.844792 0.462500 0.035417 0.025000
1 0.816667 0.306019 0.020833 0.043519
1 0.857292 0.334259 0.020833 0.044444
4 0.816667 0.355556 0.020833 0.027778
5 0.812240 0.368056 0.031771 0.025000
4 0.854688 0.368519 0.014583 0.025926
1 0.815365 0.228704 0.020313 0.042593
1 0.784115 0.231019 0.018229 0.039815
1 0.788542 0.185185 0.017708 0.031481
1 0.761719 0.168056 0.016146 0.039815
1 0.755990 0.130556 0.016146 0.038889
1 0.738542 0.097222 0.013542 0.031481
4 0.737500 0.130556 0.012500 0.014815
1 0.710417 0.067593 0.014583 0.025926
1 0.691667 0.064352 0.011458 0.028704
4 0.691146 0.093056 0.011458 0.013889
4 0.651823 0.104167 0.013021 0.017593
6 0.760938 0.216667 0.017708 0.022222
