1 0.019792 0.581481 0.023958 0.055556
1 0.041667 0.605556 0.066667 0.137037
3 0.124219 0.316204 0.013021 0.017593
5 0.117969 0.318056 0.026562 0.025000
1 0.149219 0.242593 0.019271 0.040741
8 0.157292 0.255556 0.050000 0.081481
1 0.154167 0.191204 0.017708 0.039815
1 0.188542 0.180093 0.016667 0.037963
8 0.159896 0.205093 0.034375 0.069444
8 0.194792 0.193056 0.046875 0.080556
4 0.176563 0.231019 0.011458 0.023148
5 0.192188 0.230556 0.032292 0.025926
1 0.197917 0.130556 0.014583 0.033333
1 0.197917 0.142593 0.034375 0.055556
1 0.248438 0.079167 0.018750 0.028704
3 0.249740 0.114352 0.011979 0.012037
5 0.254688 0.112500 0.028125 0.019444
9 0.259896 0.086574 0.038542 0.043519
8 0.322396 0.041667 0.040625 0.046296
8 0.316667 0.068519 0.033333 0.061111
8 0.292448 0.105556 0.044271 0.068519
8 0.330990 0.093519 0.034896 0.064815
8 0.352865 0.055556 0.032813 0.055556
8 0.376823 0.102778 0.043229 0.059259
8 0.388542 0.055556 0.039583 0.055556
8 0.419792 0.030556 0.034375 0.051852
8 0.451042 0.030556 0.030208 0.055556
9 0.423698 0.055556 0.034896 0.051852
1 0.417969 0.056019 0.017188 0.028704
8 0.463542 0.055556 0.042708 0.059259
8 0.462240 0.088426 0.040104 0.073148
8 0.484115 0.027778 0.030729 0.053704
8 0.501563 0.055556 0.034375 0.062963
8 0.521615 0.030556 0.025521 0.040741
9 0.507292 0.106019 0.048958 0.054630
8 0.541667 0.093056 0.036458 0.060185
8 0.548698 0.039352 0.034896 0.049074
8 0.562240 0.068056 0.030729 0.058333
9 0.586198 0.043056 0.028646 0.043519
8 0.579688 0.092130 0.037500 0.080556
8 0.612500 0.068519 0.037500 0.066667
9 0.621615 0.117130 0.048438 0.063889
9 0.668490 0.130556 0.047396 0.053704
9 0.651563 0.088426 0.038542 0.049074
8 0.651042 0.177315 0.048958 0.058333
8 0.609375 0.167130 0.037500 0.063889
8 0.564063 0.164815 0.050000 0.088889
8 0.513542 0.152778 0.056250 0.083333
8 0.439063 0.156019 0.065625 0.080556
8 0.385417 0.156019 0.041667 0.052778
8 0.344792 0.146759 0.043750 0.080556
8 0.298438 0.156019 0.044792 0.082407
8 0.269271 0.205556 0.050000 0.098148
8 0.313542 0.217593 0.052083 0.081481
9 0.387240 0.218519 0.067187 0.081481
9 0.454167 0.216667 0.061458 0.088889
9 0.505990 0.219907 0.048438 0.056481
8 0.565365 0.213426 0.048438 0.099074
8 0.605469 0.218519 0.042188 0.087037
5 0.518490 0.255556 0.039062 0.031481
5 0.555990 0.268056 0.023438 0.030556
5 0.583594 0.271759 0.036979 0.030556
5 0.613542 0.278241 0.025000 0.026852
3 0.594271 0.265741 0.018750 0.016667
3 0.599740 0.280556 0.011979 0.020370
3 0.732292 0.355556 0.060417 0.087037
8 0.676042 0.318056 0.051042 0.102778
8 0.627344 0.307407 0.055729 0.105556
8 0.574219 0.318056 0.057813 0.084259
5 0.584115 0.376852 0.046354 0.040741
5 0.696094 0.381019 0.029687 0.036111
9 0.501563 0.343056 0.068750 0.093519
8 0.442188 0.318056 0.059375 0.126852
8 0.387240 0.306019 0.054688 0.150926
5 0.377865 0.381019 0.028646 0.039815
8 0.327344 0.318056 0.063021 0.134259
5 0.324219 0.380556 0.048438 0.040741
8 0.270313 0.326389 0.060417 0.137963
6 0.262240 0.368056 0.044271 0.043519
9 0.213542 0.327315 0.059375 0.102778
1 0.210417 0.306019 0.026042 0.049074
6 0.213542 0.368056 0.038542 0.039815
8 0.482292 0.418056 0.071875 0.130556
5 0.485417 0.493519 0.053125 0.053704
8 0.571615 0.443519 0.069271 0.118519
5 0.585417 0.518056 0.055208 0.056481
8 0.640365 0.443056 0.073438 0.175000
6 0.654167 0.531019 0.054167 0.056481
8 0.707292 0.459722 0.070833 0.130556
8 0.722917 0.530556 0.046875 0.051852
8 0.764323 0.481019 0.052604 0.149074
8 0.796094 0.630556 0.100521 0.151852
6 0.806771 0.696759 0.057292 0.056481
9 0.582292 0.629167 0.104167 0.136111
6 0.591667 0.684722 0.064583 0.069444
8 0.476042 0.583333 0.071875 0.155556
6 0.486198 0.680556 0.066146 0.072222
8 0.398698 0.573611 0.077604 0.156481
5 0.393490 0.680556 0.064062 0.068519
8 0.322396 0.557407 0.075000 0.194444
5 0.314323 0.685185 0.063021 0.068519
8 0.254167 0.568056 0.066667 0.171296
5 0.236719 0.660648 0.057813 0.069444
3 0.504167 0.953241 0.027083 0.065741
8 0.951042 0.793056 0.078125 0.119444
3 0.966146 0.855556 0.012500 0.031481
5 0.967969 0.868056 0.029687 0.050926
1 0.978646 0.793519 0.023958 0.061111
8 0.894792 0.601852 0.073958 0.090741
8 0.944271 0.618519 0.048958 0.111111
5 0.917188 0.665741 0.037500 0.053704
5 0.954948 0.655556 0.031771 0.044444
3 0.924740 0.652315 0.014063 0.034259
8 0.833594 0.405556 0.050521 0.101852
8 0.879167 0.409259 0.045833 0.094444
8 0.799740 0.318519 0.052604 0.087037
9 0.845313 0.338889 0.047917 0.061111
8 0.777865 0.243519 0.041146 0.074074
8 0.809115 0.243519 0.033854 0.077778
8 0.757292 0.191204 0.038542 0.065741
8 0.784896 0.193981 0.028125 0.056481
8 0.758594 0.146759 0.041146 0.056481
8 0.734115 0.109722 0.033854 0.056481
8 0.710938 0.080556 0.025000 0.040741
8 0.687240 0.072685 0.027604 0.056481
1 0.319792 0.031019 0.015625 0.028704
1 0.314063 0.056019 0.016667 0.034259
1 0.352865 0.051852 0.016146 0.037037
1 0.294792 0.091667 0.017708 0.038889
1 0.330469 0.081019 0.017188 0.036111
1 0.381771 0.092593 0.018750 0.035185
1 0.388021 0.046759 0.016667 0.030556
4 0.376563 0.122685 0.015625 0.019444
3 0.324740 0.130556 0.008854 0.012963
5 0.318490 0.130556 0.018229 0.018519
1 0.299219 0.133333 0.017188 0.044444
1 0.341667 0.131019 0.019792 0.041667
4 0.337240 0.181019 0.022396 0.021296
5 0.346615 0.187963 0.032813 0.025926
1 0.384896 0.152778 0.020833 0.038889
1 0.422917 0.018519 0.015625 0.029630
1 0.452865 0.018056 0.014063 0.026852
1 0.464323 0.043056 0.016146 0.034259
1 0.457292 0.068519 0.017708 0.037037
1 0.463021 0.121759 0.029167 0.019444
1 0.440365 0.134259 0.020313 0.044444
6 0.436719 0.180556 0.034896 0.027778
1 0.487240 0.013889 0.014063 0.025926
1 0.502865 0.042130 0.017188 0.034259
1 0.519792 0.028704 0.014583 0.029630
5 0.523438 0.056019 0.016667 0.015741
1 0.515365 0.093519 0.017188 0.031481
4 0.507292 0.122685 0.014583 0.019444
1 0.554167 0.031019 0.014583 0.030556
1 0.540365 0.081019 0.017188 0.034259
1 0.584896 0.043056 0.014583 0.034259
1 0.569792 0.055556 0.015625 0.033333
0 0.580990 0.068519 0.017188 0.037037
5 0.546094 0.130556 0.024479 0.020370
5 0.591667 0.140278 0.020833 0.019444
1 0.616146 0.054630 0.017708 0.035185
1 0.625521 0.105556 0.017708 0.037037
1 0.651563 0.079630 0.014583 0.029630
1 0.671615 0.118056 0.017188 0.030556
4 0.624740 0.140741 0.013021 0.018519
5 0.637240 0.143056 0.016146 0.023148
4 0.653646 0.104630 0.014583 0.014815
5 0.680469 0.155556 0.018229 0.018519
1 0.663542 0.168519 0.018750 0.037037
4 0.655990 0.201389 0.019271 0.023148
5 0.627865 0.202778 0.019271 0.022222
1 0.612240 0.156019 0.018229 0.037963
1 0.573438 0.143519 0.017708 0.044444
1 0.522396 0.130556 0.020833 0.044444
1 0.266146 0.181019 0.021875 0.045370
1 0.312500 0.195833 0.021875 0.043519
3 0.314063 0.256019 0.017708 0.013889
5 0.321615 0.256481 0.035937 0.031481
1 0.388542 0.206481 0.023958 0.044444
1 0.449740 0.206019 0.025521 0.043519
6 0.452344 0.255556 0.026562 0.035185
3 0.494792 0.256019 0.012500 0.023148
1 0.503125 0.218056 0.021875 0.039815
0 0.571615 0.188889 0.020313 0.048148
1 0.608594 0.204167 0.021354 0.047222
1 0.734115 0.351389 0.022396 0.047222
3 0.729167 0.393056 0.011458 0.025000
3 0.674740 0.381019 0.013021 0.026852
1 0.685417 0.293056 0.021875 0.056481
1 0.633594 0.281019 0.023438 0.052778
6 0.624740 0.356019 0.034896 0.026852
4 0.573438 0.355556 0.022917 0.031481
1 0.582292 0.305556 0.022917 0.050000
1 0.494792 0.331019 0.026042 0.063889
1 0.442188 0.281481 0.029167 0.055556
4 0.435417 0.366667 0.027083 0.027778
1 0.385417 0.260648 0.027083 0.056481
1 0.329167 0.281019 0.026042 0.060185
4 0.314063 0.368056 0.021875 0.028704
1 0.259115 0.281481 0.027604 0.055556
1 0.769792 0.437963 0.026042 0.062963
1 0.722917 0.430556 0.030208 0.068519
0 0.646615 0.393519 0.029687 0.070370
1 0.579167 0.418056 0.033333 0.069444
1 0.482292 0.393056 0.029167 0.065741
1 0.246094 0.518056 0.030729 0.069444
1 0.314844 0.517593 0.031771 0.077778
1 0.392188 0.530556 0.032292 0.068519
1 0.474740 0.543056 0.033854 0.075000
7 0.580990 0.631019 0.042188 0.075000
1 0.827865 0.593519 0.034896 0.087037
1 0.919792 0.580556 0.021875 0.055556
1 0.957292 0.593056 0.022917 0.054630
1 0.841667 0.379630 0.018750 0.048148
4 0.841667 0.443056 0.021875 0.021296
5 0.846094 0.459259 0.033854 0.018519
1 0.889844 0.393056 0.020313 0.049074
4 0.818490 0.355556 0.019271 0.025926
5 0.812240 0.367130 0.030729 0.025000
1 0.816667 0.305556 0.021875 0.044444
1 0.858594 0.333333 0.020313 0.044444
1 0.783594 0.231481 0.017188 0.044444
1 0.815365 0.229167 0.018229 0.043519
1 0.789844 0.190741 0.016146 0.035185
1 0.759115 0.173148 0.017188 0.031481
6 0.760417 0.215741 0.020833 0.018519
1 0.760938 0.140741 0.015625 0.035185
1 0.738542 0.099074 0.013542 0.031481
1 0.691667 0.064352 0.011458 0.028704
1 0.716667 0.070833 0.011458 0.030556
4 0.738542 0.131019 0.012500 0.015741
