1 0.020313 0.580556 0.023958 0.055556
1 0.042188 0.605556 0.066667 0.137037
3 0.124219 0.316204 0.013021 0.017593
5 0.117969 0.318056 0.026562 0.025000
1 0.147917 0.243056 0.019792 0.043519
8 0.157292 0.265278 0.048958 0.073148
1 0.154688 0.180556 0.017708 0.042593
0 0.199740 0.164815 0.019271 0.038889
8 0.159115 0.193519 0.035937 0.072222
4 0.176563 0.231019 0.011458 0.023148
5 0.192188 0.230556 0.032292 0.025926
1 0.197917 0.130556 0.014583 0.033333
1 0.201563 0.182407 0.040625 0.094444
1 0.251563 0.079167 0.018750 0.028704
3 0.251042 0.110648 0.012500 0.008333
5 0.254688 0.115278 0.028125 0.019444
9 0.259115 0.086111 0.040104 0.055556
9 0.329167 0.042593 0.023958 0.038889
8 0.317188 0.068519 0.031250 0.053704
8 0.296615 0.104630 0.036979 0.066667
8 0.327865 0.106019 0.036979 0.056481
8 0.351042 0.058333 0.033333 0.055556
8 0.377344 0.103704 0.043229 0.059259
8 0.388542 0.056019 0.038542 0.050926
8 0.419271 0.031019 0.035417 0.052778
8 0.451042 0.028704 0.028125 0.053704
8 0.426563 0.052315 0.033333 0.062037
8 0.463021 0.054630 0.038542 0.057407
8 0.462240 0.080556 0.042188 0.074074
8 0.486719 0.026852 0.032813 0.051852
8 0.501563 0.055556 0.035417 0.059259
8 0.521615 0.030556 0.026562 0.044444
9 0.507292 0.106019 0.048958 0.054630
8 0.543490 0.093056 0.035937 0.060185
8 0.549219 0.039352 0.034896 0.049074
8 0.569792 0.065741 0.035417 0.062963
8 0.587240 0.043056 0.023438 0.043519
8 0.583073 0.093519 0.036979 0.064815
8 0.612240 0.068056 0.036979 0.063889
9 0.621615 0.118519 0.048438 0.061111
9 0.668490 0.130556 0.047396 0.053704
8 0.651042 0.081481 0.036458 0.055556
8 0.652865 0.170833 0.050521 0.069444
8 0.609375 0.168056 0.037500 0.063889
8 0.564063 0.164815 0.050000 0.088889
8 0.513542 0.152778 0.056250 0.083333
8 0.439063 0.155556 0.062500 0.081481
8 0.384115 0.153704 0.040104 0.059259
8 0.344271 0.148148 0.043750 0.081481
8 0.296615 0.156019 0.046354 0.082407
9 0.254167 0.240278 0.061458 0.073148
8 0.314063 0.218056 0.055208 0.086111
9 0.388021 0.218056 0.066667 0.080556
9 0.454688 0.217593 0.061458 0.088889
8 0.505469 0.219907 0.047396 0.069444
8 0.566667 0.217130 0.044792 0.091667
8 0.602865 0.205556 0.043229 0.105556
5 0.518490 0.258333 0.039062 0.031481
5 0.555990 0.268981 0.023438 0.030556
5 0.583594 0.270833 0.036979 0.030556
5 0.618490 0.280556 0.036979 0.027778
3 0.594271 0.265741 0.018750 0.016667
3 0.599740 0.280556 0.011979 0.020370
9 0.734115 0.355556 0.060937 0.087037
8 0.677865 0.318519 0.049479 0.107407
8 0.630990 0.330556 0.055729 0.094444
8 0.574740 0.321759 0.057813 0.080556
5 0.584115 0.376852 0.046354 0.040741
9 0.501042 0.343056 0.068750 0.093519
8 0.444792 0.306019 0.066667 0.108333
8 0.390365 0.304630 0.054688 0.157407
5 0.377865 0.381019 0.028646 0.039815
8 0.329688 0.315741 0.062500 0.140741
5 0.324219 0.380556 0.048438 0.040741
8 0.269271 0.326389 0.061458 0.137963
6 0.262240 0.368056 0.044271 0.043519
9 0.216667 0.327315 0.059375 0.102778
1 0.210417 0.316204 0.026042 0.049074
6 0.213542 0.368056 0.038542 0.039815
8 0.485417 0.418519 0.077083 0.140741
5 0.485938 0.493519 0.053125 0.053704
8 0.571615 0.443519 0.070312 0.120370
5 0.585417 0.518056 0.055208 0.056481
8 0.640365 0.443519 0.073438 0.172222
6 0.654167 0.531019 0.054167 0.056481
8 0.710938 0.468519 0.071875 0.144444
6 0.722917 0.530556 0.046875 0.051852
8 0.763542 0.480556 0.054167 0.142593
8 0.797396 0.618056 0.095833 0.143519
5 0.809896 0.695833 0.048958 0.056481
8 0.576042 0.618519 0.105208 0.161111
6 0.585938 0.680556 0.068750 0.094444
8 0.476042 0.584722 0.070833 0.156481
6 0.485417 0.679167 0.066667 0.075000
8 0.399740 0.573148 0.077604 0.155556
5 0.393490 0.681481 0.064062 0.068519
8 0.318490 0.584259 0.080729 0.144444
5 0.314323 0.685185 0.063021 0.068519
8 0.254167 0.568056 0.066667 0.171296
5 0.237240 0.665278 0.057813 0.069444
3 0.504167 0.953241 0.027083 0.065741
8 0.949740 0.802315 0.081771 0.115741
3 0.965365 0.855556 0.011979 0.031481
5 0.967969 0.867130 0.029687 0.050926
1 0.977344 0.793056 0.027604 0.062037
8 0.894792 0.593056 0.073958 0.093519
8 0.937240 0.575926 0.036979 0.125926
5 0.917188 0.665741 0.037500 0.053704
5 0.954167 0.655556 0.031250 0.044444
3 0.924740 0.652315 0.014063 0.034259
8 0.833594 0.405556 0.050521 0.101852
8 0.879167 0.410648 0.042708 0.093519
8 0.802344 0.318519 0.052604 0.087037
9 0.845313 0.338889 0.047917 0.061111
8 0.778646 0.244907 0.041667 0.080556
8 0.810417 0.246759 0.038542 0.069444
8 0.754167 0.184259 0.038542 0.068519
8 0.783594 0.193519 0.028646 0.051852
8 0.755990 0.143519 0.038021 0.057407
8 0.734115 0.105556 0.032813 0.055556
8 0.710417 0.077778 0.025000 0.046296
8 0.688021 0.076389 0.028125 0.052778
1 0.919792 0.580556 0.022917 0.053704
1 0.945573 0.541204 0.021354 0.052778
8 0.196094 0.143056 0.035937 0.065741
1 0.322917 0.039352 0.012500 0.025000
1 0.314844 0.055556 0.015104 0.031481
1 0.352865 0.055093 0.014063 0.032407
1 0.324219 0.093056 0.017188 0.032407
1 0.304688 0.093056 0.014583 0.036111
1 0.387240 0.047685 0.016146 0.030556
1 0.380990 0.091667 0.019271 0.033333
2 0.424740 0.041204 0.017188 0.034259
1 0.421615 0.018056 0.014063 0.026852
1 0.452344 0.015741 0.013021 0.027778
1 0.463542 0.040741 0.014583 0.029630
1 0.457813 0.067593 0.016667 0.037037
1 0.489063 0.014815 0.013542 0.027778
1 0.501563 0.042593 0.015625 0.033333
1 0.518490 0.026852 0.013021 0.027778
5 0.463542 0.122222 0.029167 0.018519
5 0.522917 0.055556 0.017708 0.014815
1 0.516146 0.093056 0.017708 0.030556
1 0.554948 0.031019 0.013021 0.028704
1 0.544792 0.092130 0.015625 0.032407
5 0.544792 0.130556 0.023958 0.020370
1 0.572917 0.048611 0.014583 0.030556
1 0.582292 0.041204 0.013542 0.026852
1 0.585938 0.081019 0.016667 0.036111
1 0.617969 0.056019 0.017188 0.032407
5 0.591667 0.140278 0.021875 0.017593
1 0.626563 0.105556 0.016667 0.035185
1 0.652865 0.073611 0.014063 0.030556
1 0.671615 0.118056 0.017188 0.030556
4 0.626042 0.141204 0.012500 0.015741
5 0.679688 0.155556 0.018750 0.018519
5 0.637240 0.143056 0.017188 0.021296
1 0.657813 0.155556 0.017708 0.035185
4 0.655990 0.193981 0.017188 0.019444
1 0.612240 0.155556 0.018229 0.033333
1 0.574740 0.143519 0.018229 0.042593
1 0.521615 0.131019 0.021354 0.041667
1 0.437500 0.130556 0.021875 0.040741
6 0.438021 0.180556 0.035417 0.029630
1 0.384896 0.143519 0.019792 0.038889
1 0.336719 0.181019 0.017188 0.021296
5 0.352865 0.183333 0.021354 0.018519
1 0.343490 0.131481 0.018229 0.044444
1 0.299219 0.132407 0.016146 0.044444
6 0.291667 0.191667 0.029167 0.029630
1 0.251563 0.228241 0.021875 0.043519
1 0.260417 0.282407 0.028125 0.055556
1 0.314844 0.193056 0.021354 0.043519
0 0.329167 0.272222 0.027083 0.055556
1 0.389323 0.207407 0.022396 0.044444
1 0.446615 0.207407 0.023438 0.044444
6 0.453646 0.255556 0.028125 0.035185
1 0.503646 0.206481 0.021875 0.044444
4 0.493750 0.255556 0.015625 0.031481
0 0.572917 0.193056 0.020833 0.049074
0 0.603646 0.180556 0.017708 0.046296
1 0.735938 0.352778 0.020833 0.048148
3 0.729167 0.393519 0.013542 0.025926
1 0.687240 0.294907 0.023438 0.054630
6 0.685417 0.371759 0.029167 0.043519
3 0.674740 0.380556 0.014063 0.025926
1 0.638542 0.305556 0.023958 0.046296
6 0.624219 0.380093 0.032813 0.039815
4 0.573438 0.355556 0.023958 0.031481
1 0.582292 0.305556 0.023958 0.048148
1 0.496094 0.331019 0.026562 0.056481
2 0.444792 0.284259 0.034375 0.055556
2 0.395313 0.255556 0.029167 0.059259
3 0.442969 0.368056 0.017188 0.026852
5 0.440365 0.368981 0.027604 0.043519
1 0.488021 0.381481 0.031250 0.068519
1 0.574740 0.422222 0.035937 0.068519
0 0.649219 0.393519 0.029687 0.070370
1 0.718490 0.431481 0.029687 0.068519
1 0.768490 0.440741 0.026562 0.062963
1 0.821615 0.588889 0.032813 0.074074
1 0.578646 0.581019 0.034375 0.080556
1 0.472917 0.544907 0.033333 0.069444
1 0.398438 0.530556 0.031250 0.068519
1 0.312240 0.565278 0.033854 0.078704
1 0.246615 0.516667 0.030729 0.068519
1 0.843490 0.380093 0.020313 0.049074
4 0.841667 0.443056 0.022917 0.021296
1 0.887240 0.386111 0.019271 0.044444
1 0.859115 0.335185 0.019271 0.044444
1 0.816667 0.305093 0.021875 0.043519
4 0.818490 0.355556 0.019271 0.029630
5 0.811719 0.367130 0.029687 0.025000
1 0.819792 0.232407 0.017708 0.044444
1 0.783594 0.231019 0.017188 0.037963
1 0.760938 0.168056 0.015625 0.036111
1 0.787240 0.192130 0.016146 0.036111
1 0.757292 0.137963 0.016667 0.037037
0 0.737240 0.093056 0.013021 0.032407
4 0.737240 0.131019 0.010937 0.015741
1 0.710417 0.068056 0.013542 0.025000
1 0.691667 0.064815 0.011458 0.025926
4 0.691146 0.093519 0.010417 0.012963
6 0.760938 0.216204 0.017708 0.021296
