1 0.021615 0.593056 0.023438 0.052778
8 0.042448 0.606019 0.063021 0.132407
5 0.119271 0.307407 0.028125 0.031481
8 0.161719 0.250926 0.042188 0.098148
9 0.191146 0.206481 0.041667 0.044444
5 0.193490 0.230556 0.030729 0.024074
4 0.192448 0.168981 0.011979 0.019444
1 0.196615 0.130556 0.014063 0.033333
8 0.196615 0.143056 0.036979 0.063889
8 0.260417 0.089352 0.036458 0.049074
8 0.322917 0.042130 0.042708 0.043519
8 0.315365 0.068519 0.035937 0.057407
8 0.290625 0.105556 0.043750 0.062963
9 0.329167 0.106481 0.039583 0.044444
8 0.351042 0.064815 0.037500 0.061111
8 0.386719 0.059722 0.039062 0.056481
8 0.377865 0.104630 0.043229 0.064815
8 0.419792 0.028241 0.033333 0.052778
8 0.449740 0.031019 0.027604 0.049074
9 0.424740 0.056019 0.032813 0.047222
8 0.487240 0.031019 0.033854 0.058333
8 0.460417 0.082407 0.045833 0.081481
8 0.502865 0.055093 0.036979 0.067593
8 0.504167 0.088889 0.036458 0.072222
8 0.523698 0.031019 0.024479 0.047222
8 0.539844 0.089815 0.040104 0.077778
8 0.549219 0.039352 0.033854 0.049074
8 0.568490 0.065278 0.039062 0.063889
8 0.581771 0.105093 0.042708 0.065741
8 0.588021 0.043519 0.026042 0.051852
8 0.609896 0.070370 0.037500 0.055556
8 0.621615 0.116204 0.042188 0.065741
9 0.652344 0.088889 0.038021 0.048148
8 0.668490 0.129630 0.049479 0.053704
8 0.651823 0.176852 0.047396 0.062963
8 0.610417 0.168056 0.038542 0.062037
8 0.563542 0.164815 0.048958 0.088889
8 0.515365 0.146759 0.057813 0.080556
8 0.604688 0.230556 0.044792 0.077778
8 0.564063 0.218981 0.043750 0.080556
8 0.506771 0.220833 0.048958 0.069444
9 0.454688 0.216204 0.059375 0.084259
9 0.387500 0.218519 0.068750 0.083333
8 0.441146 0.156019 0.063542 0.080556
8 0.388542 0.155556 0.041667 0.055556
8 0.344271 0.155556 0.051042 0.075926
8 0.294271 0.155556 0.048958 0.072222
9 0.217188 0.328704 0.066667 0.101852
8 0.252344 0.231481 0.043229 0.072222
8 0.274740 0.281019 0.053646 0.137963
8 0.310417 0.218056 0.055208 0.093519
8 0.339323 0.285185 0.055729 0.142593
8 0.385417 0.317130 0.063542 0.136111
8 0.443490 0.317593 0.058854 0.127778
9 0.501042 0.344907 0.069792 0.093519
8 0.574740 0.323148 0.059896 0.081481
9 0.629948 0.341204 0.056771 0.076852
8 0.683594 0.341204 0.058854 0.084259
9 0.732292 0.356944 0.058333 0.087963
8 0.767188 0.490278 0.058333 0.136111
8 0.706771 0.467593 0.070833 0.151852
8 0.638542 0.448611 0.070833 0.169444
8 0.574740 0.443056 0.073438 0.115741
8 0.489844 0.422685 0.082812 0.119444
5 0.486198 0.493519 0.053646 0.053704
5 0.586198 0.518519 0.053646 0.055556
6 0.652865 0.529167 0.054688 0.056481
6 0.724740 0.530556 0.045312 0.053704
6 0.801042 0.696759 0.051042 0.069444
8 0.797917 0.629167 0.093750 0.154630
8 0.579167 0.628241 0.093750 0.182407
6 0.589323 0.680556 0.065104 0.070370
8 0.477865 0.583333 0.071354 0.144444
5 0.478646 0.681019 0.065625 0.075000
5 0.394271 0.687963 0.063542 0.075926
8 0.399740 0.582407 0.078646 0.144444
5 0.313542 0.685185 0.061458 0.068519
5 0.236719 0.661111 0.057813 0.068519
8 0.253125 0.573148 0.068750 0.155556
8 0.318490 0.568056 0.079687 0.182407
1 0.209115 0.316667 0.023438 0.046296
6 0.213542 0.367593 0.039583 0.037037
5 0.265625 0.368056 0.043750 0.037963
5 0.322917 0.380093 0.047917 0.039815
5 0.376563 0.380556 0.026042 0.033333
3 0.504167 0.953241 0.029167 0.065741
4 0.963021 0.855556 0.018750 0.040741
5 0.966667 0.856944 0.031250 0.063889
8 0.952865 0.808333 0.081771 0.105556
8 0.901042 0.616204 0.066667 0.141667
8 0.947917 0.618519 0.045833 0.120370
6 0.919792 0.668519 0.032292 0.046296
3 0.924740 0.656019 0.014063 0.032407
5 0.955469 0.655556 0.029687 0.040741
8 0.833073 0.403704 0.049479 0.092593
8 0.877865 0.410185 0.042188 0.105556
8 0.801042 0.318056 0.051042 0.089815
9 0.833594 0.330556 0.029687 0.057407
8 0.815365 0.255556 0.040104 0.074074
8 0.779167 0.248611 0.042708 0.080556
8 0.757292 0.185185 0.042708 0.068519
8 0.785417 0.198611 0.027083 0.056481
9 0.758594 0.153241 0.039062 0.052778
8 0.734115 0.106019 0.033854 0.054630
8 0.712240 0.081019 0.027604 0.043519
8 0.687240 0.072222 0.027604 0.044444
1 0.154167 0.226852 0.019792 0.050000
1 0.179688 0.206019 0.018750 0.036111
4 0.249740 0.105556 0.013021 0.020370
5 0.254948 0.113426 0.028646 0.019444
1 0.254688 0.081019 0.016667 0.030556
1 0.322396 0.031944 0.014583 0.026852
1 0.317969 0.056019 0.016146 0.030556
1 0.293490 0.093056 0.016146 0.037963
1 0.324740 0.106019 0.017188 0.032407
1 0.352344 0.051852 0.015104 0.035185
1 0.383594 0.050000 0.015104 0.031481
4 0.322917 0.129630 0.014583 0.022222
4 0.376563 0.125463 0.014583 0.019444
1 0.380990 0.090741 0.018229 0.033333
1 0.418490 0.018056 0.013021 0.030556
1 0.419792 0.055556 0.017708 0.027778
1 0.449740 0.019444 0.014063 0.025926
0 0.463021 0.065278 0.017708 0.037963
0 0.504167 0.068519 0.016667 0.029630
1 0.505990 0.037963 0.015104 0.031481
1 0.496094 0.018519 0.017188 0.029630
5 0.463542 0.123148 0.028125 0.020370
5 0.544792 0.130556 0.023958 0.020370
0 0.540365 0.068519 0.017188 0.035185
1 0.519271 0.022222 0.013542 0.031481
1 0.554167 0.030556 0.011458 0.029630
0 0.574219 0.050463 0.014063 0.030556
1 0.585938 0.091204 0.017708 0.034259
1 0.584115 0.035648 0.015104 0.030556
1 0.616667 0.062037 0.018750 0.031481
1 0.627344 0.102778 0.017188 0.037037
5 0.591667 0.141667 0.022917 0.020370
1 0.655469 0.081019 0.016146 0.030556
1 0.671615 0.118056 0.017188 0.034259
1 0.624740 0.141204 0.014063 0.017593
5 0.636719 0.143519 0.017188 0.024074
5 0.679688 0.156019 0.019792 0.019444
1 0.663542 0.163889 0.020833 0.035185
4 0.658073 0.202778 0.018229 0.024074
1 0.614844 0.156019 0.017188 0.036111
1 0.574740 0.143519 0.018229 0.042593
1 0.519792 0.130556 0.021875 0.044444
1 0.442969 0.135185 0.020313 0.044444
6 0.433594 0.182407 0.029687 0.025926
1 0.383594 0.146759 0.020313 0.037963
1 0.346615 0.141204 0.020313 0.043519
4 0.338542 0.181019 0.021875 0.021296
1 0.291667 0.143056 0.017708 0.039815
6 0.294271 0.188889 0.026042 0.025926
5 0.347917 0.188426 0.032292 0.023148
1 0.251563 0.219907 0.020833 0.041667
4 0.250000 0.267130 0.015625 0.030556
1 0.312240 0.193056 0.021354 0.045370
3 0.315365 0.256019 0.018229 0.015741
5 0.317188 0.261111 0.022917 0.031481
1 0.385417 0.211111 0.023958 0.044444
1 0.449740 0.204630 0.023438 0.044444
1 0.452865 0.256019 0.028646 0.036111
1 0.508073 0.210185 0.021354 0.044444
1 0.570573 0.205556 0.022396 0.044444
1 0.611719 0.215278 0.024479 0.045370
4 0.493490 0.256019 0.016146 0.032407
5 0.518490 0.260185 0.040104 0.031481
5 0.555469 0.272685 0.023438 0.030556
5 0.582292 0.275000 0.037500 0.031481
3 0.599740 0.281019 0.013021 0.021296
3 0.588542 0.264352 0.019792 0.015741
5 0.619792 0.280556 0.038542 0.035185
1 0.734896 0.351852 0.023958 0.050000
1 0.699219 0.329630 0.023438 0.050000
4 0.688542 0.378241 0.020833 0.034259
3 0.729167 0.393056 0.012500 0.026852
1 0.632292 0.328704 0.022917 0.046296
6 0.629167 0.376389 0.040625 0.039815
3 0.574219 0.366204 0.023438 0.019444
5 0.584115 0.375000 0.045312 0.044444
1 0.584115 0.306019 0.025521 0.049074
1 0.495573 0.332407 0.028646 0.059259
1 0.444271 0.283796 0.029167 0.063889
4 0.439844 0.368056 0.023438 0.025000
2 0.395313 0.275463 0.031250 0.056481
3 0.318490 0.368981 0.014063 0.026852
1 0.334896 0.244907 0.023958 0.058333
0 0.274740 0.243981 0.021354 0.058333
1 0.479167 0.411574 0.032292 0.058333
1 0.584115 0.427778 0.034896 0.072222
1 0.651563 0.404630 0.032292 0.068519
0 0.718490 0.428241 0.031771 0.073148
1 0.774219 0.454167 0.026562 0.060185
0 0.827865 0.591204 0.033854 0.080556
1 0.587240 0.570370 0.032813 0.072222
1 0.471615 0.552315 0.032813 0.075000
1 0.390365 0.549074 0.032813 0.068519
1 0.314063 0.529167 0.032292 0.078704
1 0.244792 0.531944 0.034375 0.067593
1 0.980990 0.814352 0.024479 0.062037
1 0.921615 0.575000 0.023438 0.055556
1 0.959375 0.588426 0.018750 0.056481
4 0.840365 0.439815 0.019271 0.020370
1 0.842969 0.380556 0.020313 0.044444
1 0.886198 0.382407 0.019271 0.048148
5 0.843490 0.457870 0.033854 0.026852
5 0.810417 0.367593 0.025000 0.020370
4 0.818490 0.355556 0.018229 0.027778
1 0.836719 0.336574 0.020313 0.043519
1 0.815365 0.318056 0.022396 0.049074
1 0.824740 0.239352 0.019271 0.039815
1 0.784115 0.231481 0.018229 0.040741
1 0.788542 0.193519 0.017708 0.037037
1 0.764323 0.169444 0.018229 0.038889
6 0.760417 0.214815 0.017708 0.020370
1 0.763021 0.143056 0.016667 0.030556
1 0.735938 0.098148 0.013542 0.031481
4 0.737240 0.131019 0.013021 0.017593
1 0.719792 0.074074 0.013542 0.029630
1 0.690365 0.064352 0.013021 0.025000
