1 0.018490 0.572685 0.029687 0.056481
8 0.038542 0.604630 0.070833 0.140741
1 0.153646 0.231019 0.017708 0.041667
8 0.157292 0.255556 0.046875 0.090741
4 0.177344 0.231019 0.010937 0.025000
5 0.192188 0.230556 0.030208 0.024074
1 0.154688 0.202778 0.015625 0.029630
9 0.159375 0.206019 0.031250 0.050926
1 0.182292 0.193056 0.016667 0.036111
8 0.191667 0.206019 0.039583 0.060185
4 0.191667 0.168056 0.010417 0.019444
0 0.197917 0.122222 0.014583 0.031481
8 0.196615 0.143519 0.035937 0.068519
3 0.249740 0.113889 0.011979 0.012963
5 0.254688 0.114815 0.028125 0.014815
1 0.251563 0.078704 0.015625 0.029630
9 0.259896 0.081481 0.035417 0.044444
1 0.321615 0.034722 0.014063 0.019444
8 0.315365 0.068519 0.034896 0.055556
8 0.288542 0.105556 0.040625 0.061111
8 0.377865 0.102315 0.045312 0.060185
8 0.350521 0.060185 0.035417 0.055556
8 0.294792 0.156019 0.044792 0.078704
8 0.342448 0.145833 0.049479 0.080556
9 0.384896 0.155556 0.038542 0.051852
8 0.440365 0.154630 0.064062 0.077778
8 0.387240 0.055556 0.040104 0.055556
9 0.424219 0.056019 0.032813 0.047222
8 0.420573 0.028241 0.033854 0.052778
8 0.449740 0.031019 0.028646 0.050926
8 0.460938 0.056019 0.039583 0.060185
8 0.459115 0.087037 0.041146 0.068519
8 0.501042 0.056019 0.035417 0.067593
8 0.485417 0.027315 0.029167 0.052778
8 0.495573 0.093056 0.038021 0.060185
8 0.521615 0.031019 0.028646 0.041667
8 0.539844 0.095833 0.039062 0.056481
9 0.546615 0.043519 0.031771 0.037037
9 0.584115 0.043981 0.030729 0.043519
8 0.609115 0.068519 0.033854 0.064815
9 0.621875 0.117593 0.046875 0.061111
9 0.668750 0.129630 0.046875 0.050000
8 0.651563 0.081019 0.037500 0.050926
8 0.651823 0.179630 0.049479 0.055556
8 0.610417 0.165278 0.038542 0.069444
8 0.563542 0.164815 0.048958 0.085185
8 0.515365 0.143056 0.057813 0.080556
8 0.252344 0.231019 0.045312 0.073148
8 0.307292 0.218519 0.059375 0.087037
9 0.387240 0.218519 0.068229 0.079630
9 0.453646 0.218519 0.060417 0.083333
8 0.504167 0.215278 0.048958 0.086111
8 0.565365 0.218519 0.045312 0.077778
8 0.604167 0.230556 0.044792 0.077778
9 0.734115 0.355556 0.057813 0.087037
8 0.682292 0.341204 0.055208 0.095370
9 0.629167 0.337963 0.055208 0.075926
8 0.573438 0.318519 0.059375 0.087037
9 0.501042 0.343056 0.067708 0.091667
8 0.441667 0.318056 0.058333 0.123148
8 0.384115 0.306019 0.059896 0.145370
8 0.332813 0.293056 0.056250 0.115741
5 0.377344 0.380556 0.025521 0.037037
5 0.324219 0.380556 0.047396 0.038889
8 0.272396 0.293519 0.056250 0.150000
9 0.214844 0.327315 0.060937 0.100926
6 0.213542 0.366667 0.039583 0.038889
1 0.210417 0.308333 0.023958 0.044444
8 0.484115 0.431019 0.073438 0.119444
8 0.569792 0.443519 0.070833 0.118519
8 0.638542 0.443519 0.073958 0.175926
1 0.720573 0.427778 0.028646 0.072222
8 0.705990 0.466204 0.072396 0.152778
8 0.766146 0.478704 0.057292 0.146296
8 0.800521 0.643056 0.094792 0.149074
8 0.579167 0.628704 0.090625 0.179630
8 0.475521 0.580556 0.082292 0.188889
8 0.398438 0.575926 0.078125 0.161111
8 0.311719 0.568519 0.072396 0.172222
8 0.249740 0.559259 0.069271 0.181481
5 0.585417 0.518056 0.055208 0.056481
6 0.652865 0.527778 0.054688 0.057407
6 0.589063 0.681019 0.065625 0.067593
6 0.485938 0.679167 0.066667 0.078704
5 0.393490 0.681481 0.063021 0.068519
5 0.313542 0.683333 0.061458 0.068519
5 0.237240 0.664815 0.056771 0.064815
3 0.504167 0.953241 0.026042 0.060185
4 0.962240 0.855556 0.018229 0.038889
5 0.967448 0.856019 0.031771 0.065741
1 0.982292 0.805556 0.026042 0.061111
8 0.952865 0.806019 0.080729 0.106481
8 0.944271 0.618056 0.052083 0.119444
8 0.894271 0.601852 0.077083 0.090741
5 0.917188 0.665278 0.035417 0.050926
5 0.954948 0.655556 0.030729 0.040741
3 0.924740 0.649537 0.014063 0.030556
8 0.830990 0.402778 0.052604 0.105556
8 0.878646 0.405556 0.043750 0.105556
8 0.801042 0.318056 0.051042 0.087963
9 0.842448 0.330093 0.050521 0.069444
8 0.779167 0.243519 0.041667 0.075926
8 0.814844 0.255093 0.041146 0.073148
8 0.755990 0.185648 0.039062 0.069444
8 0.783594 0.197685 0.028646 0.056481
9 0.758594 0.154167 0.039062 0.054630
8 0.734896 0.105556 0.033333 0.050000
8 0.687240 0.076389 0.029687 0.049074
8 0.710417 0.080556 0.025000 0.040741
5 0.117969 0.306019 0.025521 0.028704
9 0.327865 0.106481 0.035937 0.044444
8 0.580990 0.100463 0.035937 0.062037
8 0.569792 0.058796 0.039583 0.069444
1 0.315365 0.055556 0.014063 0.027778
1 0.293490 0.093519 0.015104 0.035185
1 0.324740 0.105556 0.017188 0.033333
4 0.324740 0.130093 0.011979 0.023148
1 0.352865 0.051389 0.016146 0.036111
1 0.382292 0.085648 0.017708 0.030556
4 0.379167 0.124537 0.015625 0.019444
1 0.386719 0.047685 0.017188 0.030556
1 0.293490 0.139352 0.018229 0.039815
4 0.338542 0.181019 0.019792 0.021296
5 0.346615 0.185648 0.032813 0.019444
4 0.294792 0.186111 0.016667 0.018519
1 0.342969 0.130556 0.018229 0.044444
1 0.385417 0.151389 0.019792 0.036111
1 0.416667 0.055556 0.017708 0.029630
1 0.421615 0.016204 0.014063 0.028704
1 0.451042 0.018519 0.013542 0.027778
1 0.465365 0.042593 0.018229 0.031481
1 0.488021 0.014352 0.014583 0.026852
1 0.501563 0.041667 0.016667 0.035185
1 0.519271 0.024537 0.012500 0.030556
1 0.459115 0.068519 0.016146 0.033333
2 0.488542 0.079630 0.016667 0.031481
5 0.463542 0.123148 0.029167 0.018519
1 0.554948 0.039352 0.013021 0.026852
1 0.543490 0.092130 0.016146 0.032407
5 0.544792 0.130556 0.023958 0.018519
0 0.569792 0.043056 0.014583 0.034259
1 0.584115 0.085185 0.017188 0.031481
1 0.616146 0.053704 0.016667 0.031481
1 0.519792 0.131019 0.019792 0.047222
1 0.574740 0.143519 0.017188 0.040741
1 0.612240 0.144907 0.018229 0.037963
1 0.626042 0.106019 0.017708 0.037963
5 0.591667 0.140278 0.022917 0.021296
1 0.648438 0.074537 0.016667 0.030556
4 0.624740 0.141204 0.011979 0.019444
1 0.671094 0.118056 0.017188 0.032407
4 0.656771 0.198611 0.020833 0.019444
1 0.665365 0.168056 0.019271 0.034259
5 0.629167 0.203704 0.020833 0.024074
1 0.609115 0.217130 0.022396 0.043519
1 0.576042 0.205556 0.021875 0.042593
3 0.588021 0.262037 0.019792 0.018519
3 0.601042 0.280556 0.012500 0.020370
5 0.555990 0.272222 0.023438 0.031481
5 0.582292 0.275000 0.038542 0.031481
5 0.619792 0.281019 0.038542 0.034259
1 0.505990 0.193056 0.020313 0.045370
4 0.493490 0.254630 0.017188 0.033333
5 0.519271 0.258333 0.040625 0.031481
6 0.452865 0.255556 0.029687 0.037037
1 0.451042 0.205556 0.025000 0.048148
1 0.388542 0.211111 0.023958 0.044444
1 0.313021 0.196759 0.020833 0.043519
1 0.251563 0.218519 0.021875 0.042593
4 0.249740 0.266667 0.017188 0.027778
6 0.263542 0.368519 0.044792 0.048148
0 0.269271 0.248148 0.021875 0.055556
1 0.325521 0.268056 0.025000 0.060185
3 0.318490 0.368519 0.014063 0.025926
1 0.392969 0.268056 0.026562 0.060185
4 0.394271 0.367593 0.030208 0.027778
6 0.440365 0.369907 0.025521 0.037963
2 0.434115 0.287963 0.029687 0.055556
1 0.493490 0.334722 0.025521 0.056481
1 0.580990 0.303704 0.020313 0.048148
4 0.573438 0.355556 0.025000 0.033333
5 0.583594 0.373611 0.045312 0.043519
1 0.638542 0.325926 0.023958 0.048148
6 0.621615 0.377778 0.034896 0.046296
4 0.688021 0.380556 0.020833 0.029630
1 0.697396 0.318056 0.022917 0.054630
1 0.734375 0.355556 0.021875 0.050000
1 0.768490 0.438426 0.025521 0.063889
1 0.724219 0.531019 0.045312 0.052778
0 0.647396 0.393519 0.029167 0.074074
1 0.571615 0.417130 0.033854 0.065741
1 0.487500 0.405556 0.031250 0.059259
5 0.486719 0.493519 0.054688 0.053704
0 0.244792 0.506019 0.028125 0.075000
0 0.321615 0.529630 0.036979 0.083333
1 0.393490 0.531019 0.031771 0.069444
0 0.472917 0.530556 0.036458 0.081481
1 0.588542 0.574074 0.038542 0.068519
1 0.819792 0.607407 0.035417 0.068519
5 0.802865 0.697685 0.048438 0.056481
1 0.918490 0.582407 0.021354 0.055556
1 0.959115 0.592593 0.021354 0.050000
4 0.841146 0.442593 0.021875 0.022222
0 0.882292 0.380556 0.018750 0.048148
1 0.841667 0.377778 0.022917 0.046296
5 0.844792 0.456481 0.032292 0.025926
4 0.818490 0.355556 0.020313 0.027778
5 0.812240 0.368519 0.029687 0.022222
1 0.854688 0.322222 0.022917 0.044444
1 0.816146 0.305093 0.019792 0.043519
1 0.824740 0.239815 0.020313 0.040741
1 0.782813 0.231019 0.018750 0.039815
1 0.762500 0.172685 0.015625 0.030556
1 0.787240 0.193519 0.017188 0.033333
6 0.761719 0.216204 0.016146 0.021296
1 0.762240 0.143056 0.017188 0.032407
1 0.738542 0.099537 0.014583 0.030556
1 0.692448 0.065278 0.013021 0.025000
1 0.715365 0.069907 0.013021 0.025000
4 0.689844 0.093519 0.011979 0.014815
4 0.738542 0.130556 0.011458 0.014815
