1 0.017188 0.576852 0.030208 0.061111
8 0.037240 0.602778 0.073438 0.142593
1 0.153646 0.231019 0.017708 0.041667
8 0.157292 0.250000 0.045833 0.094444
4 0.177344 0.231019 0.010937 0.025000
5 0.192188 0.230556 0.030208 0.024074
9 0.159115 0.206019 0.031771 0.047222
1 0.182292 0.193056 0.016667 0.036111
8 0.191667 0.206019 0.039583 0.060185
4 0.192188 0.172222 0.010417 0.018519
1 0.196615 0.130556 0.014063 0.031481
8 0.196615 0.146759 0.035937 0.069444
3 0.249740 0.114352 0.010937 0.012037
5 0.254688 0.114815 0.028125 0.014815
1 0.251563 0.078704 0.015625 0.029630
9 0.259115 0.087963 0.036979 0.050000
1 0.330990 0.018056 0.014063 0.028704
8 0.315365 0.068519 0.034896 0.055556
8 0.288542 0.105556 0.040625 0.061111
8 0.377865 0.103241 0.045312 0.060185
8 0.351042 0.061574 0.035417 0.056481
8 0.293750 0.155556 0.046875 0.087037
8 0.343490 0.154630 0.049479 0.077778
8 0.390365 0.143519 0.045312 0.072222
8 0.441667 0.155556 0.063542 0.077778
8 0.391667 0.055556 0.036458 0.064815
9 0.426563 0.055556 0.033333 0.050000
8 0.420573 0.028241 0.033854 0.052778
8 0.450000 0.030556 0.028125 0.050000
8 0.461719 0.055556 0.038021 0.057407
8 0.461719 0.084722 0.050521 0.069444
8 0.497917 0.052778 0.035417 0.064815
8 0.486719 0.026852 0.029687 0.051852
8 0.505469 0.092593 0.038021 0.062963
8 0.521094 0.031019 0.028646 0.041667
8 0.540365 0.095833 0.039062 0.056481
8 0.548438 0.040278 0.033333 0.045370
8 0.586719 0.043056 0.028646 0.045370
8 0.609375 0.068056 0.034375 0.060185
8 0.622396 0.113889 0.046875 0.061111
9 0.667188 0.130556 0.046875 0.050000
9 0.653646 0.089352 0.034375 0.049074
8 0.651563 0.173611 0.048958 0.056481
8 0.610938 0.165278 0.038542 0.069444
8 0.563542 0.164815 0.048958 0.085185
8 0.515365 0.143056 0.057813 0.080556
8 0.251563 0.231944 0.043750 0.069444
8 0.309115 0.218056 0.057813 0.095370
9 0.387240 0.218519 0.068229 0.079630
9 0.454688 0.218519 0.060417 0.083333
8 0.505469 0.218981 0.047396 0.075000
8 0.565365 0.218519 0.048438 0.109259
8 0.604167 0.230556 0.044792 0.077778
9 0.732292 0.355556 0.058333 0.081481
8 0.680990 0.334722 0.053646 0.080556
9 0.629948 0.341204 0.056771 0.078704
8 0.574740 0.319907 0.058854 0.080556
9 0.501042 0.343056 0.067708 0.091667
8 0.440365 0.318056 0.060937 0.125000
8 0.384115 0.305556 0.059896 0.144444
8 0.338021 0.281019 0.055208 0.136111
5 0.377344 0.380556 0.025521 0.037037
5 0.324219 0.380556 0.047396 0.038889
8 0.274740 0.281019 0.056771 0.136111
9 0.215365 0.326852 0.065104 0.100000
6 0.213542 0.366667 0.039583 0.038889
1 0.210938 0.317130 0.023958 0.045370
8 0.484115 0.418056 0.073438 0.134259
8 0.569792 0.443519 0.070833 0.118519
8 0.638542 0.443056 0.073958 0.169444
0 0.718490 0.421759 0.028646 0.069444
8 0.707292 0.462963 0.070833 0.155556
8 0.767188 0.481019 0.056250 0.150926
8 0.789323 0.626852 0.081771 0.103704
8 0.579167 0.628704 0.090625 0.179630
8 0.480469 0.579630 0.080729 0.170370
8 0.398438 0.589352 0.078125 0.137963
8 0.317188 0.581019 0.079167 0.160185
8 0.252344 0.568519 0.067187 0.168519
5 0.585417 0.518056 0.055208 0.056481
6 0.652865 0.527778 0.054688 0.057407
6 0.589063 0.681019 0.065625 0.067593
6 0.478646 0.673148 0.067708 0.081481
5 0.393490 0.680556 0.063021 0.068519
5 0.313542 0.684722 0.061458 0.069444
5 0.236719 0.664352 0.057813 0.065741
3 0.504167 0.953241 0.026042 0.060185
4 0.962240 0.855556 0.018229 0.038889
5 0.966667 0.856481 0.032292 0.068519
1 0.982292 0.810648 0.026042 0.056481
8 0.953646 0.806019 0.083333 0.110185
8 0.946094 0.618056 0.049479 0.119444
8 0.894271 0.601852 0.077083 0.090741
5 0.917188 0.665278 0.035417 0.050926
5 0.955469 0.655556 0.030729 0.040741
3 0.924740 0.650000 0.014063 0.031481
8 0.832292 0.403241 0.052083 0.100926
8 0.877344 0.405556 0.041146 0.101852
8 0.804167 0.318056 0.051042 0.087963
9 0.834115 0.329167 0.035937 0.075000
8 0.779167 0.243519 0.041667 0.075926
8 0.814844 0.255093 0.041146 0.073148
8 0.755990 0.190741 0.039062 0.068519
8 0.783594 0.201389 0.029687 0.052778
9 0.758594 0.154167 0.039062 0.054630
8 0.734115 0.110648 0.032813 0.056481
8 0.687240 0.071296 0.032813 0.055556
8 0.709896 0.076389 0.021875 0.050926
5 0.118490 0.305556 0.025521 0.027778
9 0.327865 0.107407 0.035937 0.044444
8 0.580990 0.101852 0.039062 0.062963
8 0.568490 0.068519 0.040104 0.055556
8 0.329688 0.030556 0.030208 0.051852
5 0.265365 0.368056 0.043229 0.037963
1 0.315365 0.055556 0.015104 0.027778
1 0.294792 0.093519 0.014583 0.035185
1 0.324740 0.105556 0.017188 0.033333
4 0.324219 0.129630 0.013021 0.020370
1 0.355990 0.050000 0.014063 0.031481
1 0.382292 0.089815 0.017708 0.029630
2 0.398438 0.041204 0.017708 0.032407
1 0.419792 0.018056 0.013542 0.028704
1 0.421615 0.048611 0.017188 0.030556
1 0.450521 0.018056 0.014583 0.026852
1 0.459896 0.068519 0.016667 0.031481
1 0.465365 0.042130 0.015104 0.030556
0 0.488542 0.010185 0.014583 0.018519
1 0.496615 0.036111 0.016146 0.031481
5 0.463021 0.122685 0.028125 0.019444
2 0.513542 0.074074 0.017708 0.031481
1 0.519271 0.028241 0.013542 0.026852
1 0.543490 0.087037 0.015104 0.031481
5 0.544792 0.130556 0.023958 0.018519
1 0.554688 0.031019 0.012500 0.026852
1 0.584115 0.039815 0.013021 0.029630
1 0.569792 0.056019 0.015625 0.030556
1 0.584115 0.086111 0.016146 0.031481
1 0.615365 0.056019 0.015104 0.030556
1 0.630469 0.101389 0.016146 0.036111
1 0.627865 0.141667 0.010937 0.014815
5 0.591667 0.140278 0.020833 0.019444
5 0.636719 0.143056 0.015104 0.021296
1 0.657292 0.080556 0.014583 0.029630
1 0.671615 0.118056 0.016146 0.028704
5 0.680469 0.155556 0.018229 0.020370
1 0.664844 0.163889 0.019271 0.035185
3 0.660417 0.204167 0.014583 0.017593
1 0.614844 0.150926 0.019271 0.038889
1 0.574740 0.143519 0.018229 0.040741
1 0.519792 0.131019 0.020833 0.047222
1 0.443490 0.137500 0.019271 0.043519
6 0.434115 0.181019 0.025521 0.021296
0 0.382292 0.131019 0.018750 0.043519
4 0.338542 0.180556 0.019792 0.020370
0 0.294271 0.135185 0.017708 0.044444
1 0.345313 0.137037 0.019792 0.044444
5 0.354167 0.183333 0.019792 0.018519
1 0.251563 0.218056 0.020833 0.041667
4 0.250000 0.266204 0.015625 0.028704
1 0.311719 0.193056 0.022396 0.045370
3 0.315365 0.255556 0.017188 0.016667
1 0.390365 0.209722 0.020313 0.043519
1 0.451823 0.206481 0.022396 0.044444
6 0.452865 0.256019 0.028646 0.036111
1 0.505990 0.205556 0.021354 0.040741
4 0.492969 0.256019 0.017188 0.028704
5 0.519271 0.259722 0.038542 0.030556
0 0.566667 0.189352 0.020833 0.047222
5 0.555990 0.272222 0.023438 0.031481
6 0.583073 0.272222 0.036979 0.031481
3 0.588021 0.262037 0.019792 0.018519
3 0.600521 0.281019 0.011458 0.021296
1 0.609896 0.211574 0.022917 0.043519
5 0.619271 0.280093 0.037500 0.032407
1 0.734896 0.350926 0.021875 0.048148
3 0.729948 0.393056 0.009896 0.023148
1 0.693490 0.328241 0.021354 0.047222
4 0.685417 0.374074 0.021875 0.031481
4 0.574740 0.356019 0.022396 0.030556
6 0.622917 0.379167 0.038542 0.045370
1 0.637240 0.327778 0.023438 0.046296
1 0.584115 0.306019 0.023438 0.047222
5 0.584115 0.373611 0.045312 0.043519
1 0.494792 0.335185 0.026042 0.055556
2 0.437240 0.286574 0.030729 0.056481
6 0.441146 0.372222 0.026042 0.044444
4 0.392188 0.368056 0.030208 0.023148
1 0.390365 0.268056 0.027604 0.058333
3 0.318490 0.368519 0.011979 0.025926
1 0.335417 0.243056 0.023958 0.058333
0 0.275521 0.243519 0.025000 0.057407
1 0.484115 0.389815 0.028646 0.066667
5 0.487240 0.493519 0.052604 0.053704
1 0.572917 0.426852 0.033333 0.061111
1 0.649740 0.402778 0.031771 0.070370
1 0.769792 0.438889 0.026042 0.062963
6 0.724219 0.530556 0.045312 0.051852
5 0.802344 0.697222 0.051562 0.068519
1 0.588542 0.578241 0.032292 0.067593
0 0.486198 0.531019 0.033854 0.075000
1 0.389323 0.555556 0.038021 0.074074
1 0.314063 0.555556 0.033333 0.077778
1 0.246094 0.518519 0.033854 0.068519
1 0.921615 0.585648 0.020313 0.056481
1 0.882292 0.381019 0.017708 0.047222
1 0.841667 0.378704 0.019792 0.046296
4 0.840365 0.441667 0.021354 0.022222
5 0.844792 0.456481 0.032292 0.025926
5 0.835938 0.310185 0.018750 0.044444
5 0.818490 0.309259 0.021354 0.044444
4 0.818490 0.356019 0.018229 0.026852
5 0.812240 0.368519 0.028646 0.020370
1 0.824740 0.240278 0.020313 0.039815
1 0.784115 0.231019 0.018229 0.037963
1 0.789844 0.193056 0.016146 0.036111
1 0.763542 0.172685 0.016667 0.030556
6 0.760417 0.216667 0.019792 0.022222
1 0.763021 0.143056 0.016667 0.032407
1 0.738021 0.098611 0.013542 0.030556
4 0.738021 0.130556 0.012500 0.018519
4 0.689063 0.093056 0.012500 0.013889
4 0.713542 0.064352 0.012500 0.025000
2 0.690365 0.060648 0.013021 0.030556
