1 0.018490 0.568519 0.024479 0.051852
8 0.038542 0.602778 0.065625 0.142593
3 0.123438 0.316204 0.011458 0.017593
5 0.117969 0.317593 0.023438 0.022222
1 0.148438 0.241204 0.017708 0.041667
8 0.156771 0.255556 0.048958 0.081481
4 0.177344 0.231019 0.010937 0.025000
5 0.192188 0.230556 0.030208 0.024074
1 0.154688 0.202778 0.015625 0.029630
8 0.159896 0.209722 0.030208 0.056481
1 0.182292 0.193056 0.016667 0.036111
8 0.193490 0.206019 0.040104 0.060185
4 0.191667 0.169907 0.010417 0.019444
1 0.201042 0.130556 0.014583 0.031481
8 0.196094 0.143056 0.035937 0.069444
3 0.249740 0.113426 0.010937 0.012037
5 0.254167 0.115741 0.028125 0.014815
1 0.251563 0.078704 0.015625 0.029630
9 0.259896 0.084259 0.035417 0.044444
1 0.321615 0.030556 0.014063 0.022222
8 0.315365 0.068519 0.034896 0.055556
8 0.288542 0.105556 0.040625 0.061111
9 0.337240 0.105556 0.034896 0.044444
8 0.376563 0.104167 0.042708 0.058333
8 0.349740 0.057407 0.036979 0.055556
8 0.294271 0.155093 0.044792 0.078704
8 0.342969 0.155556 0.048438 0.074074
9 0.385417 0.155556 0.039583 0.050000
8 0.439063 0.155093 0.063542 0.075000
8 0.387240 0.055556 0.040104 0.055556
9 0.424219 0.056019 0.032813 0.047222
8 0.418490 0.029167 0.033854 0.049074
8 0.449740 0.030556 0.028646 0.050000
8 0.463021 0.054167 0.039583 0.060185
8 0.459115 0.084722 0.041146 0.069444
8 0.501563 0.054630 0.035417 0.059259
8 0.485417 0.027315 0.029167 0.052778
8 0.496094 0.093519 0.044271 0.059259
8 0.521615 0.031019 0.028646 0.041667
8 0.539844 0.093519 0.039062 0.061111
8 0.549219 0.039352 0.034896 0.047222
9 0.584115 0.046759 0.030729 0.043519
8 0.580469 0.093056 0.035937 0.075000
9 0.563021 0.069444 0.027083 0.044444
8 0.612240 0.072685 0.039062 0.056481
9 0.621875 0.117593 0.046875 0.061111
9 0.668750 0.129630 0.046875 0.050000
8 0.651042 0.081019 0.037500 0.050926
8 0.651823 0.179630 0.049479 0.055556
8 0.610938 0.166204 0.037500 0.062037
8 0.563542 0.164815 0.048958 0.085185
8 0.513542 0.143056 0.057292 0.080556
8 0.255469 0.230556 0.049479 0.083333
8 0.309115 0.218519 0.058854 0.092593
9 0.387240 0.218519 0.068229 0.079630
9 0.453646 0.218519 0.060417 0.083333
8 0.504167 0.227315 0.044792 0.058333
8 0.564063 0.218056 0.044792 0.080556
8 0.607292 0.218519 0.048958 0.085185
9 0.734115 0.355556 0.057813 0.087037
8 0.680990 0.341667 0.052604 0.090741
8 0.627344 0.309722 0.055729 0.106481
8 0.574740 0.318519 0.058854 0.085185
9 0.501042 0.343056 0.067708 0.091667
8 0.441667 0.318519 0.058333 0.127778
8 0.385417 0.306019 0.059375 0.150926
8 0.327344 0.318519 0.060937 0.129630
5 0.377344 0.380556 0.025521 0.037037
5 0.324219 0.380556 0.047396 0.038889
8 0.270313 0.318519 0.060417 0.129630
9 0.214844 0.327315 0.060937 0.100926
6 0.213542 0.366667 0.039583 0.038889
1 0.209896 0.315741 0.023958 0.046296
8 0.484115 0.418519 0.074479 0.135185
8 0.569792 0.443056 0.071875 0.113889
8 0.638542 0.435185 0.069792 0.181481
7 0.707292 0.472685 0.028125 0.056481
9 0.707292 0.468056 0.064583 0.119444
8 0.762240 0.481019 0.054688 0.149074
8 0.796615 0.641667 0.093229 0.170370
8 0.577865 0.630556 0.093229 0.175926
8 0.476042 0.580556 0.070833 0.150000
8 0.395313 0.589815 0.071875 0.153704
8 0.321615 0.564815 0.074479 0.185185
8 0.249740 0.568056 0.073438 0.169444
5 0.585417 0.518056 0.055208 0.056481
6 0.652865 0.527778 0.054688 0.057407
6 0.589063 0.681019 0.065625 0.067593
6 0.487240 0.677315 0.067187 0.078704
5 0.393490 0.684259 0.063021 0.068519
5 0.313542 0.684259 0.061458 0.068519
6 0.236719 0.655556 0.055729 0.077778
3 0.504167 0.953241 0.026042 0.060185
4 0.962240 0.855556 0.018229 0.038889
5 0.967448 0.856019 0.031771 0.065741
1 0.982292 0.805556 0.026042 0.061111
8 0.954688 0.808333 0.083333 0.118519
8 0.944792 0.618519 0.047917 0.114815
8 0.894792 0.606481 0.073958 0.105556
5 0.917188 0.665278 0.035417 0.050926
5 0.954688 0.655556 0.030208 0.038889
3 0.924219 0.649074 0.014063 0.031481
8 0.829688 0.405556 0.043750 0.114815
8 0.877865 0.418056 0.049479 0.078704
8 0.801042 0.318519 0.048958 0.083333
9 0.846094 0.334259 0.046354 0.055556
8 0.779167 0.243519 0.041667 0.075926
8 0.814063 0.243519 0.041667 0.085185
8 0.755990 0.184259 0.039062 0.068519
8 0.785417 0.201852 0.026042 0.051852
9 0.758594 0.152778 0.039062 0.051852
8 0.734115 0.105556 0.032813 0.050000
8 0.687240 0.076389 0.029687 0.049074
8 0.710938 0.080556 0.026042 0.040741
1 0.314844 0.055556 0.014063 0.027778
1 0.352865 0.045833 0.014063 0.030556
1 0.294792 0.093519 0.014583 0.033333
1 0.329688 0.103241 0.017708 0.032407
1 0.381771 0.092593 0.016667 0.033333
1 0.387240 0.045833 0.014063 0.030556
3 0.325000 0.131019 0.009375 0.012037
4 0.377344 0.122685 0.014063 0.019444
1 0.417969 0.055556 0.017188 0.029630
1 0.421094 0.018519 0.013021 0.027778
1 0.449740 0.018519 0.013021 0.025926
1 0.457813 0.068056 0.015625 0.034259
1 0.463542 0.041204 0.014583 0.030556
5 0.462240 0.121759 0.028646 0.019444
1 0.488021 0.013426 0.012500 0.025000
1 0.501563 0.042130 0.015625 0.032407
1 0.518490 0.027315 0.013021 0.025000
5 0.522917 0.056019 0.015625 0.013889
1 0.497917 0.081019 0.015625 0.030556
1 0.554167 0.030556 0.011458 0.025926
1 0.543490 0.090278 0.015104 0.028704
0 0.582292 0.070833 0.013542 0.030556
1 0.585417 0.042593 0.013542 0.027778
1 0.619792 0.061574 0.015625 0.030556
5 0.546615 0.131019 0.023438 0.017593
5 0.591667 0.140741 0.020833 0.016667
1 0.648438 0.072222 0.014583 0.031481
4 0.625521 0.140278 0.012500 0.015741
1 0.672396 0.118056 0.016667 0.028704
1 0.624740 0.106019 0.016146 0.034259
5 0.679688 0.156019 0.017708 0.017593
4 0.652865 0.103704 0.013021 0.014815
5 0.636719 0.143519 0.017188 0.020370
1 0.665625 0.168056 0.018750 0.032407
4 0.657292 0.198611 0.017708 0.019444
3 0.615365 0.193056 0.010937 0.015741
5 0.629167 0.202778 0.017708 0.022222
1 0.612240 0.153704 0.017188 0.035185
1 0.574740 0.143519 0.016146 0.040741
1 0.519792 0.130093 0.019792 0.043519
1 0.436719 0.136574 0.019271 0.043519
6 0.435417 0.181019 0.036458 0.026852
1 0.384115 0.152315 0.018229 0.036111
4 0.338542 0.181019 0.018750 0.019444
5 0.347396 0.184722 0.032292 0.019444
1 0.345313 0.140278 0.017708 0.037963
1 0.294792 0.133333 0.017708 0.044444
4 0.294792 0.184722 0.016667 0.019444
1 0.250521 0.209259 0.020833 0.044444
1 0.312240 0.193056 0.021354 0.043519
4 0.311719 0.256019 0.021354 0.019444
1 0.388542 0.208333 0.021875 0.044444
1 0.447917 0.215278 0.022917 0.045370
6 0.452865 0.256019 0.027604 0.034259
1 0.509115 0.218519 0.020313 0.040741
4 0.494271 0.253704 0.017708 0.033333
5 0.518490 0.257407 0.039062 0.031481
1 0.576042 0.204167 0.020833 0.043519
1 0.601042 0.197685 0.019792 0.043519
5 0.555990 0.270833 0.022396 0.030556
5 0.582292 0.273611 0.036458 0.030556
3 0.593750 0.265741 0.018750 0.016667
3 0.601042 0.281019 0.011458 0.019444
5 0.613542 0.278241 0.023958 0.026852
1 0.735417 0.354167 0.020833 0.047222
1 0.693490 0.329630 0.022396 0.046296
4 0.688021 0.380093 0.021875 0.028704
3 0.729167 0.393519 0.010417 0.024074
1 0.636198 0.280556 0.021354 0.046296
6 0.621615 0.356019 0.023438 0.023148
4 0.574219 0.355556 0.022396 0.031481
5 0.584115 0.372222 0.045312 0.044444
1 0.584115 0.305556 0.022396 0.048148
1 0.494792 0.332407 0.026042 0.055556
2 0.435417 0.284722 0.029167 0.056481
6 0.440365 0.370833 0.027604 0.043519
4 0.393490 0.368519 0.033854 0.029630
1 0.383594 0.268056 0.026562 0.058333
1 0.330469 0.280556 0.023438 0.059259
4 0.314844 0.368056 0.020313 0.028704
6 0.263542 0.368981 0.044792 0.043519
1 0.257292 0.281019 0.027083 0.054630
5 0.485938 0.493056 0.053125 0.054630
1 0.482292 0.389352 0.030208 0.071296
1 0.576042 0.421759 0.034375 0.069444
0 0.643490 0.380556 0.028646 0.068519
6 0.722917 0.530556 0.047917 0.046296
1 0.769792 0.440741 0.023958 0.059259
6 0.807813 0.693519 0.052083 0.061111
1 0.815365 0.593056 0.031771 0.071296
1 0.589063 0.573148 0.031250 0.068519
1 0.475521 0.546759 0.033333 0.069444
0 0.391667 0.554630 0.032292 0.081481
1 0.314063 0.516204 0.029167 0.076852
1 0.244271 0.518056 0.027083 0.071296
1 0.921094 0.581019 0.021354 0.052778
1 0.958073 0.592593 0.021354 0.050000
4 0.839844 0.442593 0.020313 0.022222
1 0.892188 0.405556 0.018750 0.046296
1 0.841667 0.376852 0.018750 0.046296
4 0.854688 0.366204 0.013542 0.028704
1 0.859115 0.331019 0.020313 0.039815
4 0.819271 0.356019 0.018750 0.030556
5 0.812240 0.367593 0.029687 0.022222
1 0.816146 0.304167 0.020833 0.041667
1 0.818490 0.221759 0.018229 0.043519
1 0.783594 0.230556 0.017188 0.037037
6 0.760938 0.215741 0.016667 0.022222
1 0.789323 0.193056 0.015104 0.032407
1 0.762500 0.168056 0.015625 0.036111
1 0.759115 0.143519 0.017188 0.031481
1 0.737240 0.098148 0.013021 0.031481
4 0.738542 0.131019 0.013542 0.015741
1 0.716667 0.068519 0.014583 0.024074
1 0.692448 0.064815 0.013021 0.025926
4 0.690365 0.093519 0.011979 0.012963
