1 0.020313 0.583333 0.029167 0.055556
8 0.038542 0.605556 0.069792 0.140741
1 0.155469 0.229167 0.017188 0.041667
8 0.161198 0.252778 0.044271 0.094444
5 0.192969 0.230556 0.029687 0.024074
9 0.158073 0.206019 0.030729 0.049074
1 0.180469 0.206019 0.017188 0.036111
9 0.192969 0.205556 0.045312 0.050000
4 0.192188 0.168981 0.010417 0.019444
1 0.196615 0.130556 0.014063 0.031481
8 0.196615 0.143981 0.035937 0.069444
3 0.250781 0.113889 0.011979 0.011111
5 0.254688 0.114815 0.028125 0.014815
1 0.253125 0.079630 0.015625 0.029630
9 0.259115 0.088889 0.036979 0.050000
8 0.315365 0.068519 0.035937 0.055556
8 0.288542 0.105556 0.040625 0.061111
8 0.377865 0.103241 0.045312 0.060185
8 0.351042 0.060648 0.035417 0.056481
8 0.293490 0.156019 0.048438 0.075000
8 0.344792 0.154630 0.048958 0.077778
8 0.388021 0.155093 0.042708 0.056481
8 0.441146 0.155556 0.063542 0.077778
9 0.387500 0.063889 0.037500 0.050000
9 0.426563 0.055556 0.033333 0.050000
8 0.420573 0.028241 0.033854 0.052778
8 0.449740 0.031019 0.028646 0.050926
8 0.462240 0.056019 0.039062 0.060185
8 0.461198 0.080556 0.049479 0.068519
8 0.501563 0.054167 0.041667 0.065741
8 0.486719 0.026852 0.029687 0.051852
8 0.502865 0.092593 0.036979 0.064815
8 0.521615 0.031019 0.028646 0.041667
8 0.539844 0.091667 0.041146 0.068519
8 0.548438 0.040278 0.033333 0.045370
9 0.586719 0.043056 0.028646 0.045370
8 0.609115 0.076852 0.036979 0.053704
8 0.622396 0.113889 0.046875 0.061111
9 0.667188 0.129167 0.046875 0.050926
9 0.651563 0.090278 0.034375 0.049074
8 0.651823 0.173148 0.049479 0.055556
8 0.610938 0.165278 0.038542 0.069444
8 0.563542 0.164815 0.048958 0.085185
8 0.515365 0.143056 0.057813 0.080556
8 0.251563 0.231944 0.043750 0.069444
8 0.308594 0.218056 0.057813 0.095370
9 0.387240 0.218519 0.068229 0.079630
9 0.453646 0.216667 0.060417 0.083333
8 0.505469 0.218056 0.047396 0.075000
8 0.564844 0.218519 0.046354 0.101852
8 0.604688 0.228704 0.044792 0.077778
9 0.734115 0.356019 0.057813 0.080556
8 0.680990 0.334722 0.055729 0.080556
9 0.627865 0.332407 0.056771 0.081481
8 0.574740 0.318056 0.058854 0.080556
9 0.501563 0.343056 0.067708 0.091667
8 0.442969 0.318056 0.057813 0.130556
8 0.391667 0.317130 0.069792 0.137963
8 0.339844 0.281019 0.054688 0.136111
5 0.376042 0.380556 0.023958 0.037037
5 0.324219 0.380556 0.047396 0.038889
8 0.273438 0.281481 0.054167 0.144444
9 0.215365 0.326852 0.065104 0.100000
6 0.213542 0.366667 0.039583 0.038889
1 0.210938 0.317130 0.023958 0.045370
8 0.484115 0.418056 0.073438 0.134259
8 0.576042 0.431019 0.072917 0.134259
8 0.638542 0.447685 0.071875 0.169444
1 0.720573 0.427778 0.028646 0.072222
8 0.706771 0.459259 0.070833 0.155556
8 0.766667 0.488426 0.057292 0.136111
8 0.799740 0.640741 0.098437 0.127778
8 0.579167 0.628704 0.090625 0.179630
8 0.477344 0.582407 0.069271 0.144444
8 0.398438 0.589352 0.078125 0.137963
8 0.317448 0.567130 0.081771 0.186111
8 0.252344 0.571759 0.067187 0.156481
5 0.585417 0.518056 0.055208 0.056481
6 0.652865 0.527778 0.054688 0.057407
6 0.589063 0.681019 0.065625 0.067593
5 0.477865 0.681019 0.066146 0.073148
5 0.392969 0.682407 0.063021 0.068519
5 0.314063 0.686111 0.061458 0.068519
5 0.236719 0.664352 0.057813 0.065741
3 0.504167 0.953241 0.026042 0.060185
4 0.962240 0.855556 0.018229 0.038889
5 0.966667 0.856481 0.032292 0.068519
1 0.982292 0.805556 0.026042 0.061111
8 0.954167 0.806019 0.083333 0.106481
8 0.946094 0.618056 0.049479 0.119444
8 0.898438 0.601852 0.065625 0.122222
6 0.917969 0.663426 0.035937 0.050926
5 0.955990 0.655556 0.030729 0.040741
3 0.924740 0.650000 0.014063 0.031481
8 0.832292 0.403241 0.052083 0.100926
8 0.877865 0.407407 0.042188 0.105556
8 0.801042 0.318056 0.051042 0.087963
9 0.830990 0.331019 0.030729 0.062037
8 0.779167 0.251852 0.041667 0.075926
8 0.814844 0.255093 0.041146 0.073148
8 0.757292 0.182407 0.041667 0.068519
8 0.784115 0.201389 0.029687 0.052778
9 0.758594 0.154167 0.039062 0.054630
8 0.734115 0.105556 0.032813 0.055556
8 0.688021 0.072222 0.029167 0.044444
8 0.710938 0.081019 0.025000 0.050926
5 0.118490 0.310648 0.025521 0.028704
9 0.327344 0.105556 0.035937 0.044444
8 0.579948 0.093981 0.041146 0.069444
8 0.569792 0.068056 0.039583 0.056481
1 0.322917 0.032407 0.014583 0.031481
1 0.315625 0.055556 0.015625 0.031481
1 0.293490 0.093519 0.016146 0.035185
1 0.326042 0.100463 0.016667 0.030556
4 0.324740 0.129167 0.013021 0.025000
1 0.354167 0.052315 0.014583 0.034259
1 0.381771 0.087500 0.017708 0.030556
4 0.377865 0.127778 0.014063 0.016667
1 0.385417 0.056019 0.016667 0.028704
1 0.421094 0.016204 0.013021 0.026852
1 0.449740 0.018519 0.013021 0.027778
1 0.419792 0.055556 0.016667 0.033333
1 0.464323 0.041204 0.015104 0.028704
1 0.460938 0.068056 0.014583 0.034259
1 0.489844 0.012963 0.014063 0.024074
1 0.505990 0.036111 0.017188 0.031481
1 0.463542 0.122685 0.028125 0.019444
1 0.507292 0.074074 0.016667 0.031481
1 0.518490 0.026852 0.014063 0.025926
1 0.535417 0.073611 0.015625 0.030556
1 0.554948 0.031019 0.013021 0.026852
1 0.569271 0.056019 0.016667 0.032407
1 0.582292 0.080556 0.017708 0.035185
1 0.617969 0.067130 0.017188 0.030556
1 0.625521 0.103241 0.016667 0.036111
1 0.654167 0.079630 0.016667 0.027778
1 0.671615 0.118056 0.017188 0.034259
5 0.591667 0.140741 0.020833 0.018519
5 0.636719 0.143056 0.016146 0.021296
5 0.679688 0.156019 0.018750 0.019444
1 0.663542 0.165741 0.017708 0.037037
1 0.619271 0.151389 0.017708 0.037963
4 0.657813 0.201389 0.017708 0.023148
1 0.574740 0.143056 0.016146 0.043519
1 0.519792 0.130556 0.019792 0.046296
1 0.444271 0.137963 0.018750 0.044444
6 0.435417 0.181019 0.026042 0.025000
1 0.390365 0.143056 0.019271 0.036111
1 0.346094 0.140278 0.020313 0.039815
4 0.338542 0.181019 0.020833 0.023148
5 0.346615 0.188426 0.032813 0.023148
1 0.291667 0.142593 0.018750 0.037037
6 0.289323 0.191667 0.021354 0.024074
1 0.251563 0.218056 0.022917 0.041667
4 0.249740 0.267593 0.015104 0.027778
3 0.315365 0.255556 0.017188 0.016667
1 0.308594 0.193519 0.023438 0.044444
1 0.334115 0.243519 0.025521 0.059259
0 0.273438 0.243981 0.022917 0.060185
1 0.387240 0.210648 0.023438 0.043519
1 0.451042 0.209259 0.021875 0.044444
6 0.453125 0.255556 0.028125 0.035185
2 0.410938 0.278241 0.028125 0.056481
1 0.440365 0.289815 0.029687 0.059259
4 0.435417 0.365278 0.025000 0.028704
4 0.389844 0.368056 0.026562 0.028704
1 0.495573 0.332407 0.027604 0.055556
4 0.573438 0.357407 0.021875 0.031481
5 0.574740 0.368981 0.028646 0.037963
1 0.585417 0.305556 0.023958 0.046296
1 0.632292 0.321759 0.023958 0.056481
6 0.628646 0.373611 0.038542 0.043519
4 0.687500 0.369444 0.021875 0.038889
1 0.694792 0.330093 0.021875 0.049074
1 0.735417 0.347685 0.021875 0.043519
1 0.769792 0.452778 0.023958 0.061111
6 0.722917 0.530556 0.043750 0.053704
1 0.651563 0.404167 0.031250 0.069444
1 0.593490 0.403704 0.032813 0.070370
1 0.484896 0.393056 0.029167 0.067593
5 0.485938 0.493056 0.054167 0.054630
1 0.832292 0.610648 0.034375 0.069444
5 0.802865 0.694444 0.049479 0.062963
1 0.588021 0.572685 0.033333 0.069444
1 0.479167 0.552778 0.033333 0.074074
1 0.388542 0.556019 0.032292 0.069444
1 0.312240 0.523148 0.032813 0.081481
1 0.244792 0.531019 0.031250 0.067593
1 0.919792 0.568056 0.020833 0.054630
1 0.959115 0.593056 0.022396 0.050926
1 0.844271 0.379630 0.020833 0.048148
1 0.885417 0.381019 0.019792 0.049074
4 0.840365 0.441667 0.021354 0.024074
5 0.844271 0.456019 0.033333 0.026852
1 0.834115 0.331019 0.021354 0.041667
4 0.818490 0.355556 0.020313 0.031481
5 0.809115 0.367593 0.024479 0.024074
1 0.814844 0.310648 0.020313 0.043519
1 0.824740 0.240278 0.018229 0.041667
1 0.784896 0.230556 0.017708 0.035185
1 0.788542 0.193519 0.016667 0.035185
1 0.760417 0.168056 0.016667 0.032407
4 0.760417 0.211574 0.011458 0.019444
1 0.762240 0.143519 0.017188 0.027778
1 0.736719 0.096759 0.014063 0.030556
1 0.716667 0.068519 0.012500 0.027778
1 0.689063 0.068056 0.012500 0.028704
4 0.738542 0.131019 0.012500 0.017593
