1 0.021615 0.593519 0.023438 0.053704
8 0.042969 0.606019 0.065104 0.132407
5 0.117969 0.308333 0.026562 0.031481
8 0.159115 0.256019 0.045312 0.106481
5 0.193490 0.231019 0.030729 0.026852
1 0.179688 0.204630 0.017708 0.035185
9 0.192188 0.206019 0.043750 0.047222
4 0.193750 0.171759 0.012500 0.019444
1 0.197917 0.131019 0.013542 0.034259
8 0.196615 0.143519 0.038021 0.068519
4 0.249740 0.107407 0.014063 0.018519
5 0.254688 0.114815 0.029167 0.016667
1 0.252865 0.080556 0.016146 0.029630
8 0.260417 0.088889 0.036458 0.048148
8 0.322917 0.041667 0.041667 0.046296
8 0.314063 0.068519 0.037500 0.057407
8 0.288542 0.106944 0.043750 0.062037
8 0.387240 0.059722 0.036979 0.056481
8 0.377865 0.104167 0.045312 0.062037
8 0.419271 0.029167 0.033333 0.054630
9 0.426563 0.056019 0.031250 0.052778
1 0.419792 0.055556 0.018750 0.031481
8 0.449740 0.031019 0.024479 0.049074
8 0.463542 0.054630 0.040625 0.061111
8 0.460938 0.082870 0.040625 0.073148
8 0.485938 0.027778 0.029167 0.053704
8 0.504167 0.089815 0.036458 0.066667
8 0.502865 0.055556 0.036979 0.066667
8 0.522396 0.031019 0.028125 0.045370
8 0.539844 0.096759 0.041146 0.056481
5 0.463542 0.123148 0.028125 0.018519
5 0.544792 0.131019 0.023958 0.019444
5 0.524740 0.055556 0.014063 0.014815
8 0.547917 0.039815 0.035417 0.048148
8 0.568490 0.068056 0.039062 0.058333
8 0.585417 0.044907 0.029167 0.049074
8 0.580990 0.106019 0.039062 0.060185
5 0.591667 0.140741 0.022917 0.020370
8 0.609115 0.073611 0.036979 0.056481
8 0.621615 0.115278 0.043229 0.060185
8 0.651563 0.081944 0.037500 0.050926
9 0.668490 0.130556 0.048438 0.053704
8 0.651823 0.177315 0.049479 0.062037
8 0.610417 0.162500 0.037500 0.069444
8 0.564063 0.165278 0.050000 0.087963
8 0.517188 0.155093 0.058333 0.078704
8 0.440365 0.139352 0.053646 0.087963
8 0.388021 0.156019 0.042708 0.054630
8 0.343490 0.156019 0.050521 0.076852
4 0.338542 0.180556 0.020833 0.020370
5 0.345313 0.185648 0.034375 0.019444
8 0.294271 0.155556 0.046875 0.068519
8 0.252865 0.238426 0.049479 0.076852
8 0.304167 0.218519 0.055208 0.085185
9 0.388021 0.218056 0.068750 0.082407
9 0.454688 0.215741 0.062500 0.087037
6 0.452865 0.255556 0.027604 0.037037
8 0.505990 0.219444 0.048438 0.074074
8 0.565365 0.219907 0.047396 0.076852
8 0.607292 0.223611 0.043750 0.082407
5 0.555990 0.272222 0.023438 0.031481
5 0.582292 0.275000 0.038542 0.031481
3 0.588542 0.265278 0.020833 0.015741
3 0.601042 0.281019 0.013542 0.021296
5 0.619271 0.280093 0.038542 0.032407
9 0.734115 0.355556 0.058854 0.087037
8 0.683594 0.342130 0.058854 0.086111
9 0.629167 0.343519 0.055208 0.068519
8 0.573438 0.322222 0.059375 0.081481
4 0.572917 0.357407 0.026042 0.027778
5 0.584115 0.375000 0.045312 0.044444
6 0.625521 0.377778 0.033333 0.038889
9 0.501563 0.343056 0.068750 0.093519
8 0.442188 0.318056 0.058333 0.126852
8 0.391146 0.305556 0.061458 0.144444
5 0.376563 0.381019 0.026042 0.039815
4 0.432292 0.366204 0.026042 0.030556
5 0.324219 0.379630 0.047396 0.040741
3 0.318490 0.368056 0.014063 0.026852
8 0.338542 0.287963 0.055208 0.137037
8 0.274740 0.293519 0.056771 0.125926
5 0.263542 0.368519 0.042708 0.042593
6 0.213542 0.367130 0.040625 0.039815
1 0.209115 0.318056 0.024479 0.047222
9 0.215365 0.327315 0.061979 0.099074
8 0.489063 0.439352 0.086458 0.136111
8 0.573438 0.456481 0.078125 0.148148
8 0.640365 0.444907 0.072396 0.180556
6 0.654167 0.529630 0.054167 0.055556
6 0.721615 0.528704 0.051562 0.062963
8 0.707292 0.445833 0.062500 0.169444
8 0.763021 0.481019 0.063542 0.147222
8 0.799219 0.630093 0.094271 0.150926
5 0.802344 0.697685 0.049479 0.069444
8 0.577865 0.581944 0.076563 0.145370
5 0.574219 0.672685 0.063021 0.069444
5 0.478646 0.680556 0.066667 0.072222
8 0.398438 0.576389 0.079167 0.163889
8 0.479167 0.582407 0.070833 0.144444
6 0.393490 0.689815 0.065104 0.064815
5 0.313542 0.685648 0.061458 0.069444
8 0.318490 0.568056 0.075521 0.178704
8 0.257292 0.568519 0.066667 0.155556
5 0.236719 0.661574 0.056771 0.069444
3 0.504167 0.952315 0.026042 0.063889
4 0.962240 0.856019 0.020313 0.041667
5 0.966667 0.860185 0.032292 0.057407
1 0.980990 0.816204 0.024479 0.062037
8 0.952865 0.809722 0.079687 0.106481
3 0.926042 0.655556 0.013542 0.031481
5 0.918490 0.668056 0.036979 0.047222
5 0.954948 0.656019 0.031771 0.041667
8 0.946094 0.618056 0.045312 0.126852
8 0.902344 0.607407 0.067187 0.105556
8 0.832292 0.404167 0.053125 0.097222
8 0.877344 0.407407 0.042188 0.105556
8 0.800521 0.320833 0.054167 0.093519
9 0.844792 0.331944 0.051042 0.062037
8 0.779167 0.239352 0.039583 0.073148
8 0.814844 0.255556 0.042188 0.074074
8 0.758073 0.185648 0.041146 0.069444
8 0.785417 0.193519 0.026042 0.042593
9 0.758594 0.153704 0.039062 0.051852
8 0.732292 0.109722 0.034375 0.056481
8 0.712240 0.080556 0.029687 0.044444
8 0.685417 0.071296 0.028125 0.055556
1 0.154688 0.229630 0.020833 0.048148
1 0.321615 0.030556 0.014063 0.027778
1 0.314063 0.055556 0.015625 0.031481
1 0.291146 0.095833 0.016667 0.030556
1 0.329167 0.098611 0.017708 0.030556
8 0.327865 0.105556 0.038021 0.051852
4 0.321615 0.129630 0.015104 0.018519
1 0.352865 0.031944 0.014063 0.025000
8 0.357292 0.039815 0.025000 0.035185
1 0.351042 0.068519 0.014583 0.031481
9 0.351042 0.068519 0.036458 0.044444
1 0.380990 0.090741 0.019271 0.031481
1 0.385417 0.047222 0.015625 0.031481
1 0.421615 0.018056 0.014063 0.030556
1 0.449740 0.018056 0.013021 0.026852
1 0.464323 0.037963 0.016146 0.031481
1 0.459896 0.068519 0.016667 0.037037
4 0.376563 0.125926 0.015625 0.018519
1 0.489063 0.011111 0.013542 0.020370
1 0.504167 0.042130 0.017708 0.030556
1 0.519792 0.024537 0.013542 0.030556
0 0.506771 0.068519 0.016667 0.025926
1 0.554688 0.031019 0.012500 0.026852
1 0.541667 0.086111 0.016667 0.031481
1 0.585938 0.093056 0.015625 0.030556
1 0.569792 0.055556 0.015625 0.033333
1 0.585938 0.039815 0.013542 0.029630
1 0.618490 0.062500 0.017188 0.030556
1 0.649740 0.074074 0.014063 0.031481
1 0.626563 0.104630 0.017708 0.033333
1 0.671615 0.120833 0.017188 0.030556
1 0.664323 0.166204 0.019271 0.034259
1 0.615365 0.150926 0.017188 0.038889
6 0.649219 0.106019 0.020313 0.021296
5 0.680469 0.155556 0.017188 0.020370
4 0.624740 0.140741 0.011979 0.018519
5 0.635938 0.143519 0.014583 0.020370
1 0.574740 0.143056 0.017188 0.039815
1 0.516667 0.136111 0.019792 0.044444
1 0.435417 0.114352 0.018750 0.037963
5 0.436719 0.180556 0.026562 0.025926
1 0.383594 0.151389 0.020313 0.037963
1 0.346615 0.137500 0.020313 0.043519
1 0.292969 0.143056 0.019271 0.037963
5 0.291146 0.191204 0.018750 0.021296
4 0.248698 0.267593 0.018229 0.027778
1 0.251042 0.219444 0.021875 0.040741
1 0.310417 0.197685 0.020833 0.043519
3 0.315365 0.256019 0.017188 0.013889
5 0.316146 0.262500 0.023958 0.030556
1 0.393750 0.214352 0.021875 0.037963
1 0.449219 0.206019 0.022396 0.041667
1 0.507292 0.209722 0.020833 0.043519
4 0.493490 0.256019 0.017188 0.030556
5 0.518490 0.260648 0.039062 0.030556
1 0.573698 0.205556 0.022396 0.040741
1 0.605469 0.204167 0.021354 0.043519
1 0.734115 0.353704 0.021354 0.051852
1 0.693490 0.331481 0.023438 0.050000
4 0.687500 0.376389 0.021875 0.036111
1 0.634115 0.331481 0.024479 0.044444
1 0.582292 0.306019 0.022917 0.049074
1 0.494792 0.335185 0.026042 0.055556
2 0.439063 0.287500 0.031250 0.056481
1 0.403646 0.267130 0.025000 0.058333
1 0.334115 0.245833 0.024479 0.056481
2 0.267188 0.257407 0.025000 0.053704
1 0.485417 0.405556 0.029167 0.061111
6 0.486719 0.494444 0.053646 0.051852
1 0.585417 0.425000 0.034375 0.068519
0 0.644792 0.393519 0.032292 0.068519
0 0.717448 0.398611 0.028646 0.069444
1 0.769271 0.439815 0.026042 0.062963
0 0.829688 0.593056 0.030208 0.078704
1 0.579948 0.546759 0.033854 0.069444
1 0.474219 0.553241 0.031771 0.071296
1 0.391146 0.532407 0.033333 0.072222
1 0.313542 0.522685 0.035417 0.080556
1 0.261198 0.529630 0.031771 0.070370
1 0.924740 0.583333 0.023438 0.055556
1 0.955990 0.586574 0.023438 0.056481
4 0.840365 0.443056 0.021354 0.025000
5 0.844271 0.458796 0.032292 0.025000
1 0.885417 0.381481 0.019792 0.046296
1 0.842969 0.379630 0.020313 0.044444
1 0.852344 0.330556 0.020313 0.040741
1 0.816667 0.306019 0.020833 0.043519
4 0.814844 0.354167 0.020313 0.030556
5 0.811719 0.364815 0.030729 0.025926
1 0.824740 0.240278 0.020313 0.039815
1 0.785417 0.220833 0.019792 0.037963
1 0.789844 0.192593 0.017188 0.031481
1 0.762240 0.172685 0.016146 0.032407
6 0.760938 0.214815 0.017708 0.024074
1 0.760938 0.144444 0.017708 0.033333
1 0.738542 0.100000 0.014583 0.031481
4 0.737240 0.131019 0.013021 0.017593
1 0.719792 0.076852 0.013542 0.027778
1 0.689844 0.062037 0.014063 0.029630
4 0.689844 0.093519 0.013021 0.016667
4 0.657292 0.202778 0.017708 0.022222
