1 0.021615 0.593519 0.023438 0.053704
8 0.042969 0.606019 0.065104 0.132407
5 0.117969 0.309259 0.026562 0.031481
8 0.159115 0.256019 0.045312 0.102778
5 0.193490 0.231019 0.030729 0.026852
1 0.179688 0.204630 0.017708 0.035185
9 0.192188 0.206019 0.043750 0.047222
4 0.193750 0.172222 0.012500 0.018519
1 0.197917 0.131019 0.013542 0.034259
8 0.196615 0.143519 0.038021 0.068519
4 0.249740 0.107407 0.014063 0.018519
5 0.254688 0.114815 0.029167 0.016667
1 0.252865 0.080556 0.016146 0.029630
8 0.260417 0.088889 0.036458 0.048148
8 0.321615 0.041667 0.041146 0.046296
8 0.314063 0.068519 0.037500 0.057407
8 0.288542 0.107870 0.043750 0.062037
8 0.387240 0.060185 0.036979 0.055556
8 0.377865 0.104167 0.045312 0.062037
8 0.419271 0.028241 0.033333 0.054630
9 0.426563 0.056019 0.031250 0.052778
1 0.420312 0.056944 0.018750 0.030556
8 0.449740 0.031019 0.024479 0.049074
8 0.463542 0.054630 0.040625 0.061111
8 0.460938 0.083796 0.040625 0.073148
8 0.485938 0.027778 0.029167 0.053704
8 0.501823 0.093519 0.034896 0.062963
8 0.502865 0.055556 0.036979 0.066667
8 0.522396 0.031019 0.028125 0.045370
8 0.539844 0.097222 0.041146 0.055556
5 0.463542 0.123611 0.028125 0.019444
5 0.544792 0.131019 0.023958 0.019444
5 0.524740 0.055556 0.014063 0.014815
8 0.547917 0.039815 0.035417 0.048148
8 0.568490 0.068056 0.039062 0.058333
8 0.585417 0.045833 0.029167 0.049074
8 0.580990 0.106019 0.039062 0.060185
5 0.591667 0.140741 0.022917 0.020370
8 0.609115 0.074074 0.036979 0.055556
8 0.621615 0.115278 0.043229 0.060185
8 0.651563 0.081019 0.037500 0.054630
9 0.668490 0.130556 0.048438 0.053704
8 0.651823 0.177315 0.049479 0.062037
8 0.610417 0.162963 0.037500 0.068519
8 0.564063 0.165278 0.050000 0.087963
8 0.513542 0.152315 0.058333 0.078704
8 0.439844 0.143519 0.058854 0.088889
8 0.388021 0.156019 0.042708 0.054630
8 0.343490 0.156019 0.050521 0.076852
4 0.338542 0.180556 0.020833 0.020370
5 0.345313 0.186111 0.034375 0.020370
8 0.294792 0.155556 0.046875 0.068519
8 0.251563 0.240741 0.044792 0.077778
8 0.307292 0.218519 0.051042 0.096296
9 0.388021 0.218056 0.068750 0.082407
9 0.454688 0.215741 0.062500 0.087037
6 0.452865 0.255556 0.027604 0.037037
8 0.505990 0.220370 0.048438 0.074074
8 0.565365 0.218519 0.048438 0.085185
8 0.607292 0.218519 0.046875 0.096296
5 0.555990 0.272685 0.023438 0.030556
5 0.582292 0.275463 0.038542 0.030556
3 0.588542 0.265278 0.020833 0.015741
3 0.601042 0.281019 0.013542 0.021296
5 0.619271 0.280093 0.038542 0.032407
9 0.734115 0.356481 0.058854 0.087037
8 0.683594 0.342130 0.058854 0.086111
9 0.629167 0.342130 0.055208 0.073148
8 0.573438 0.322685 0.059375 0.080556
3 0.574219 0.365278 0.023438 0.017593
5 0.584115 0.374537 0.045312 0.043519
6 0.626042 0.374537 0.032292 0.043519
9 0.501563 0.343981 0.068750 0.093519
8 0.442188 0.318056 0.058333 0.126852
8 0.389844 0.306019 0.064062 0.145370
5 0.376563 0.381019 0.026042 0.039815
4 0.432292 0.366204 0.026042 0.030556
5 0.324219 0.379630 0.047396 0.040741
3 0.318490 0.368056 0.014063 0.026852
8 0.338542 0.283333 0.055208 0.135185
8 0.275000 0.282870 0.056250 0.137963
5 0.263542 0.368519 0.042708 0.042593
6 0.213542 0.367130 0.040625 0.039815
1 0.209115 0.318056 0.024479 0.047222
9 0.215365 0.327315 0.061979 0.099074
8 0.489063 0.439352 0.086458 0.136111
8 0.573438 0.455556 0.078125 0.148148
8 0.640365 0.445833 0.072396 0.180556
6 0.654167 0.529630 0.054167 0.055556
6 0.721615 0.528704 0.051562 0.062963
8 0.707292 0.446759 0.062500 0.169444
8 0.763021 0.481019 0.063542 0.147222
8 0.799219 0.630093 0.094271 0.150926
5 0.802344 0.698148 0.049479 0.068519
8 0.579167 0.578704 0.077083 0.162963
5 0.574219 0.673148 0.063021 0.068519
5 0.478646 0.680556 0.066667 0.072222
8 0.391667 0.592130 0.079167 0.202778
8 0.479167 0.583333 0.070833 0.144444
6 0.393490 0.689815 0.065104 0.064815
5 0.313542 0.686111 0.061458 0.068519
8 0.317448 0.568056 0.075521 0.178704
8 0.252865 0.569907 0.066146 0.156481
5 0.236719 0.662037 0.056771 0.068519
3 0.504167 0.952315 0.026042 0.063889
4 0.962240 0.856019 0.020313 0.041667
5 0.966667 0.860648 0.032292 0.058333
1 0.980990 0.816204 0.024479 0.062037
8 0.952865 0.810185 0.079687 0.105556
3 0.926042 0.655556 0.013542 0.031481
5 0.918490 0.668056 0.036979 0.047222
5 0.954948 0.656019 0.031771 0.041667
8 0.946094 0.618981 0.045312 0.126852
8 0.902344 0.608333 0.067187 0.105556
8 0.832292 0.404167 0.053125 0.097222
8 0.877344 0.408333 0.042188 0.105556
8 0.800521 0.321759 0.054167 0.093519
9 0.844792 0.332870 0.051042 0.062037
8 0.777865 0.243519 0.036979 0.066667
8 0.814844 0.255556 0.042188 0.074074
8 0.758073 0.186111 0.041146 0.068519
8 0.784896 0.197685 0.026042 0.056481
9 0.758594 0.153704 0.039062 0.051852
8 0.732292 0.110185 0.034375 0.055556
8 0.712240 0.081481 0.029687 0.044444
8 0.685417 0.072222 0.028125 0.055556
1 0.155990 0.230556 0.017188 0.044444
9 0.329688 0.110185 0.038542 0.044444
8 0.351042 0.055556 0.039583 0.066667
1 0.321615 0.031944 0.014063 0.028704
1 0.315365 0.056481 0.017188 0.029630
1 0.290365 0.095833 0.016146 0.036111
0 0.354167 0.043519 0.014583 0.033333
1 0.329948 0.105556 0.016146 0.029630
4 0.321615 0.129630 0.014063 0.016667
4 0.376563 0.125463 0.014583 0.019444
1 0.381771 0.090278 0.018750 0.032407
1 0.387240 0.047685 0.015104 0.030556
1 0.421615 0.017593 0.014063 0.027778
1 0.450521 0.019444 0.014583 0.027778
1 0.461198 0.040278 0.015104 0.030556
1 0.459115 0.068519 0.017188 0.037037
0 0.488542 0.010648 0.014583 0.019444
1 0.504167 0.041667 0.016667 0.033333
1 0.519792 0.026389 0.014583 0.026852
2 0.499219 0.078704 0.017188 0.031481
1 0.541667 0.090278 0.015625 0.032407
1 0.554167 0.030556 0.013542 0.027778
1 0.571094 0.056019 0.017188 0.032407
1 0.586719 0.040278 0.014063 0.030556
1 0.586198 0.093519 0.015104 0.029630
1 0.617969 0.062500 0.017188 0.030556
1 0.626042 0.103241 0.016667 0.034259
1 0.652865 0.071759 0.015104 0.030556
5 0.635938 0.143519 0.015625 0.022222
6 0.646615 0.103241 0.020313 0.028704
1 0.671615 0.118519 0.017188 0.029630
5 0.679688 0.156019 0.018750 0.019444
4 0.658594 0.201852 0.017188 0.022222
1 0.664323 0.165278 0.018229 0.034259
1 0.617188 0.146759 0.018750 0.037963
1 0.574740 0.143519 0.019271 0.040741
1 0.515365 0.134722 0.021354 0.043519
1 0.441146 0.118981 0.018750 0.039815
6 0.435417 0.181019 0.026042 0.030556
4 0.416667 0.180556 0.014583 0.027778
1 0.384896 0.146759 0.019792 0.037963
1 0.346615 0.140278 0.019271 0.039815
1 0.291146 0.143519 0.017708 0.038889
5 0.291667 0.191667 0.018750 0.020370
1 0.251042 0.222685 0.020833 0.043519
4 0.249740 0.268519 0.018229 0.024074
1 0.307292 0.193981 0.021875 0.043519
4 0.311719 0.256019 0.025521 0.019444
1 0.386719 0.212500 0.023438 0.043519
1 0.449740 0.205556 0.023438 0.040741
1 0.507292 0.210185 0.020833 0.042593
1 0.572396 0.200463 0.019792 0.043519
4 0.493490 0.256019 0.017188 0.030556
5 0.518490 0.261574 0.039062 0.030556
1 0.609896 0.193056 0.021875 0.043519
1 0.698438 0.328241 0.022917 0.049074
1 0.734115 0.352778 0.020313 0.051852
4 0.688542 0.375926 0.020833 0.031481
1 0.632292 0.330556 0.022917 0.046296
1 0.580990 0.306019 0.022396 0.047222
1 0.494792 0.334259 0.023958 0.055556
1 0.442969 0.287963 0.027604 0.055556
1 0.401042 0.263889 0.025000 0.061111
1 0.334896 0.247222 0.023958 0.055556
0 0.275000 0.245833 0.021875 0.060185
1 0.485938 0.406019 0.028125 0.056481
6 0.486719 0.494444 0.053646 0.053704
1 0.584115 0.424537 0.032813 0.069444
0 0.648698 0.393519 0.031771 0.066667
0 0.716667 0.398611 0.028125 0.069444
1 0.769271 0.441204 0.027083 0.063889
0 0.829948 0.593056 0.031771 0.075000
1 0.586719 0.532870 0.032813 0.075000
1 0.473438 0.552315 0.035417 0.071296
0 0.390365 0.530556 0.032813 0.079630
0 0.312240 0.519907 0.031771 0.084259
1 0.244792 0.530556 0.033333 0.066667
2 0.924219 0.581481 0.021354 0.053704
1 0.957292 0.587037 0.021875 0.055556
1 0.843490 0.380093 0.021354 0.045370
1 0.885938 0.384259 0.017708 0.044444
4 0.841667 0.442593 0.019792 0.022222
5 0.844271 0.457870 0.032292 0.025000
1 0.816667 0.305556 0.020833 0.042593
7 0.859115 0.343519 0.020313 0.042593
4 0.815365 0.356019 0.019271 0.028704
4 0.812240 0.366204 0.029687 0.023148
1 0.824740 0.239815 0.019271 0.038889
1 0.784115 0.231019 0.019271 0.037963
1 0.788542 0.191667 0.017708 0.033333
1 0.764844 0.172685 0.016146 0.032407
6 0.760938 0.214352 0.017708 0.026852
1 0.760938 0.143056 0.015625 0.030556
1 0.739844 0.100463 0.014063 0.030556
4 0.738021 0.131019 0.013542 0.015741
1 0.720313 0.077315 0.012500 0.028704
1 0.689323 0.057407 0.013021 0.027778
4 0.690365 0.093056 0.011979 0.013889
