1 0.018490 0.573611 0.029687 0.056481
8 0.038542 0.604630 0.070833 0.140741
3 0.123438 0.316204 0.011458 0.017593
5 0.117969 0.317593 0.023438 0.022222
1 0.148438 0.241204 0.017708 0.041667
8 0.156771 0.255556 0.048958 0.081481
4 0.177344 0.231019 0.010937 0.025000
5 0.192188 0.230556 0.030208 0.024074
1 0.154688 0.202778 0.015625 0.029630
8 0.159896 0.209259 0.030208 0.055556
1 0.182292 0.193056 0.016667 0.036111
8 0.191667 0.206019 0.039583 0.060185
4 0.191667 0.168981 0.010417 0.019444
1 0.201042 0.130556 0.014583 0.031481
8 0.196615 0.145370 0.035937 0.068519
3 0.250260 0.112963 0.011979 0.012963
5 0.254688 0.114815 0.028125 0.014815
1 0.251563 0.078704 0.015625 0.029630
9 0.259896 0.083333 0.035417 0.044444
1 0.321615 0.032407 0.014063 0.022222
8 0.315365 0.068519 0.034896 0.055556
8 0.288542 0.105556 0.040625 0.061111
8 0.377344 0.102315 0.045312 0.060185
8 0.353125 0.056481 0.031250 0.055556
8 0.294792 0.156019 0.044792 0.078704
8 0.342448 0.145833 0.049479 0.080556
9 0.385417 0.155556 0.039583 0.050000
8 0.439063 0.152778 0.062500 0.079630
8 0.388021 0.056944 0.039583 0.052778
9 0.424219 0.056019 0.032813 0.047222
8 0.418490 0.029167 0.033854 0.049074
8 0.449740 0.030556 0.028646 0.053704
8 0.463021 0.054167 0.039583 0.060185
8 0.459115 0.084259 0.041146 0.068519
8 0.501563 0.054630 0.035417 0.059259
8 0.485417 0.027315 0.029167 0.052778
8 0.493490 0.093056 0.038021 0.060185
8 0.521615 0.031019 0.028646 0.041667
8 0.539844 0.093981 0.039062 0.058333
8 0.549219 0.039352 0.034896 0.047222
9 0.584115 0.045833 0.030729 0.043519
8 0.580469 0.093056 0.035937 0.075000
9 0.564844 0.074074 0.026562 0.044444
8 0.612240 0.072222 0.039062 0.055556
9 0.621875 0.117593 0.046875 0.061111
9 0.668750 0.129630 0.046875 0.050000
8 0.650521 0.081944 0.037500 0.050926
8 0.651823 0.179630 0.049479 0.055556
8 0.610417 0.159722 0.038542 0.069444
8 0.563542 0.164815 0.048958 0.085185
8 0.515365 0.143056 0.057813 0.080556
8 0.254688 0.231019 0.051042 0.080556
8 0.309115 0.218519 0.058854 0.092593
9 0.387240 0.218519 0.068229 0.079630
9 0.453646 0.218519 0.060417 0.083333
8 0.505990 0.215741 0.048438 0.083333
8 0.564844 0.218519 0.045312 0.083333
8 0.605469 0.227778 0.046354 0.085185
9 0.734115 0.355556 0.057813 0.087037
8 0.680990 0.341667 0.052604 0.090741
8 0.628646 0.318056 0.055208 0.110185
8 0.574740 0.318981 0.058854 0.080556
9 0.501042 0.343056 0.067708 0.091667
8 0.441667 0.318519 0.058333 0.127778
8 0.385417 0.306019 0.059375 0.150926
8 0.327344 0.316667 0.060937 0.135185
5 0.377344 0.380556 0.025521 0.037037
5 0.324219 0.380556 0.047396 0.038889
8 0.270313 0.318519 0.060417 0.129630
9 0.214844 0.327315 0.060937 0.100926
6 0.213542 0.366667 0.039583 0.038889
1 0.210417 0.314815 0.023958 0.046296
8 0.483594 0.421759 0.074479 0.130556
8 0.569792 0.443519 0.070833 0.118519
8 0.638542 0.443056 0.071875 0.150926
1 0.722917 0.430556 0.030208 0.068519
8 0.708594 0.472222 0.073438 0.155556
8 0.763542 0.478704 0.051042 0.148148
8 0.797917 0.651389 0.094792 0.149074
8 0.579167 0.628704 0.090625 0.179630
8 0.477865 0.590741 0.075521 0.157407
8 0.394792 0.593519 0.071875 0.153704
8 0.311719 0.572685 0.073438 0.169444
8 0.251042 0.556019 0.064583 0.184259
5 0.585417 0.518056 0.055208 0.056481
6 0.653646 0.523611 0.052083 0.067593
6 0.589063 0.681019 0.065625 0.067593
6 0.485938 0.679167 0.066667 0.078704
5 0.393490 0.683333 0.063021 0.068519
5 0.313542 0.684722 0.061458 0.069444
5 0.237240 0.664815 0.056771 0.064815
3 0.504167 0.953241 0.026042 0.060185
4 0.962240 0.855556 0.018229 0.038889
5 0.967448 0.856019 0.031771 0.065741
1 0.982292 0.805556 0.026042 0.061111
8 0.954688 0.807407 0.083333 0.118519
8 0.943490 0.618056 0.054688 0.119444
8 0.890365 0.567593 0.060937 0.157407
5 0.917188 0.665278 0.035417 0.050926
5 0.954688 0.655556 0.030208 0.038889
3 0.924219 0.648611 0.014063 0.030556
8 0.831771 0.381019 0.053125 0.100926
8 0.878646 0.415278 0.046875 0.091667
8 0.801042 0.318056 0.051042 0.087963
8 0.841146 0.318519 0.041667 0.088889
8 0.779167 0.243519 0.041667 0.075926
8 0.814844 0.255093 0.041146 0.073148
8 0.755990 0.186574 0.039062 0.069444
8 0.784115 0.194907 0.030729 0.049074
9 0.758594 0.154167 0.039062 0.054630
8 0.734896 0.107407 0.033333 0.050000
8 0.687240 0.076389 0.029687 0.049074
8 0.710938 0.080556 0.026042 0.040741
8 0.334115 0.093519 0.033854 0.070370
1 0.294792 0.093519 0.015625 0.035185
1 0.318490 0.056019 0.014063 0.028704
1 0.332813 0.078704 0.017708 0.037037
3 0.325000 0.130556 0.009375 0.012963
5 0.317969 0.131019 0.019271 0.017593
1 0.352865 0.051389 0.014063 0.036111
1 0.382292 0.086574 0.017708 0.030556
1 0.389844 0.050000 0.015104 0.031481
1 0.418490 0.056019 0.017188 0.030556
1 0.419792 0.018056 0.013542 0.028704
1 0.451042 0.018056 0.012500 0.028704
1 0.463542 0.042130 0.014583 0.032407
1 0.459115 0.068519 0.017188 0.035185
2 0.484115 0.081019 0.016146 0.030556
1 0.488021 0.013889 0.014583 0.025926
4 0.377344 0.123148 0.014063 0.018519
5 0.462240 0.124074 0.028646 0.018519
1 0.501563 0.041667 0.016667 0.033333
1 0.518490 0.027315 0.014063 0.026852
1 0.541667 0.087500 0.016667 0.030556
1 0.554167 0.030556 0.013542 0.027778
1 0.585417 0.042130 0.013542 0.028704
1 0.583594 0.075463 0.017188 0.037963
5 0.544792 0.130556 0.023958 0.018519
1 0.624740 0.106019 0.017188 0.034259
1 0.620313 0.062500 0.015625 0.030556
1 0.648698 0.074074 0.015104 0.031481
1 0.671615 0.118056 0.016146 0.030556
1 0.665365 0.168056 0.020313 0.034259
1 0.615365 0.147685 0.018229 0.043519
1 0.573438 0.143056 0.017708 0.043519
3 0.615365 0.195833 0.010937 0.019444
5 0.627865 0.203704 0.018229 0.024074
4 0.656771 0.199074 0.019792 0.018519
1 0.519792 0.130556 0.019792 0.046296
1 0.440365 0.131019 0.019271 0.041667
1 0.384896 0.150463 0.020833 0.037963
6 0.435417 0.180556 0.027083 0.031481
4 0.338542 0.181019 0.020833 0.021296
5 0.347396 0.188889 0.032292 0.022222
1 0.343490 0.131019 0.020313 0.043519
1 0.294792 0.139815 0.017708 0.040741
1 0.294792 0.185648 0.017708 0.019444
1 0.248438 0.217593 0.023958 0.040741
1 0.314323 0.194907 0.022396 0.049074
4 0.310417 0.256019 0.023958 0.021296
1 0.389844 0.210648 0.023438 0.043519
1 0.451042 0.214352 0.025000 0.049074
6 0.452865 0.256481 0.030729 0.035185
1 0.504167 0.193981 0.019792 0.043519
4 0.494271 0.255556 0.016667 0.031481
5 0.518490 0.259722 0.040104 0.030556
1 0.576042 0.199537 0.022917 0.043519
1 0.601042 0.205556 0.022917 0.044444
5 0.555469 0.272222 0.023438 0.031481
5 0.582292 0.275926 0.038542 0.031481
4 0.591667 0.261111 0.026042 0.018519
3 0.600521 0.281019 0.012500 0.021296
5 0.615365 0.278704 0.029687 0.029630
1 0.734115 0.353704 0.021354 0.048148
1 0.693490 0.328704 0.023438 0.050000
4 0.687240 0.379167 0.021354 0.026852
1 0.639323 0.291204 0.021354 0.047222
6 0.622917 0.377315 0.042708 0.039815
1 0.493490 0.335185 0.026562 0.055556
1 0.582292 0.306019 0.023958 0.049074
2 0.435417 0.286574 0.030208 0.056481
6 0.440365 0.374074 0.028646 0.044444
4 0.392188 0.368056 0.031250 0.026852
1 0.389844 0.268519 0.025521 0.061111
4 0.314063 0.368981 0.022917 0.028704
0 0.329688 0.278241 0.025000 0.056481
1 0.259115 0.281019 0.027604 0.054630
6 0.263542 0.368519 0.044792 0.048148
0 0.243490 0.505556 0.032813 0.075926
2 0.309896 0.531019 0.039583 0.080556
0 0.392188 0.555556 0.037500 0.083333
1 0.473438 0.546759 0.032292 0.069444
1 0.589063 0.571759 0.034375 0.069444
1 0.819792 0.611111 0.036458 0.068519
6 0.802344 0.698148 0.048438 0.055556
0 0.902865 0.518056 0.020313 0.062037
1 0.957292 0.593519 0.020833 0.051852
0 0.835938 0.356944 0.018750 0.049074
1 0.889844 0.393519 0.020313 0.048148
4 0.824740 0.418056 0.018229 0.023148
6 0.845313 0.429167 0.020833 0.052778
5 0.842448 0.452315 0.036979 0.039815
1 0.851042 0.293056 0.020833 0.045370
4 0.817448 0.356019 0.018229 0.025000
5 0.809115 0.367130 0.024479 0.021296
1 0.815365 0.306019 0.021354 0.045370
1 0.824740 0.239815 0.020313 0.040741
1 0.783594 0.231019 0.018229 0.039815
1 0.787240 0.193519 0.016146 0.037037
1 0.760938 0.174074 0.015625 0.031481
6 0.760938 0.215741 0.018750 0.022222
1 0.759115 0.143056 0.017188 0.034259
1 0.737240 0.100000 0.014063 0.031481
1 0.716667 0.070833 0.012500 0.025000
1 0.691667 0.064815 0.014583 0.027778
4 0.690365 0.093519 0.011979 0.014815
4 0.738542 0.130556 0.011458 0.014815
6 0.724740 0.530556 0.045312 0.053704
1 0.769792 0.435185 0.026042 0.057407
1 0.648438 0.405556 0.032292 0.061111
1 0.575521 0.418519 0.032292 0.066667
1 0.482292 0.393056 0.030208 0.065741
5 0.486719 0.493056 0.054688 0.054630
4 0.571615 0.355556 0.024479 0.029630
5 0.584115 0.375463 0.045312 0.037963
