1 0.018490 0.581019 0.028646 0.054630
8 0.040365 0.604630 0.067187 0.135185
5 0.117188 0.305556 0.025000 0.027778
1 0.155990 0.231019 0.020313 0.043519
8 0.160938 0.255556 0.038542 0.100000
5 0.193490 0.230556 0.029687 0.022222
1 0.180469 0.205093 0.017188 0.036111
9 0.190365 0.205556 0.040104 0.050000
4 0.193490 0.168981 0.011979 0.019444
1 0.197396 0.130556 0.013542 0.033333
8 0.196615 0.143056 0.035937 0.067593
8 0.252865 0.080556 0.015104 0.029630
4 0.249740 0.106019 0.014063 0.017593
5 0.254688 0.115278 0.028125 0.015741
8 0.260417 0.086111 0.036458 0.044444
1 0.290365 0.094907 0.015104 0.030556
1 0.329688 0.103704 0.015625 0.033333
1 0.314844 0.055556 0.015104 0.031481
1 0.351042 0.068056 0.014583 0.030556
1 0.352865 0.031019 0.014063 0.026852
1 0.321615 0.031019 0.014063 0.026852
1 0.380990 0.089815 0.017188 0.033333
1 0.385417 0.044907 0.014583 0.030556
1 0.294792 0.130556 0.018750 0.038889
1 0.346615 0.139815 0.019271 0.038889
1 0.384115 0.147222 0.018229 0.031481
8 0.322917 0.041667 0.039583 0.042593
8 0.287240 0.107407 0.041146 0.055556
8 0.315365 0.068056 0.035937 0.056481
8 0.377344 0.101389 0.042188 0.060185
8 0.355990 0.039815 0.025521 0.038889
9 0.350521 0.068519 0.035417 0.042593
9 0.329688 0.109259 0.040625 0.044444
4 0.377344 0.123148 0.014063 0.018519
8 0.388542 0.057407 0.036458 0.055556
1 0.417448 0.017593 0.013021 0.024074
1 0.449740 0.018056 0.013021 0.025000
1 0.465365 0.035648 0.013021 0.030556
1 0.502865 0.041667 0.016146 0.029630
0 0.465365 0.066204 0.017188 0.034259
0 0.504167 0.068056 0.014583 0.028704
0 0.429167 0.036111 0.014583 0.031481
8 0.416667 0.028704 0.022917 0.050000
8 0.429167 0.053704 0.032292 0.059259
8 0.462240 0.081019 0.040104 0.073148
8 0.503646 0.089352 0.034375 0.071296
8 0.502865 0.055556 0.032813 0.059259
0 0.487240 0.010185 0.013021 0.018519
8 0.487240 0.028241 0.029687 0.054630
5 0.463542 0.122685 0.027083 0.019444
1 0.542448 0.083333 0.015104 0.031481
1 0.585417 0.093519 0.016667 0.029630
1 0.570573 0.055556 0.016146 0.029630
1 0.554167 0.030093 0.011458 0.026852
1 0.521094 0.022685 0.014063 0.030556
1 0.584115 0.040278 0.013021 0.028704
1 0.617188 0.061111 0.016667 0.031481
1 0.625521 0.102778 0.016667 0.033333
8 0.523698 0.030556 0.024479 0.042593
5 0.525521 0.056019 0.011458 0.015741
8 0.547917 0.037037 0.032292 0.044444
8 0.585938 0.045833 0.026042 0.043519
8 0.569792 0.068056 0.038542 0.052778
8 0.538542 0.095833 0.039583 0.056481
8 0.580990 0.105556 0.038021 0.059259
8 0.621094 0.117130 0.039062 0.062037
8 0.610417 0.072222 0.034375 0.055556
5 0.544792 0.130556 0.023958 0.018519
5 0.591667 0.139815 0.019792 0.016667
4 0.624740 0.141667 0.011979 0.016667
5 0.637240 0.143056 0.016146 0.023148
1 0.652344 0.072685 0.013021 0.030556
6 0.647917 0.104167 0.023958 0.026852
8 0.651563 0.081019 0.036458 0.050926
1 0.671615 0.118519 0.017188 0.029630
9 0.668490 0.130556 0.047396 0.050000
5 0.679688 0.156019 0.019792 0.019444
1 0.612240 0.151389 0.016146 0.036111
1 0.663542 0.165741 0.018750 0.033333
0 0.574219 0.143519 0.017188 0.038889
8 0.563542 0.161574 0.048958 0.080556
6 0.621875 0.193519 0.031250 0.025926
8 0.609896 0.168519 0.039583 0.072222
4 0.657813 0.198148 0.016667 0.018519
8 0.651563 0.173611 0.045833 0.056481
1 0.521615 0.130556 0.020313 0.044444
1 0.435417 0.114352 0.018750 0.037963
5 0.436198 0.180556 0.024479 0.027778
8 0.513542 0.144907 0.057292 0.080556
8 0.440365 0.136574 0.052604 0.093519
9 0.387240 0.155556 0.041146 0.051852
4 0.338542 0.181019 0.019792 0.021296
5 0.346615 0.188426 0.032813 0.023148
6 0.287240 0.192130 0.020313 0.025000
8 0.294792 0.156019 0.045833 0.082407
8 0.344271 0.154630 0.048958 0.077778
1 0.249740 0.218519 0.021354 0.038889
1 0.307292 0.193981 0.020833 0.043519
4 0.249219 0.267593 0.016146 0.025926
4 0.252865 0.235648 0.048438 0.069444
6 0.316667 0.267130 0.035417 0.028704
8 0.304688 0.218519 0.057292 0.090741
1 0.390365 0.216667 0.022396 0.042593
1 0.447917 0.206019 0.020833 0.039815
9 0.388021 0.218056 0.067708 0.075000
9 0.454948 0.217130 0.058854 0.086111
6 0.447917 0.256019 0.039583 0.032407
1 0.510938 0.205556 0.020833 0.040741
4 0.493490 0.254630 0.016146 0.031481
5 0.519792 0.258333 0.037500 0.031481
8 0.508594 0.218519 0.047396 0.072222
1 0.576042 0.205556 0.020833 0.040741
1 0.595313 0.197222 0.018750 0.044444
3 0.587240 0.263426 0.018229 0.013889
3 0.599740 0.281019 0.011979 0.019444
5 0.555990 0.271759 0.023438 0.030556
5 0.582292 0.274074 0.037500 0.031481
6 0.619792 0.269907 0.035417 0.043519
8 0.564063 0.222222 0.044792 0.068519
8 0.606771 0.227315 0.047917 0.099074
1 0.734115 0.348148 0.020313 0.044444
1 0.695573 0.336111 0.022396 0.044444
3 0.691146 0.380556 0.014583 0.025926
5 0.694271 0.381019 0.025000 0.036111
9 0.733594 0.356019 0.056771 0.080556
9 0.680990 0.339815 0.052604 0.066667
4 0.571615 0.355556 0.023438 0.027778
5 0.584115 0.372685 0.045312 0.043519
1 0.582292 0.305556 0.022917 0.048148
8 0.574219 0.320833 0.056771 0.080556
1 0.633073 0.317130 0.024479 0.047222
8 0.631250 0.330556 0.050000 0.079630
5 0.622396 0.378704 0.020833 0.031481
1 0.494792 0.331019 0.026042 0.058333
9 0.501823 0.343519 0.068229 0.090741
4 0.434115 0.368519 0.030729 0.027778
4 0.391146 0.360648 0.026042 0.030556
5 0.377344 0.380556 0.025521 0.037037
1 0.402344 0.268519 0.024479 0.055556
2 0.438542 0.290741 0.029167 0.053704
8 0.390365 0.305556 0.059896 0.137037
8 0.442448 0.318519 0.055729 0.122222
1 0.317188 0.310185 0.023958 0.055556
4 0.314063 0.368519 0.018750 0.033333
5 0.324219 0.380556 0.046354 0.037037
9 0.319792 0.331019 0.069792 0.091667
5 0.263542 0.368056 0.042708 0.039815
0 0.267188 0.256019 0.023958 0.049074
8 0.274740 0.293056 0.051562 0.123148
6 0.214323 0.367593 0.040104 0.037037
1 0.209115 0.317130 0.023438 0.043519
9 0.213542 0.327315 0.061458 0.095370
6 0.485938 0.493519 0.051042 0.050000
1 0.486198 0.422685 0.028646 0.056481
9 0.491667 0.443056 0.080208 0.130556
1 0.584375 0.423611 0.034375 0.069444
4 0.572917 0.510185 0.020833 0.031481
5 0.587240 0.518056 0.054688 0.054630
8 0.572396 0.456019 0.073958 0.134259
6 0.652865 0.529630 0.053646 0.053704
6 0.721094 0.527315 0.051562 0.062037
0 0.644271 0.393519 0.029167 0.068519
0 0.716667 0.399074 0.026042 0.068519
1 0.769271 0.439815 0.026042 0.061111
8 0.638542 0.443056 0.069792 0.173148
8 0.706771 0.447685 0.060417 0.169444
8 0.763542 0.481019 0.061458 0.149074
5 0.802344 0.695833 0.048438 0.069444
0 0.830990 0.592593 0.029687 0.075926
8 0.799219 0.628704 0.092188 0.150000
1 0.579948 0.546759 0.031771 0.069444
5 0.574740 0.671759 0.063021 0.069444
5 0.478646 0.680556 0.066667 0.075926
8 0.578646 0.584722 0.075000 0.143519
1 0.471094 0.552315 0.032813 0.071296
8 0.477344 0.583333 0.069271 0.144444
5 0.393490 0.682407 0.064062 0.068519
1 0.390365 0.524537 0.029687 0.069444
8 0.397396 0.568056 0.073958 0.160185
1 0.247396 0.505093 0.026042 0.067593
1 0.313021 0.519907 0.029167 0.080556
8 0.248438 0.556481 0.068750 0.181481
8 0.317188 0.568056 0.082292 0.178704
5 0.236719 0.664352 0.057813 0.065741
5 0.313021 0.684259 0.062500 0.068519
4 0.962240 0.856019 0.018229 0.041667
5 0.968490 0.859259 0.027604 0.055556
1 0.980990 0.814352 0.025521 0.062037
8 0.952865 0.811574 0.081771 0.108333
4 0.924740 0.655556 0.014063 0.029630
5 0.919271 0.668981 0.034375 0.037963
5 0.955469 0.656019 0.029687 0.041667
1 0.925000 0.581019 0.021875 0.050926
1 0.957292 0.581019 0.020833 0.050926
8 0.910417 0.615278 0.047917 0.112037
8 0.946615 0.618056 0.042188 0.123148
4 0.841667 0.443519 0.020833 0.022222
1 0.842969 0.377778 0.018229 0.046296
1 0.885938 0.381481 0.016667 0.044444
8 0.832292 0.404630 0.051042 0.098148
8 0.877865 0.413426 0.042188 0.100926
5 0.844271 0.455556 0.033333 0.025926
1 0.816146 0.297685 0.021875 0.043519
3 0.819271 0.356019 0.015625 0.021296
5 0.811719 0.361574 0.032813 0.030556
1 0.853646 0.330556 0.019792 0.038889
9 0.840365 0.331481 0.045312 0.055556
8 0.804167 0.311111 0.045833 0.081481
1 0.789844 0.229630 0.018229 0.038889
1 0.825521 0.239815 0.018750 0.038889
8 0.780990 0.242593 0.042188 0.066667
8 0.815365 0.256019 0.036979 0.073148
1 0.763542 0.168519 0.014583 0.037037
1 0.789844 0.177778 0.016146 0.033333
1 0.761198 0.214815 0.018229 0.022222
8 0.757292 0.184259 0.040625 0.068519
8 0.784115 0.185185 0.026562 0.055556
1 0.760938 0.143056 0.014583 0.028704
9 0.757292 0.146759 0.037500 0.043519
1 0.737240 0.102315 0.013021 0.028704
8 0.734375 0.106019 0.034375 0.049074
4 0.738021 0.130556 0.010417 0.014815
1 0.719792 0.072222 0.013542 0.031481
8 0.712240 0.080556 0.027604 0.044444
1 0.690365 0.063889 0.010937 0.025926
4 0.689844 0.093056 0.010937 0.013889
8 0.684896 0.075926 0.026042 0.050000
3 0.504167 0.953241 0.023958 0.060185
