1 0.017188 0.568519 0.029167 0.057407
8 0.038021 0.605093 0.071875 0.139815
5 0.117188 0.306944 0.025000 0.026852
1 0.154167 0.230556 0.017708 0.044444
8 0.158594 0.248148 0.045312 0.081481
5 0.192188 0.230556 0.031250 0.022222
1 0.181771 0.193519 0.015625 0.035185
9 0.194792 0.201852 0.042708 0.050000
3 0.193750 0.168056 0.012500 0.019444
1 0.197917 0.130556 0.013542 0.031481
8 0.196615 0.143519 0.036979 0.064815
3 0.250521 0.112037 0.010417 0.009259
5 0.254688 0.114352 0.027083 0.015741
1 0.254688 0.073148 0.016667 0.031481
8 0.261198 0.083333 0.034896 0.055556
8 0.250000 0.568519 0.068750 0.164815
8 0.319271 0.568056 0.072917 0.169444
8 0.396615 0.583796 0.075521 0.130556
8 0.477865 0.579167 0.070312 0.156481
8 0.576042 0.572222 0.082292 0.155556
5 0.571615 0.679167 0.065104 0.069444
6 0.480469 0.681019 0.067187 0.073148
5 0.393490 0.680556 0.065104 0.068519
5 0.313542 0.683333 0.061458 0.068519
5 0.235417 0.664815 0.058333 0.066667
8 0.802865 0.643981 0.100521 0.169444
8 0.760938 0.480093 0.065625 0.145370
8 0.705990 0.448148 0.060937 0.168519
8 0.641667 0.436574 0.066667 0.130556
8 0.569792 0.455556 0.076042 0.135185
8 0.487240 0.431019 0.081771 0.137963
9 0.215365 0.323611 0.066146 0.093519
8 0.274219 0.293056 0.051562 0.125000
9 0.327865 0.335648 0.077604 0.080556
8 0.394792 0.305556 0.050000 0.116667
8 0.441667 0.318519 0.060417 0.125926
8 0.502344 0.318056 0.064062 0.106481
8 0.574740 0.318056 0.059896 0.080556
8 0.634375 0.341667 0.053125 0.094444
8 0.684115 0.343056 0.047396 0.075000
9 0.730990 0.355556 0.056771 0.085185
8 0.605990 0.218519 0.043229 0.096296
8 0.564844 0.218056 0.042188 0.080556
8 0.452865 0.210185 0.061979 0.081481
9 0.386719 0.218519 0.066146 0.079630
8 0.305469 0.218519 0.057813 0.079630
8 0.254948 0.231019 0.050521 0.084259
8 0.299219 0.147222 0.044271 0.081481
8 0.343490 0.152778 0.048438 0.075926
9 0.388542 0.155556 0.041667 0.051852
8 0.441667 0.143056 0.055208 0.071296
9 0.510417 0.155093 0.055208 0.065741
8 0.562240 0.159259 0.050521 0.094444
8 0.609115 0.168056 0.041146 0.071296
8 0.651042 0.168519 0.043750 0.068519
9 0.666667 0.127778 0.044792 0.050000
9 0.622917 0.116667 0.045833 0.059259
8 0.582292 0.104630 0.038542 0.068519
8 0.538542 0.093056 0.041667 0.056481
8 0.499740 0.093056 0.036979 0.062037
8 0.460417 0.083333 0.041667 0.068519
8 0.377865 0.102315 0.044271 0.060185
9 0.332813 0.114352 0.043750 0.049074
8 0.290365 0.106019 0.041146 0.062037
8 0.316667 0.068056 0.034375 0.050926
8 0.352865 0.059259 0.034896 0.055556
8 0.385417 0.055556 0.038542 0.055556
8 0.322396 0.043056 0.039583 0.043519
8 0.418490 0.028704 0.031771 0.051852
9 0.429948 0.055556 0.033854 0.050000
8 0.463542 0.043519 0.034375 0.061111
8 0.447917 0.027778 0.023958 0.053704
8 0.489063 0.031019 0.029167 0.049074
8 0.501563 0.055556 0.034375 0.055556
8 0.523438 0.031019 0.028125 0.041667
8 0.548438 0.039352 0.033333 0.047222
8 0.568490 0.068519 0.039062 0.055556
8 0.585417 0.043981 0.029167 0.043519
8 0.609115 0.068056 0.035937 0.060185
8 0.654948 0.080556 0.033854 0.059259
8 0.685417 0.072222 0.027083 0.055556
8 0.712240 0.081019 0.028646 0.047222
8 0.733594 0.114352 0.032813 0.052778
9 0.757292 0.151852 0.040625 0.050000
8 0.759115 0.189815 0.042188 0.064815
8 0.785417 0.193981 0.025000 0.056481
8 0.776563 0.243056 0.040625 0.067593
8 0.814844 0.255556 0.040104 0.074074
8 0.801042 0.318519 0.051042 0.087037
9 0.842448 0.330556 0.049479 0.064815
8 0.834115 0.406019 0.048438 0.104630
8 0.877865 0.406019 0.040104 0.100926
8 0.900000 0.605556 0.068750 0.090741
8 0.946615 0.618056 0.045312 0.119444
8 0.953646 0.805556 0.082292 0.105556
3 0.504167 0.954167 0.026042 0.062037
8 0.507292 0.218519 0.048958 0.077778
1 0.321615 0.030556 0.014063 0.027778
1 0.294271 0.093056 0.015625 0.034259
1 0.315365 0.056481 0.015104 0.031481
4 0.288542 0.130556 0.016667 0.014815
1 0.326042 0.105556 0.017708 0.029630
0 0.354167 0.043519 0.013542 0.027778
0 0.376563 0.123611 0.014583 0.019444
1 0.380990 0.090278 0.017188 0.030556
1 0.382292 0.047222 0.014583 0.031481
1 0.422917 0.016204 0.014583 0.026852
0 0.451042 0.010185 0.013542 0.018519
1 0.457813 0.030556 0.013542 0.031481
1 0.459115 0.068056 0.016146 0.034259
5 0.462240 0.122222 0.027604 0.018519
2 0.493490 0.077778 0.016146 0.029630
1 0.504167 0.043519 0.014583 0.029630
1 0.496615 0.018056 0.014063 0.026852
1 0.518490 0.022222 0.013021 0.031481
1 0.542188 0.085185 0.014583 0.031481
1 0.552865 0.029630 0.011979 0.025926
1 0.585938 0.040741 0.013542 0.027778
1 0.569792 0.056019 0.014583 0.030556
1 0.584375 0.083333 0.015625 0.031481
5 0.544792 0.131019 0.023958 0.017593
6 0.589063 0.134259 0.026042 0.018519
1 0.630469 0.105556 0.017188 0.029630
1 0.616667 0.055556 0.016667 0.031481
1 0.652344 0.068056 0.014063 0.030556
4 0.626042 0.142130 0.013542 0.015741
5 0.635938 0.143056 0.014583 0.019444
1 0.672917 0.118056 0.017708 0.032407
5 0.679688 0.156019 0.017708 0.019444
0 0.568490 0.134722 0.016146 0.043519
1 0.613542 0.153704 0.016667 0.033333
1 0.660417 0.155093 0.020833 0.036111
1 0.608594 0.193056 0.018229 0.045370
1 0.571615 0.205093 0.021354 0.041667
4 0.656771 0.201852 0.017708 0.022222
5 0.619792 0.280556 0.036458 0.031481
3 0.600521 0.280556 0.010417 0.018519
3 0.587240 0.264352 0.018229 0.013889
5 0.555990 0.270833 0.022396 0.030556
5 0.582292 0.272685 0.038542 0.030556
4 0.493750 0.254630 0.015625 0.031481
5 0.518750 0.257407 0.037500 0.031481
1 0.513542 0.203704 0.020833 0.044444
1 0.515365 0.141667 0.019271 0.037037
6 0.452344 0.255556 0.029687 0.035185
5 0.436719 0.181019 0.026562 0.023148
1 0.440365 0.131019 0.019271 0.039815
1 0.388542 0.211111 0.021875 0.044444
1 0.384115 0.147685 0.018229 0.030556
1 0.343490 0.133333 0.019271 0.044444
4 0.338542 0.180556 0.018750 0.018519
5 0.346094 0.184722 0.032813 0.019444
6 0.287240 0.192130 0.026562 0.025000
5 0.317448 0.265741 0.034896 0.029630
1 0.303646 0.128241 0.016667 0.039815
1 0.309115 0.204167 0.020313 0.043519
1 0.255990 0.207407 0.021354 0.044444
4 0.250000 0.268519 0.015625 0.022222
1 0.209896 0.318519 0.023958 0.044444
6 0.213542 0.367593 0.040625 0.037037
1 0.266667 0.256019 0.026042 0.050926
5 0.263542 0.368056 0.043750 0.037963
1 0.319792 0.319907 0.025000 0.056481
4 0.311719 0.369907 0.023438 0.030556
5 0.322917 0.380556 0.046875 0.037037
3 0.376823 0.378241 0.013021 0.023148
5 0.377865 0.380556 0.027604 0.037037
2 0.404167 0.279167 0.027083 0.058333
1 0.444792 0.285185 0.029167 0.055556
4 0.434896 0.367130 0.027083 0.028704
4 0.500521 0.364815 0.029167 0.029630
1 0.502865 0.297685 0.026562 0.056481
3 0.573438 0.365741 0.020833 0.016667
5 0.584115 0.372222 0.045312 0.044444
1 0.579688 0.305556 0.025000 0.046296
1 0.642969 0.318056 0.020313 0.045370
6 0.631771 0.379630 0.034375 0.031481
1 0.693490 0.331019 0.022396 0.049074
1 0.685417 0.372685 0.021875 0.030556
5 0.696094 0.380556 0.021354 0.037037
1 0.731771 0.343056 0.020833 0.049074
5 0.746094 0.402778 0.027604 0.037037
1 0.768490 0.434722 0.024479 0.056481
0 0.716146 0.399074 0.026042 0.068519
6 0.721875 0.525926 0.050000 0.062963
0 0.649740 0.406019 0.029687 0.067593
5 0.652865 0.531019 0.054688 0.049074
1 0.588542 0.429167 0.036458 0.065741
0 0.585938 0.530556 0.033333 0.068519
1 0.484115 0.393056 0.028646 0.063889
6 0.485417 0.493519 0.052083 0.051852
1 0.247917 0.518519 0.030208 0.064815
1 0.314063 0.530556 0.029167 0.077778
1 0.389844 0.554630 0.028646 0.066667
1 0.474740 0.532407 0.032813 0.068519
1 0.813542 0.601852 0.030208 0.072222
6 0.801042 0.700926 0.051042 0.061111
4 0.963021 0.855556 0.017708 0.038889
4 0.966667 0.856019 0.032292 0.062037
1 0.980990 0.816667 0.023438 0.061111
3 0.926042 0.655556 0.012500 0.031481
5 0.919271 0.668056 0.036458 0.047222
5 0.954948 0.655556 0.030729 0.040741
1 0.922917 0.581019 0.020833 0.050926
1 0.959115 0.585648 0.020313 0.056481
4 0.839063 0.443519 0.017708 0.020370
6 0.842969 0.453241 0.033854 0.039815
1 0.885417 0.380556 0.017708 0.046296
1 0.843490 0.380093 0.019271 0.043519
1 0.816667 0.315278 0.018750 0.041667
1 0.854688 0.330556 0.019792 0.038889
4 0.815365 0.356019 0.021354 0.026852
5 0.810417 0.363889 0.032292 0.025926
1 0.786719 0.231019 0.017188 0.036111
1 0.825521 0.240741 0.018750 0.038889
4 0.821875 0.289352 0.015625 0.023148
1 0.766667 0.174074 0.016667 0.031481
1 0.788542 0.193056 0.015625 0.034259
1 0.762500 0.143056 0.015625 0.034259
1 0.739323 0.103241 0.013021 0.028704
4 0.738542 0.131019 0.011458 0.015741
1 0.717969 0.068056 0.014063 0.025000
1 0.689323 0.056944 0.011979 0.025000
4 0.693490 0.093519 0.010937 0.012963
