3 0.504167 0.952778 0.026042 0.061111
1 0.018490 0.581019 0.028646 0.050926
8 0.038542 0.604630 0.070833 0.135185
5 0.117969 0.306019 0.026562 0.028704
1 0.154688 0.231019 0.017708 0.045370
8 0.159115 0.253241 0.046354 0.091667
1 0.184115 0.189352 0.016146 0.036111
8 0.196615 0.197222 0.041146 0.055556
5 0.193490 0.230556 0.030729 0.025926
4 0.194792 0.168981 0.012500 0.019444
1 0.197917 0.130093 0.013542 0.032407
8 0.194792 0.143056 0.037500 0.063889
3 0.251042 0.110185 0.011458 0.005556
5 0.254948 0.111111 0.028646 0.018519
1 0.253646 0.081019 0.014583 0.030556
9 0.260417 0.089352 0.035417 0.047222
1 0.321615 0.030556 0.013021 0.025926
1 0.317188 0.055556 0.014583 0.031481
1 0.291667 0.094907 0.015625 0.030556
1 0.350521 0.065278 0.014583 0.032407
1 0.352865 0.031019 0.013021 0.026852
1 0.381771 0.087037 0.017708 0.031481
1 0.326823 0.100000 0.016146 0.031481
1 0.385417 0.044907 0.014583 0.030556
8 0.322917 0.043519 0.039583 0.040741
8 0.314844 0.068519 0.035937 0.055556
8 0.288542 0.105556 0.042708 0.061111
9 0.327865 0.109722 0.032813 0.056481
9 0.351042 0.068056 0.036458 0.043519
4 0.377344 0.126852 0.014063 0.014815
8 0.377865 0.103704 0.042188 0.062963
8 0.388021 0.056019 0.035417 0.058333
1 0.419792 0.025926 0.011458 0.025926
1 0.451042 0.014352 0.010417 0.025000
1 0.465365 0.039815 0.014063 0.029630
1 0.460417 0.068056 0.014583 0.034259
0 0.503646 0.040741 0.014583 0.029630
0 0.494792 0.018519 0.014583 0.027778
8 0.418490 0.031019 0.031771 0.043519
8 0.447917 0.028241 0.026042 0.052778
8 0.463542 0.053704 0.038542 0.057407
8 0.462240 0.085185 0.039062 0.068519
5 0.462240 0.122685 0.027604 0.019444
8 0.503646 0.056019 0.037500 0.065741
8 0.487240 0.030093 0.029687 0.049074
2 0.494271 0.078241 0.016667 0.030556
8 0.499219 0.093519 0.035937 0.062963
1 0.518490 0.018056 0.013021 0.026852
8 0.522917 0.030093 0.026042 0.047222
1 0.543490 0.086574 0.015104 0.030556
8 0.538542 0.097222 0.042708 0.055556
1 0.554948 0.031019 0.011979 0.026852
1 0.569792 0.055556 0.014583 0.031481
1 0.586719 0.041204 0.011979 0.028704
0 0.583073 0.075463 0.015104 0.030556
1 0.616667 0.055556 0.014583 0.029630
1 0.626823 0.105556 0.015104 0.033333
8 0.548438 0.040741 0.033333 0.046296
8 0.565365 0.068056 0.031771 0.054630
8 0.584115 0.045833 0.028646 0.043519
8 0.579688 0.093519 0.038542 0.068519
8 0.608594 0.068056 0.034896 0.062037
1 0.651042 0.061574 0.013542 0.030556
6 0.655990 0.091667 0.026562 0.048148
8 0.651563 0.074074 0.042708 0.055556
1 0.671615 0.118056 0.016146 0.028704
9 0.669271 0.130556 0.045833 0.050000
9 0.622917 0.118056 0.045833 0.060185
4 0.624740 0.142130 0.011979 0.015741
5 0.636719 0.143056 0.016146 0.021296
5 0.679688 0.156019 0.018750 0.017593
5 0.590365 0.139815 0.019271 0.014815
5 0.544792 0.130556 0.022917 0.018519
5 0.526042 0.055556 0.011458 0.014815
1 0.299219 0.131019 0.017188 0.037963
1 0.341667 0.131944 0.018750 0.037963
1 0.384115 0.147685 0.020313 0.030556
8 0.298438 0.155556 0.041667 0.085185
4 0.338542 0.180556 0.020833 0.020370
5 0.352865 0.184722 0.019271 0.019444
8 0.342969 0.154630 0.045312 0.075926
9 0.388542 0.155556 0.040625 0.051852
5 0.435417 0.180556 0.025000 0.025926
1 0.437240 0.110185 0.017188 0.044444
8 0.438021 0.135185 0.046875 0.094444
1 0.519792 0.143056 0.019792 0.041667
8 0.511719 0.155556 0.053646 0.066667
0 0.574740 0.143056 0.015104 0.041667
8 0.562240 0.161574 0.050521 0.080556
1 0.612240 0.148148 0.017188 0.031481
8 0.609115 0.167130 0.041146 0.067593
1 0.663542 0.162037 0.017708 0.031481
8 0.651042 0.176389 0.045833 0.060185
4 0.657813 0.199074 0.017708 0.018519
3 0.600521 0.280093 0.010417 0.019444
6 0.619271 0.273148 0.035417 0.044444
5 0.556771 0.272222 0.023958 0.031481
5 0.582292 0.274537 0.038542 0.030556
3 0.587240 0.263426 0.018229 0.013889
0 0.557813 0.189815 0.020833 0.048148
0 0.612240 0.184722 0.021354 0.043519
8 0.561198 0.211111 0.044271 0.094444
8 0.610938 0.218056 0.045833 0.112037
4 0.492969 0.256019 0.017188 0.032407
1 0.513542 0.205556 0.019792 0.040741
8 0.505469 0.218056 0.047396 0.075000
1 0.451042 0.205556 0.021875 0.040741
9 0.454688 0.217130 0.058333 0.086111
6 0.446615 0.256019 0.040104 0.034259
1 0.388542 0.210648 0.022917 0.043519
9 0.388021 0.218519 0.067708 0.075926
4 0.248438 0.267593 0.016667 0.025926
1 0.257292 0.209259 0.020833 0.044444
1 0.305990 0.203704 0.021354 0.044444
8 0.255990 0.230556 0.049479 0.081481
5 0.310417 0.267130 0.022917 0.034259
8 0.307292 0.218056 0.055208 0.080556
1 0.209115 0.317130 0.023438 0.045370
6 0.214323 0.368056 0.040104 0.037963
9 0.216667 0.324074 0.064583 0.094444
0 0.267188 0.255556 0.025000 0.051852
8 0.274740 0.293056 0.051562 0.125000
2 0.324740 0.280556 0.025521 0.059259
8 0.322917 0.312037 0.066667 0.118519
5 0.265625 0.368056 0.043750 0.037963
3 0.317188 0.373611 0.012500 0.019444
5 0.323698 0.380093 0.047396 0.039815
1 0.402865 0.268056 0.024479 0.058333
2 0.439063 0.285648 0.030208 0.056481
4 0.391667 0.361574 0.023958 0.030556
8 0.390365 0.305556 0.058854 0.142593
8 0.442188 0.322685 0.058333 0.130556
5 0.377344 0.381019 0.026562 0.037963
6 0.440365 0.372685 0.025521 0.043519
6 0.507292 0.368519 0.035417 0.038889
1 0.505990 0.281019 0.026562 0.056481
8 0.501042 0.318519 0.061458 0.131481
4 0.571094 0.355556 0.026562 0.029630
5 0.584115 0.373611 0.045312 0.043519
1 0.582292 0.305556 0.021875 0.046296
8 0.573438 0.322685 0.058333 0.080556
6 0.637240 0.377315 0.052604 0.036111
1 0.644792 0.304630 0.021875 0.048148
8 0.633594 0.331019 0.054688 0.106481
4 0.687240 0.374537 0.022396 0.030556
5 0.694792 0.380556 0.023958 0.037037
1 0.695573 0.331481 0.022396 0.046296
1 0.730990 0.343056 0.020313 0.047222
9 0.682292 0.342593 0.051042 0.075926
9 0.730990 0.356019 0.055729 0.082407
3 0.730469 0.393519 0.008854 0.022222
5 0.744792 0.401852 0.027083 0.037037
0 0.767188 0.431019 0.022917 0.060185
0 0.716667 0.393056 0.026042 0.067593
6 0.721615 0.528241 0.051562 0.063889
8 0.760938 0.478241 0.065625 0.150926
8 0.705990 0.444907 0.060937 0.173148
1 0.646615 0.427315 0.029687 0.062037
8 0.640365 0.447685 0.066146 0.119444
1 0.584896 0.429167 0.033333 0.067593
4 0.571615 0.517130 0.024479 0.030556
8 0.571094 0.463889 0.077604 0.137037
5 0.652865 0.531019 0.054688 0.052778
5 0.586719 0.518056 0.052604 0.054630
1 0.485938 0.393056 0.029167 0.063889
8 0.490365 0.430556 0.079687 0.144444
6 0.484115 0.493519 0.052604 0.051852
5 0.237240 0.664815 0.057813 0.070370
5 0.313542 0.687037 0.062500 0.068519
5 0.394271 0.682407 0.063542 0.074074
6 0.476042 0.666667 0.067708 0.062963
1 0.471615 0.556019 0.033854 0.075000
1 0.388542 0.555556 0.033333 0.068519
8 0.399740 0.587963 0.077604 0.131481
8 0.474740 0.585648 0.076563 0.143519
1 0.244792 0.518519 0.029167 0.061111
8 0.251823 0.568519 0.071354 0.161111
1 0.319792 0.544444 0.032292 0.077778
8 0.325000 0.580556 0.071875 0.157407
4 0.963021 0.855556 0.017708 0.042593
5 0.966667 0.860185 0.030208 0.057407
1 0.980990 0.807407 0.025521 0.062963
8 0.953646 0.806019 0.080208 0.102778
6 0.571615 0.677778 0.068229 0.072222
1 0.591667 0.550000 0.030208 0.068519
8 0.590365 0.598148 0.066146 0.170370
6 0.801042 0.696759 0.051042 0.069444
1 0.802865 0.605093 0.029687 0.069444
8 0.796875 0.643519 0.093750 0.148148
1 0.922917 0.586111 0.020833 0.053704
3 0.926042 0.655556 0.013542 0.031481
5 0.918490 0.668056 0.038021 0.047222
5 0.955469 0.656481 0.030729 0.040741
1 0.957292 0.587037 0.020833 0.055556
8 0.899740 0.612500 0.066146 0.106481
8 0.946615 0.618056 0.044271 0.117593
4 0.840365 0.443056 0.019271 0.019444
6 0.842969 0.452315 0.034896 0.039815
1 0.843490 0.380093 0.018229 0.043519
0 0.880990 0.381019 0.015104 0.045370
8 0.832292 0.405556 0.047917 0.101852
8 0.876042 0.405556 0.039583 0.096296
4 0.816667 0.355093 0.018750 0.028704
5 0.810417 0.363889 0.033333 0.025926
1 0.815365 0.300926 0.019271 0.044444
8 0.799740 0.322685 0.047396 0.093519
9 0.837240 0.325926 0.039062 0.068519
1 0.785417 0.231944 0.016667 0.037963
1 0.824740 0.239352 0.018229 0.039815
8 0.776563 0.246759 0.041667 0.069444
8 0.815365 0.255556 0.040104 0.074074
6 0.760938 0.216667 0.017708 0.022222
1 0.764844 0.169907 0.014063 0.036111
8 0.757292 0.186111 0.040625 0.068519
1 0.787240 0.193519 0.016146 0.033333
8 0.784115 0.198611 0.026562 0.054630
1 0.760417 0.140741 0.014583 0.031481
9 0.757292 0.149074 0.040625 0.055556
1 0.738542 0.102778 0.012500 0.027778
4 0.738021 0.132407 0.011458 0.016667
8 0.734115 0.112963 0.032813 0.050000
4 0.689844 0.093056 0.010937 0.013889
1 0.690365 0.063889 0.010937 0.025926
8 0.685417 0.073611 0.027083 0.047222
1 0.719792 0.076389 0.013542 0.026852
8 0.712240 0.082407 0.027604 0.044444
1 0.836198 0.317130 0.022396 0.043519
