1 0.024740 0.554167 0.025521 0.052778
8 0.044271 0.593056 0.071875 0.139815
5 0.117188 0.310648 0.025000 0.028704
1 0.154688 0.231481 0.017708 0.044444
8 0.157292 0.255556 0.044792 0.081481
5 0.191667 0.230556 0.031250 0.022222
1 0.181771 0.193519 0.015625 0.035185
9 0.194792 0.201852 0.042708 0.050000
3 0.193750 0.168056 0.012500 0.019444
1 0.197917 0.130556 0.013542 0.031481
8 0.196615 0.143519 0.036979 0.064815
3 0.250521 0.112963 0.010417 0.012963
5 0.254688 0.115278 0.027083 0.015741
1 0.255990 0.077315 0.017188 0.030556
8 0.261719 0.085648 0.034896 0.056481
8 0.250521 0.566204 0.067708 0.169444
8 0.319271 0.566667 0.073958 0.177778
8 0.398438 0.566667 0.079167 0.174074
8 0.476042 0.567593 0.070833 0.181481
8 0.576042 0.574537 0.082292 0.156481
5 0.571615 0.679167 0.065104 0.069444
5 0.480469 0.681019 0.067187 0.073148
5 0.393490 0.680556 0.065104 0.068519
5 0.313542 0.682407 0.061458 0.068519
5 0.235417 0.664815 0.058333 0.066667
8 0.802865 0.643056 0.100521 0.169444
8 0.760938 0.480093 0.065625 0.145370
8 0.704688 0.451389 0.062500 0.162037
8 0.642188 0.442593 0.066667 0.131481
8 0.571615 0.456019 0.076563 0.130556
8 0.487240 0.431019 0.081771 0.137963
9 0.215365 0.323148 0.066146 0.094444
8 0.274219 0.293056 0.051562 0.125000
8 0.323698 0.305556 0.068229 0.129630
8 0.391667 0.305556 0.048958 0.114815
8 0.441667 0.318519 0.060417 0.125926
8 0.502344 0.318056 0.064062 0.106481
8 0.574740 0.318056 0.059896 0.080556
8 0.634375 0.339352 0.053125 0.102778
8 0.684115 0.343056 0.047396 0.075000
9 0.730990 0.355556 0.056771 0.085185
8 0.605990 0.218519 0.043229 0.096296
8 0.564844 0.218519 0.042188 0.092593
8 0.452865 0.209722 0.061979 0.080556
9 0.386719 0.218519 0.066146 0.079630
8 0.305990 0.218519 0.057813 0.079630
8 0.254948 0.231019 0.050521 0.084259
8 0.298438 0.153241 0.044792 0.076852
8 0.343490 0.152778 0.048438 0.075926
8 0.390365 0.150926 0.045312 0.061111
8 0.442448 0.151389 0.053646 0.063889
9 0.510417 0.156019 0.055208 0.065741
8 0.565365 0.148148 0.048438 0.081481
8 0.609115 0.168056 0.041146 0.071296
8 0.651563 0.168519 0.043750 0.068519
9 0.666667 0.127778 0.044792 0.050000
9 0.622917 0.116667 0.045833 0.059259
8 0.582292 0.104630 0.038542 0.068519
8 0.538542 0.093056 0.041667 0.056481
8 0.499740 0.093056 0.036979 0.062037
8 0.460417 0.084259 0.041667 0.068519
8 0.377865 0.102315 0.044271 0.060185
9 0.332813 0.113426 0.043750 0.049074
8 0.290365 0.106019 0.041146 0.062037
8 0.316667 0.068056 0.034375 0.050926
8 0.351042 0.059259 0.037500 0.055556
8 0.386719 0.055556 0.039062 0.055556
8 0.322396 0.043056 0.039583 0.041667
8 0.419271 0.029167 0.031250 0.050926
9 0.429948 0.055556 0.033854 0.050000
8 0.463542 0.051852 0.034375 0.061111
8 0.449219 0.027315 0.023438 0.052778
8 0.489063 0.031019 0.029167 0.049074
8 0.501563 0.055556 0.034375 0.055556
8 0.523438 0.031019 0.028125 0.041667
8 0.548438 0.039352 0.033333 0.047222
8 0.568490 0.068519 0.039062 0.055556
8 0.585417 0.043056 0.029167 0.043519
8 0.608594 0.068056 0.033854 0.063889
8 0.652344 0.081019 0.035937 0.052778
8 0.685417 0.073611 0.028125 0.054630
8 0.712240 0.081019 0.028646 0.045370
8 0.733594 0.114352 0.032813 0.052778
9 0.757292 0.151852 0.040625 0.050000
8 0.759115 0.184722 0.042188 0.069444
8 0.784115 0.198611 0.025521 0.054630
8 0.776563 0.243056 0.040625 0.063889
8 0.814844 0.255556 0.040104 0.074074
8 0.801042 0.318519 0.051042 0.087037
8 0.837240 0.320833 0.040104 0.080556
8 0.832292 0.400926 0.050000 0.098148
8 0.877865 0.406019 0.040104 0.100926
8 0.900000 0.605556 0.068750 0.090741
8 0.946615 0.618056 0.045312 0.119444
8 0.952865 0.806481 0.081771 0.105556
3 0.504167 0.954167 0.026042 0.062037
8 0.507292 0.221759 0.048958 0.093519
6 0.721615 0.527778 0.050521 0.064815
5 0.652865 0.531019 0.055729 0.052778
6 0.484896 0.493056 0.051042 0.050926
6 0.213542 0.366667 0.040625 0.037037
5 0.263542 0.368519 0.042708 0.035185
3 0.376563 0.376852 0.012500 0.022222
5 0.377865 0.381019 0.027604 0.036111
4 0.310417 0.368056 0.021875 0.028704
5 0.324219 0.380093 0.046354 0.036111
4 0.962240 0.855556 0.020313 0.042593
5 0.966667 0.860185 0.030208 0.055556
5 0.918490 0.668056 0.034896 0.047222
5 0.954948 0.655556 0.030729 0.040741
1 0.151042 0.206019 0.017708 0.037963
1 0.321615 0.031019 0.013021 0.025000
1 0.316667 0.057407 0.014583 0.031481
1 0.294792 0.093519 0.014583 0.035185
6 0.285938 0.138426 0.015625 0.025000
1 0.355469 0.045833 0.013021 0.030556
1 0.327344 0.103704 0.016146 0.027778
1 0.380990 0.089815 0.016146 0.029630
1 0.388542 0.045833 0.014583 0.030556
1 0.421615 0.017593 0.014063 0.025926
1 0.428125 0.045833 0.015625 0.030556
1 0.459115 0.032407 0.014063 0.031481
0 0.454167 0.010185 0.012500 0.018519
1 0.496615 0.018519 0.015104 0.025926
1 0.459115 0.068056 0.017188 0.034259
2 0.492188 0.078241 0.016667 0.028704
1 0.504167 0.043056 0.014583 0.030556
1 0.518750 0.023148 0.012500 0.031481
1 0.552865 0.030093 0.011979 0.026852
5 0.523438 0.056019 0.014583 0.013889
1 0.541667 0.085648 0.014583 0.030556
1 0.569792 0.055556 0.013542 0.031481
1 0.586719 0.039815 0.014063 0.029630
1 0.584375 0.085185 0.015625 0.031481
5 0.546615 0.131019 0.023438 0.019444
1 0.612240 0.048611 0.016146 0.030556
1 0.651823 0.068056 0.013021 0.028704
1 0.630469 0.106019 0.017188 0.032407
6 0.588542 0.135648 0.027083 0.019444
1 0.673438 0.118519 0.015625 0.031481
5 0.679167 0.156019 0.018750 0.019444
4 0.654167 0.105556 0.011458 0.014815
4 0.658073 0.198148 0.016146 0.018519
1 0.660417 0.155093 0.017708 0.036111
1 0.613021 0.151852 0.016667 0.035185
0 0.567448 0.130556 0.016146 0.040741
1 0.517188 0.143519 0.019792 0.042593
5 0.462240 0.123611 0.027604 0.019444
6 0.437240 0.181019 0.026562 0.028704
1 0.444792 0.141204 0.017708 0.039815
1 0.389844 0.139352 0.017188 0.036111
1 0.344271 0.134722 0.018750 0.043519
1 0.301042 0.131019 0.016667 0.036111
6 0.288021 0.192593 0.026042 0.024074
4 0.338542 0.180556 0.018750 0.018519
5 0.346615 0.186111 0.033854 0.020370
1 0.256771 0.211111 0.020833 0.044444
1 0.306771 0.204630 0.021875 0.042593
4 0.249219 0.268056 0.017188 0.023148
1 0.388542 0.209259 0.022917 0.044444
1 0.452865 0.204630 0.020313 0.040741
6 0.447917 0.256019 0.038542 0.034259
1 0.516667 0.202778 0.020833 0.044444
4 0.494792 0.255556 0.014583 0.029630
5 0.519792 0.260185 0.036458 0.031481
0 0.568490 0.193519 0.021354 0.042593
5 0.555990 0.272685 0.023438 0.030556
5 0.582292 0.277315 0.038542 0.028704
5 0.619792 0.279630 0.036458 0.029630
3 0.588542 0.265278 0.017708 0.013889
3 0.600521 0.280556 0.011458 0.018519
0 0.609115 0.193519 0.019271 0.046296
1 0.730990 0.343056 0.020313 0.049074
1 0.694792 0.333333 0.022917 0.044444
4 0.685417 0.375000 0.023958 0.031481
5 0.696615 0.381019 0.023438 0.036111
5 0.745573 0.406019 0.028646 0.030556
1 0.633594 0.309722 0.023438 0.043519
6 0.638021 0.375926 0.048958 0.031481
4 0.574219 0.356019 0.020313 0.026852
5 0.584115 0.376389 0.045312 0.039815
1 0.582292 0.304630 0.023958 0.046296
1 0.501563 0.294907 0.028125 0.056481
4 0.494792 0.368056 0.020833 0.025000
4 0.435417 0.366667 0.026042 0.031481
1 0.443490 0.289352 0.028646 0.062037
2 0.390365 0.280093 0.027604 0.056481
1 0.315625 0.273148 0.025000 0.055556
1 0.267448 0.256481 0.025521 0.051852
1 0.209115 0.317593 0.022396 0.044444
1 0.482292 0.393056 0.028125 0.065741
1 0.587240 0.431019 0.036979 0.069444
0 0.646615 0.412500 0.031771 0.069444
0 0.719792 0.406019 0.027083 0.069444
1 0.769271 0.438889 0.025000 0.061111
1 0.816667 0.603241 0.032292 0.071296
6 0.802865 0.701389 0.048438 0.060185
1 0.585417 0.539815 0.029167 0.075926
0 0.474740 0.518519 0.035937 0.077778
1 0.402344 0.516204 0.029687 0.073148
1 0.314063 0.527315 0.032292 0.076852
1 0.246094 0.507870 0.027604 0.062037
1 0.979688 0.814815 0.025000 0.059259
3 0.924740 0.656019 0.013021 0.030556
1 0.922917 0.593519 0.020833 0.050000
1 0.959115 0.586574 0.020313 0.056481
4 0.843490 0.441667 0.025521 0.020370
5 0.844792 0.455556 0.032292 0.027778
1 0.887240 0.385648 0.018229 0.043519
1 0.842969 0.376852 0.020313 0.046296
1 0.816667 0.355556 0.019792 0.027778
5 0.810417 0.364815 0.032292 0.024074
1 0.842969 0.305093 0.018229 0.041667
1 0.816146 0.306019 0.020833 0.041667
1 0.826042 0.240741 0.018750 0.038889
1 0.785417 0.231481 0.017708 0.037037
5 0.759896 0.216204 0.020833 0.019444
1 0.788542 0.189815 0.015625 0.029630
1 0.762240 0.168519 0.014063 0.035185
1 0.762240 0.143056 0.017188 0.028704
1 0.738542 0.099537 0.012500 0.030556
4 0.738542 0.131481 0.011458 0.014815
1 0.718490 0.070370 0.011979 0.025926
1 0.689063 0.060648 0.011458 0.028704
4 0.692969 0.093519 0.011979 0.011111
