1 0.018490 0.566667 0.032813 0.057407
8 0.038542 0.593981 0.071875 0.143519
5 0.117188 0.306019 0.025000 0.026852
1 0.153646 0.230556 0.017708 0.044444
8 0.155990 0.254167 0.045312 0.080556
5 0.198698 0.231019 0.018229 0.023148
1 0.181250 0.200000 0.015625 0.031481
9 0.188542 0.206019 0.033333 0.054630
3 0.194792 0.168056 0.012500 0.019444
1 0.197917 0.130556 0.013542 0.031481
8 0.196615 0.143519 0.036979 0.064815
3 0.250521 0.112500 0.010417 0.006481
5 0.254688 0.115278 0.027083 0.015741
1 0.255990 0.075926 0.017188 0.031481
8 0.260417 0.083796 0.035417 0.050926
8 0.251042 0.568056 0.066667 0.169444
8 0.315365 0.627315 0.082812 0.149074
8 0.399740 0.568056 0.070312 0.175000
8 0.471615 0.596759 0.074479 0.219444
8 0.591667 0.605556 0.094792 0.187037
6 0.577865 0.678241 0.073438 0.067593
6 0.480990 0.678704 0.066146 0.068519
5 0.393490 0.684722 0.065104 0.069444
6 0.313021 0.693519 0.061458 0.064815
5 0.236719 0.664352 0.054688 0.065741
8 0.796094 0.643519 0.095312 0.157407
8 0.766667 0.480556 0.056250 0.144444
8 0.707292 0.456481 0.071875 0.131481
8 0.641667 0.447222 0.066667 0.168519
8 0.574740 0.443981 0.070312 0.149074
8 0.489844 0.430556 0.082812 0.137037
9 0.215365 0.327778 0.066146 0.094444
8 0.274219 0.293519 0.051562 0.122222
8 0.324740 0.307407 0.069271 0.125926
8 0.392188 0.305556 0.063542 0.109259
8 0.442188 0.321759 0.062500 0.119444
8 0.504167 0.324537 0.063542 0.106481
8 0.574740 0.322222 0.059896 0.081481
8 0.634115 0.343519 0.056771 0.085185
8 0.684115 0.343056 0.047396 0.075000
9 0.729688 0.354630 0.051042 0.085185
8 0.602865 0.205556 0.040104 0.107407
8 0.565365 0.218056 0.042188 0.089815
8 0.454688 0.214815 0.060417 0.079630
9 0.387240 0.218519 0.066146 0.079630
8 0.305990 0.220833 0.057813 0.080556
8 0.254688 0.231019 0.048958 0.082407
8 0.298698 0.158333 0.046354 0.075926
8 0.343490 0.153704 0.048438 0.075926
9 0.388542 0.155556 0.042708 0.051852
8 0.442188 0.148148 0.053125 0.068519
9 0.510938 0.156019 0.055208 0.065741
8 0.565365 0.155556 0.048438 0.072222
8 0.610417 0.168056 0.041667 0.071296
8 0.651563 0.168519 0.044792 0.068519
9 0.667188 0.128704 0.044792 0.050000
9 0.622917 0.116667 0.045833 0.059259
8 0.582292 0.104630 0.038542 0.068519
8 0.538542 0.095833 0.041667 0.056481
8 0.501823 0.093056 0.036979 0.062037
8 0.460938 0.087500 0.041667 0.069444
8 0.379167 0.102315 0.044792 0.060185
9 0.329688 0.109722 0.037500 0.043519
8 0.292969 0.106019 0.047396 0.054630
8 0.314063 0.068519 0.037500 0.050000
8 0.351042 0.058333 0.037500 0.055556
8 0.387240 0.061111 0.039062 0.055556
8 0.322396 0.043056 0.039583 0.043519
8 0.418490 0.030556 0.030729 0.048148
8 0.430990 0.050463 0.033854 0.056481
8 0.463021 0.056019 0.038542 0.050926
8 0.451042 0.022685 0.028125 0.043519
8 0.487240 0.026389 0.030729 0.050926
8 0.501042 0.056481 0.035417 0.053704
8 0.519792 0.031019 0.023958 0.037963
8 0.548438 0.039352 0.033333 0.047222
8 0.568490 0.066667 0.039062 0.055556
8 0.585938 0.045833 0.027083 0.043519
8 0.609115 0.067130 0.033854 0.063889
8 0.652865 0.081019 0.035937 0.054630
8 0.685417 0.076852 0.029167 0.050000
8 0.712240 0.080556 0.027604 0.044444
8 0.733594 0.109722 0.032813 0.056481
9 0.755469 0.155093 0.044271 0.043519
8 0.758594 0.188426 0.042188 0.063889
8 0.784115 0.193056 0.024479 0.045370
8 0.776823 0.243056 0.041146 0.065741
8 0.815365 0.256019 0.040104 0.075000
8 0.798438 0.311111 0.046875 0.094444
9 0.843490 0.331019 0.049479 0.063889
8 0.832292 0.404630 0.050000 0.098148
8 0.879948 0.416667 0.041146 0.098148
8 0.898698 0.614815 0.059896 0.127778
8 0.946615 0.618056 0.045312 0.119444
8 0.957292 0.806481 0.077083 0.111111
3 0.504167 0.954167 0.026042 0.062037
8 0.501563 0.214352 0.043750 0.087963
6 0.725000 0.531019 0.046875 0.052778
6 0.652865 0.531019 0.054688 0.052778
6 0.484896 0.493056 0.051042 0.050926
6 0.213542 0.367593 0.040625 0.037037
5 0.263542 0.368519 0.042708 0.035185
3 0.376563 0.376852 0.012500 0.022222
5 0.377865 0.381019 0.027604 0.036111
4 0.310417 0.368056 0.021875 0.028704
5 0.324219 0.380093 0.046354 0.036111
4 0.962240 0.855556 0.020313 0.042593
5 0.967448 0.857870 0.028646 0.062037
6 0.920573 0.668519 0.031771 0.048148
5 0.955469 0.655556 0.030729 0.040741
1 0.980990 0.805556 0.025521 0.059259
1 0.960417 0.591204 0.020833 0.052778
5 0.801042 0.695370 0.048958 0.061111
3 0.925781 0.657407 0.013021 0.031481
1 0.321615 0.031481 0.013021 0.027778
1 0.315365 0.062037 0.016146 0.031481
1 0.291667 0.093981 0.014583 0.030556
4 0.289844 0.131019 0.016146 0.015741
4 0.330469 0.129167 0.015104 0.017593
1 0.324740 0.105093 0.017188 0.030556
1 0.355990 0.045833 0.014063 0.030556
1 0.382292 0.087037 0.017708 0.031481
1 0.388542 0.050000 0.014583 0.031481
4 0.377865 0.124537 0.014063 0.019444
2 0.432292 0.040278 0.014583 0.030556
1 0.419792 0.018519 0.012500 0.027778
1 0.452344 0.013426 0.011979 0.025000
1 0.463542 0.043056 0.014583 0.030556
1 0.459115 0.068981 0.015104 0.034259
2 0.493490 0.078241 0.016146 0.030556
5 0.463542 0.123611 0.027083 0.019444
1 0.490365 0.010648 0.011979 0.019444
1 0.516667 0.029167 0.013542 0.025000
1 0.502865 0.047222 0.015104 0.031481
5 0.524219 0.054630 0.015104 0.016667
1 0.554167 0.029630 0.011458 0.025926
1 0.542188 0.089815 0.013542 0.029630
5 0.544792 0.130556 0.023958 0.020370
1 0.571615 0.056019 0.014063 0.032407
1 0.584115 0.086574 0.017188 0.030556
6 0.591667 0.135648 0.017708 0.019444
1 0.587240 0.041204 0.013021 0.028704
0 0.616667 0.049074 0.015625 0.031481
1 0.629167 0.106019 0.016667 0.030556
4 0.624740 0.142130 0.011979 0.015741
5 0.635938 0.143519 0.014583 0.018519
1 0.651563 0.068519 0.013542 0.027778
1 0.673438 0.118519 0.017708 0.031481
5 0.679948 0.156019 0.019271 0.019444
4 0.658073 0.200000 0.016146 0.018519
1 0.662240 0.155556 0.018229 0.033333
1 0.612240 0.148148 0.017188 0.031481
1 0.574740 0.142130 0.019271 0.037963
1 0.519792 0.143519 0.019792 0.042593
1 0.395573 0.153241 0.019271 0.037963
1 0.442448 0.135185 0.018229 0.044444
6 0.437240 0.180556 0.025521 0.027778
4 0.338542 0.181019 0.017708 0.017593
5 0.346615 0.186574 0.032813 0.019444
1 0.343490 0.135185 0.018229 0.042593
1 0.302865 0.143056 0.017188 0.037963
6 0.288542 0.193519 0.027083 0.022222
4 0.249740 0.268519 0.016146 0.022222
1 0.257292 0.210185 0.020833 0.044444
1 0.309375 0.204630 0.021875 0.042593
1 0.387240 0.210185 0.022396 0.044444
1 0.451042 0.203241 0.020833 0.041667
6 0.447917 0.255556 0.038542 0.035185
1 0.502865 0.193519 0.019271 0.042593
4 0.494792 0.255556 0.014583 0.029630
5 0.519792 0.259722 0.037500 0.030556
2 0.568229 0.199537 0.020833 0.043519
0 0.603646 0.178241 0.019792 0.045370
5 0.556771 0.273148 0.023958 0.031481
5 0.583594 0.277778 0.036979 0.029630
3 0.587240 0.264352 0.018229 0.013889
3 0.601042 0.280556 0.011458 0.018519
5 0.620313 0.281019 0.036458 0.030556
1 0.726042 0.343056 0.020833 0.047222
1 0.693490 0.334722 0.022396 0.043519
4 0.686719 0.374537 0.022396 0.030556
5 0.696615 0.381019 0.025521 0.036111
3 0.728125 0.392130 0.012500 0.015741
5 0.746615 0.402778 0.028646 0.037037
1 0.642969 0.328704 0.024479 0.042593
1 0.582292 0.305556 0.022917 0.048148
4 0.571094 0.356019 0.026562 0.028704
5 0.582292 0.369444 0.043750 0.035185
3 0.501042 0.368056 0.013542 0.021296
6 0.506250 0.368056 0.046875 0.034259
1 0.504167 0.305556 0.026042 0.050000
1 0.446615 0.293519 0.026562 0.059259
4 0.435417 0.367593 0.026042 0.029630
2 0.410938 0.281019 0.026042 0.058333
1 0.319792 0.274074 0.023958 0.055556
1 0.265365 0.255556 0.025521 0.051852
1 0.210417 0.318056 0.022917 0.047222
1 0.485938 0.393981 0.028125 0.063889
1 0.590365 0.405556 0.033854 0.070370
6 0.587240 0.518056 0.051562 0.052778
0 0.643490 0.397685 0.028646 0.069444
0 0.726042 0.429630 0.030208 0.072222
1 0.769792 0.440741 0.026042 0.062963
0 0.784896 0.606019 0.033333 0.080556
1 0.585417 0.544907 0.029167 0.069444
0 0.473438 0.530556 0.037500 0.079630
1 0.388542 0.517130 0.030208 0.069444
2 0.308594 0.592593 0.042188 0.074074
1 0.246094 0.518056 0.028646 0.063889
1 0.917188 0.581019 0.020833 0.058333
1 0.843490 0.379167 0.020313 0.047222
1 0.886719 0.391667 0.020313 0.044444
4 0.840365 0.442593 0.020313 0.025926
5 0.844271 0.456019 0.033333 0.026852
1 0.851042 0.326852 0.020833 0.040741
1 0.804688 0.284722 0.020833 0.043519
3 0.816667 0.355556 0.020833 0.025926
5 0.810417 0.364815 0.032292 0.025926
4 0.821615 0.288889 0.015104 0.024074
1 0.826042 0.240741 0.018750 0.038889
1 0.787240 0.231019 0.018229 0.037963
1 0.788542 0.192593 0.014583 0.033333
1 0.762760 0.172222 0.016146 0.037037
6 0.761719 0.217593 0.017188 0.020370
1 0.765365 0.145370 0.017188 0.025926
4 0.738542 0.131019 0.013542 0.015741
1 0.738542 0.099537 0.013542 0.030556
1 0.719792 0.070370 0.013542 0.025926
1 0.689323 0.064352 0.011979 0.025000
4 0.693490 0.093056 0.010937 0.013889
4 0.652865 0.105093 0.013021 0.015741
