1 0.020313 0.580556 0.023958 0.055556
1 0.042188 0.605556 0.066667 0.137037
3 0.124219 0.316204 0.013021 0.017593
5 0.117969 0.318056 0.026562 0.025000
1 0.154167 0.218056 0.019792 0.043519
8 0.160938 0.243056 0.039583 0.091667
5 0.193490 0.230556 0.032813 0.025926
1 0.197917 0.130556 0.014583 0.035185
1 0.250000 0.081019 0.018750 0.028704
3 0.250521 0.110648 0.010417 0.008333
5 0.254688 0.115278 0.028125 0.019444
9 0.259115 0.089352 0.039062 0.052778
8 0.329688 0.030556 0.028125 0.044444
8 0.315365 0.068519 0.035937 0.057407
8 0.290365 0.106019 0.044271 0.063889
9 0.328646 0.105556 0.036458 0.053704
8 0.351042 0.059259 0.034375 0.055556
8 0.377344 0.103704 0.043229 0.059259
8 0.388542 0.055556 0.039583 0.055556
8 0.419271 0.029167 0.035417 0.052778
8 0.451042 0.029630 0.028125 0.053704
9 0.421615 0.055556 0.033854 0.044444
8 0.463021 0.054630 0.038542 0.057407
8 0.460938 0.080556 0.042708 0.068519
8 0.488542 0.026852 0.030208 0.051852
8 0.501563 0.055556 0.035417 0.059259
8 0.521615 0.030556 0.026562 0.044444
9 0.508073 0.106019 0.047396 0.060185
8 0.541667 0.093056 0.035417 0.056481
8 0.549219 0.039352 0.034896 0.049074
9 0.567969 0.068056 0.036979 0.045370
8 0.584115 0.043056 0.029687 0.043519
8 0.582292 0.106019 0.039583 0.058333
8 0.612240 0.068056 0.035937 0.052778
8 0.620313 0.106019 0.041667 0.073148
9 0.668490 0.130556 0.047396 0.053704
8 0.649219 0.080556 0.032813 0.055556
8 0.652865 0.170833 0.048438 0.069444
8 0.612240 0.168056 0.042188 0.069444
8 0.563542 0.164815 0.050000 0.088889
8 0.513542 0.143056 0.056250 0.080556
8 0.439063 0.154630 0.062500 0.081481
8 0.385417 0.156019 0.039583 0.054630
8 0.344271 0.144907 0.043750 0.080556
8 0.296615 0.156019 0.046354 0.082407
9 0.254167 0.241204 0.061458 0.073148
8 0.314063 0.218056 0.055208 0.086111
9 0.388021 0.218056 0.066667 0.080556
9 0.454688 0.217593 0.061458 0.088889
8 0.507292 0.218056 0.052083 0.082407
8 0.567448 0.218056 0.044271 0.080556
8 0.604167 0.205556 0.044792 0.105556
5 0.518490 0.255556 0.039062 0.031481
5 0.555990 0.268056 0.023438 0.030556
5 0.584115 0.268981 0.036979 0.030556
5 0.619792 0.281019 0.037500 0.030556
3 0.594271 0.265741 0.018750 0.016667
3 0.599740 0.280556 0.011979 0.020370
9 0.734115 0.355556 0.060937 0.087037
8 0.684115 0.331019 0.055729 0.099074
9 0.629948 0.343519 0.059896 0.075926
8 0.574740 0.318056 0.057813 0.080556
5 0.584115 0.376852 0.046354 0.040741
9 0.501042 0.343056 0.068750 0.093519
8 0.443490 0.305556 0.063021 0.116667
8 0.385417 0.306019 0.054167 0.149074
5 0.377865 0.381019 0.028646 0.039815
8 0.326042 0.317593 0.062500 0.140741
5 0.324219 0.380556 0.048438 0.040741
8 0.270313 0.318056 0.060417 0.143519
6 0.263542 0.368056 0.042708 0.043519
9 0.216667 0.327315 0.059375 0.102778
1 0.210417 0.316204 0.026042 0.049074
6 0.213542 0.368056 0.038542 0.039815
8 0.480469 0.440278 0.085938 0.128704
6 0.485938 0.493519 0.053125 0.053704
8 0.571094 0.443519 0.070312 0.120370
5 0.585417 0.518056 0.055208 0.056481
8 0.640365 0.443519 0.073438 0.172222
6 0.654167 0.531019 0.054167 0.056481
8 0.704688 0.468056 0.064583 0.167593
6 0.722917 0.530556 0.046875 0.051852
8 0.760417 0.455556 0.058333 0.144444
9 0.790365 0.643056 0.081771 0.093519
5 0.810417 0.696759 0.048958 0.056481
8 0.568490 0.604167 0.080729 0.173148
6 0.581771 0.680556 0.072917 0.081481
8 0.476042 0.588426 0.076042 0.149074
6 0.487240 0.677778 0.067187 0.079630
8 0.397917 0.581944 0.080208 0.130556
5 0.393490 0.680556 0.064062 0.068519
8 0.319792 0.564815 0.072917 0.190741
5 0.314323 0.680556 0.063021 0.068519
8 0.246615 0.555556 0.075521 0.181481
6 0.237240 0.655556 0.058854 0.081481
3 0.504167 0.953241 0.027083 0.065741
8 0.949740 0.802315 0.081771 0.115741
3 0.965365 0.860185 0.011979 0.031481
5 0.966667 0.867130 0.029167 0.050926
1 0.977865 0.802315 0.027604 0.062037
8 0.894792 0.593056 0.073958 0.093519
8 0.937240 0.568056 0.036979 0.130556
5 0.917188 0.665741 0.037500 0.053704
5 0.954688 0.655556 0.031250 0.044444
3 0.924740 0.652315 0.014063 0.034259
8 0.833594 0.405556 0.050521 0.101852
8 0.879167 0.406019 0.041667 0.102778
8 0.802344 0.318519 0.052604 0.085185
9 0.845313 0.338889 0.047917 0.061111
8 0.779167 0.243981 0.041667 0.080556
8 0.809115 0.243056 0.035937 0.076852
8 0.755990 0.181481 0.039062 0.068519
8 0.784115 0.200463 0.029687 0.050926
9 0.752865 0.153241 0.043229 0.043519
8 0.734115 0.106019 0.032813 0.049074
8 0.710417 0.074074 0.021875 0.044444
8 0.687240 0.068056 0.032813 0.050926
1 0.919792 0.577778 0.022917 0.055556
0 0.939323 0.540741 0.021354 0.053704
8 0.196615 0.143056 0.036979 0.067593
1 0.180990 0.201852 0.019271 0.040741
9 0.194792 0.206019 0.046875 0.050926
4 0.196615 0.168056 0.017188 0.017593
1 0.327344 0.031019 0.014063 0.028704
1 0.317188 0.056019 0.014583 0.032407
1 0.290365 0.093519 0.016146 0.035185
1 0.324219 0.095833 0.017188 0.030556
1 0.299740 0.130556 0.017188 0.044444
1 0.340365 0.130556 0.019271 0.040741
1 0.357292 0.054630 0.017708 0.033333
1 0.381771 0.093519 0.018750 0.035185
4 0.322396 0.130556 0.017708 0.018519
4 0.377865 0.121759 0.015104 0.019444
1 0.387240 0.043981 0.014063 0.030556
1 0.422917 0.018519 0.014583 0.029630
7 0.416667 0.065278 0.016667 0.030556
1 0.452865 0.018519 0.014063 0.029630
1 0.465625 0.042130 0.015625 0.032407
1 0.459896 0.068056 0.017708 0.036111
5 0.463021 0.118981 0.029167 0.019444
1 0.489063 0.013889 0.014583 0.025926
1 0.501042 0.042130 0.016667 0.032407
1 0.519271 0.022222 0.014583 0.031481
5 0.522917 0.055556 0.016667 0.016667
1 0.515365 0.093519 0.017188 0.031481
1 0.555469 0.030556 0.013021 0.027778
1 0.542969 0.084259 0.017188 0.031481
1 0.584115 0.043056 0.014063 0.028704
1 0.573698 0.067593 0.018229 0.031481
1 0.587240 0.093519 0.015104 0.031481
1 0.617969 0.055556 0.017188 0.031481
1 0.654167 0.068981 0.016667 0.030556
5 0.592448 0.140278 0.021354 0.017593
5 0.544792 0.130556 0.023958 0.020370
1 0.618490 0.093519 0.017188 0.035185
4 0.626042 0.141667 0.013542 0.014815
5 0.637240 0.143519 0.017188 0.022222
1 0.672396 0.118519 0.016667 0.031481
6 0.652865 0.105556 0.019271 0.022222
4 0.656771 0.193056 0.017708 0.019444
1 0.658594 0.155556 0.018229 0.031481
1 0.615365 0.156019 0.018229 0.037963
1 0.574740 0.143056 0.018229 0.045370
1 0.574740 0.206019 0.022396 0.043519
1 0.601042 0.180556 0.020833 0.046296
1 0.519792 0.131019 0.020833 0.043519
1 0.512240 0.197222 0.022396 0.044444
4 0.493490 0.255556 0.018229 0.029630
1 0.437240 0.130556 0.021354 0.044444
1 0.451042 0.208333 0.022917 0.044444
1 0.388021 0.209259 0.022917 0.044444
1 0.388021 0.143056 0.019792 0.037963
1 0.314063 0.193056 0.021875 0.043519
3 0.313021 0.256019 0.014583 0.013889
1 0.252344 0.227778 0.022396 0.042593
4 0.246615 0.268519 0.017188 0.027778
1 0.267188 0.281019 0.025000 0.058333
0 0.326042 0.278704 0.025000 0.059259
4 0.314323 0.368056 0.022396 0.028704
2 0.383594 0.266667 0.026562 0.059259
2 0.447396 0.281019 0.031250 0.060185
3 0.442969 0.368056 0.018229 0.026852
5 0.442188 0.368056 0.026042 0.043519
1 0.494792 0.331019 0.028125 0.060185
1 0.582292 0.306019 0.023958 0.050926
4 0.572917 0.355556 0.023958 0.033333
1 0.638542 0.330556 0.022917 0.048148
6 0.622917 0.380556 0.031250 0.037037
1 0.696615 0.306019 0.022396 0.050926
6 0.684896 0.369907 0.029167 0.043519
1 0.734896 0.355093 0.023958 0.050926
3 0.729688 0.393519 0.011458 0.025926
0 0.762240 0.418056 0.024479 0.065741
1 0.715365 0.418519 0.032813 0.066667
0 0.647917 0.393519 0.030208 0.072222
1 0.574740 0.427315 0.036979 0.071296
1 0.484896 0.405556 0.035417 0.062963
1 0.241667 0.506019 0.030208 0.076852
1 0.313021 0.518056 0.031250 0.076852
1 0.398438 0.555556 0.034375 0.070370
1 0.474740 0.553241 0.036979 0.071296
1 0.570573 0.554630 0.034896 0.070370
7 0.813542 0.655556 0.033333 0.062963
1 0.842969 0.379630 0.020313 0.048148
1 0.887240 0.388889 0.019271 0.048148
4 0.841667 0.443056 0.021875 0.019444
1 0.816667 0.303241 0.022917 0.045370
1 0.859375 0.335185 0.018750 0.044444
4 0.818490 0.356019 0.020313 0.030556
5 0.812240 0.367593 0.031771 0.024074
1 0.784115 0.230556 0.017188 0.040741
1 0.817448 0.229630 0.018229 0.042593
1 0.762240 0.168519 0.015104 0.037037
1 0.789323 0.193056 0.015104 0.034259
1 0.738021 0.098611 0.014583 0.030556
4 0.737240 0.130556 0.013021 0.014815
1 0.710938 0.068056 0.013542 0.025000
1 0.688542 0.059722 0.013542 0.030556
4 0.689844 0.093056 0.013021 0.015741
5 0.679688 0.156019 0.018750 0.019444
6 0.760938 0.215741 0.017708 0.022222
