1 0.020313 0.580556 0.023958 0.055556
1 0.042188 0.605556 0.066667 0.137037
3 0.124219 0.316204 0.013021 0.017593
5 0.117969 0.318056 0.026562 0.025000
1 0.154167 0.218981 0.019792 0.043519
8 0.160938 0.243056 0.039583 0.091667
5 0.192969 0.230556 0.032813 0.025926
1 0.197917 0.127315 0.014583 0.028704
1 0.250000 0.081019 0.018750 0.028704
3 0.249740 0.111111 0.010937 0.007407
5 0.254688 0.112500 0.028125 0.019444
9 0.257292 0.088426 0.039583 0.050926
8 0.329948 0.031019 0.027604 0.047222
8 0.317188 0.068519 0.031250 0.053704
8 0.296615 0.104630 0.036979 0.066667
8 0.327865 0.106019 0.036979 0.056481
8 0.350521 0.057407 0.034375 0.055556
8 0.377344 0.103704 0.043229 0.059259
8 0.388542 0.055556 0.039583 0.055556
8 0.419271 0.028241 0.035417 0.052778
8 0.451042 0.028704 0.028125 0.053704
9 0.421615 0.056481 0.033854 0.044444
8 0.463021 0.054630 0.038542 0.057407
8 0.460938 0.083333 0.042708 0.068519
8 0.488542 0.026852 0.030208 0.051852
8 0.501563 0.055556 0.035417 0.059259
8 0.521615 0.030556 0.026562 0.044444
9 0.508073 0.106019 0.047396 0.060185
8 0.541667 0.093056 0.035417 0.056481
8 0.549219 0.039352 0.034896 0.049074
8 0.568490 0.068056 0.038021 0.058333
8 0.587240 0.043056 0.023438 0.043519
8 0.583594 0.106019 0.036979 0.045370
8 0.612240 0.068056 0.036979 0.063889
9 0.621615 0.118519 0.048438 0.061111
9 0.668490 0.130556 0.047396 0.053704
8 0.651563 0.080556 0.036458 0.055556
8 0.652865 0.168056 0.050521 0.069444
8 0.609896 0.167130 0.037500 0.063889
8 0.563542 0.164815 0.050000 0.088889
8 0.513542 0.153704 0.056250 0.083333
8 0.439063 0.154630 0.062500 0.081481
8 0.385417 0.156019 0.039583 0.054630
8 0.344271 0.147685 0.043750 0.080556
8 0.296615 0.156019 0.046354 0.082407
9 0.254167 0.241204 0.061458 0.073148
8 0.314063 0.218056 0.055208 0.086111
9 0.388021 0.218056 0.066667 0.080556
9 0.454688 0.217593 0.061458 0.088889
8 0.507292 0.218056 0.052083 0.082407
8 0.566667 0.219907 0.043750 0.069444
8 0.602865 0.205556 0.042188 0.105556
5 0.518490 0.255556 0.039062 0.031481
5 0.555990 0.268056 0.023438 0.030556
5 0.584115 0.270833 0.036979 0.030556
5 0.619792 0.281019 0.037500 0.030556
3 0.594271 0.265741 0.018750 0.016667
3 0.599740 0.280556 0.011979 0.020370
9 0.734115 0.355556 0.060937 0.087037
8 0.684115 0.331019 0.055729 0.099074
9 0.630469 0.343519 0.059896 0.075926
8 0.574740 0.318981 0.057813 0.080556
5 0.584115 0.376852 0.046354 0.040741
9 0.501563 0.343056 0.068750 0.093519
8 0.385417 0.305556 0.058333 0.151852
5 0.377865 0.381019 0.028646 0.039815
8 0.329688 0.318519 0.062500 0.140741
5 0.324219 0.380556 0.048438 0.040741
8 0.269792 0.319907 0.060417 0.143519
6 0.263542 0.369907 0.042708 0.043519
9 0.216667 0.327315 0.059375 0.102778
1 0.210417 0.316204 0.026042 0.049074
6 0.213542 0.368056 0.038542 0.039815
8 0.486198 0.430556 0.078646 0.129630
6 0.485938 0.493519 0.053125 0.053704
8 0.571615 0.443519 0.070312 0.120370
5 0.585417 0.518056 0.055208 0.056481
8 0.640365 0.443519 0.073438 0.172222
6 0.654167 0.531019 0.054167 0.056481
8 0.710417 0.466667 0.072917 0.153704
6 0.722917 0.530556 0.046875 0.051852
8 0.763021 0.469444 0.052083 0.144444
8 0.801042 0.630093 0.103125 0.141667
5 0.809896 0.693056 0.048958 0.056481
8 0.568490 0.604167 0.080729 0.173148
6 0.581771 0.680556 0.072917 0.081481
8 0.476042 0.593056 0.078125 0.123148
5 0.486719 0.681019 0.065104 0.071296
8 0.398698 0.579167 0.078646 0.149074
5 0.393490 0.681481 0.064062 0.068519
8 0.321615 0.566667 0.074479 0.179630
5 0.314323 0.683333 0.063021 0.068519
8 0.254688 0.557407 0.066667 0.181481
5 0.237240 0.665278 0.057813 0.069444
3 0.504167 0.953241 0.027083 0.065741
8 0.949740 0.802315 0.081771 0.115741
3 0.965365 0.858333 0.011979 0.031481
5 0.967969 0.867130 0.029687 0.050926
1 0.976823 0.802315 0.027604 0.062037
8 0.894792 0.593056 0.073958 0.093519
8 0.941146 0.593519 0.041667 0.114815
5 0.917188 0.665741 0.037500 0.053704
5 0.954688 0.655556 0.031250 0.044444
3 0.924740 0.652315 0.014063 0.034259
8 0.833594 0.405556 0.050521 0.101852
8 0.877865 0.409259 0.041146 0.094444
8 0.799740 0.318056 0.050521 0.087963
9 0.845313 0.338889 0.047917 0.061111
8 0.779167 0.247685 0.041667 0.080556
8 0.810417 0.243981 0.038542 0.069444
8 0.754167 0.181481 0.038542 0.068519
8 0.783594 0.193519 0.028646 0.051852
9 0.752865 0.155093 0.043229 0.043519
8 0.734115 0.106019 0.032813 0.049074
8 0.709896 0.078241 0.021875 0.045370
8 0.688021 0.068056 0.028125 0.047222
1 0.919792 0.571759 0.022917 0.056481
0 0.949740 0.557407 0.021354 0.055556
8 0.196615 0.143056 0.036979 0.075000
1 0.180990 0.201852 0.019271 0.040741
9 0.194792 0.206019 0.046875 0.050926
4 0.196094 0.168056 0.019271 0.021296
1 0.327344 0.023148 0.014063 0.031481
1 0.315365 0.056019 0.014063 0.026852
1 0.296875 0.090278 0.015625 0.036111
1 0.327865 0.093056 0.018229 0.030556
4 0.322396 0.131019 0.014583 0.015741
1 0.352865 0.053241 0.016146 0.032407
1 0.387240 0.046759 0.015104 0.030556
1 0.380990 0.092593 0.017188 0.033333
4 0.376823 0.123148 0.015104 0.018519
0 0.423438 0.015741 0.014583 0.027778
7 0.416667 0.064815 0.016667 0.027778
1 0.465365 0.042130 0.014063 0.032407
1 0.452865 0.018056 0.014063 0.028704
1 0.457813 0.068519 0.015625 0.033333
5 0.462240 0.122222 0.028646 0.018519
1 0.489323 0.013426 0.013021 0.025000
1 0.501563 0.043519 0.015625 0.033333
1 0.519792 0.023148 0.014583 0.031481
1 0.517969 0.093056 0.017188 0.032407
5 0.523438 0.055556 0.017708 0.014815
5 0.546615 0.131019 0.023438 0.017593
1 0.542188 0.085185 0.015625 0.031481
1 0.554948 0.030556 0.013021 0.027778
1 0.574740 0.055556 0.016146 0.031481
5 0.565365 0.093519 0.019271 0.014815
1 0.584375 0.042593 0.012500 0.027778
1 0.618490 0.055556 0.016146 0.031481
1 0.585417 0.103704 0.014583 0.029630
1 0.626823 0.106481 0.016146 0.031481
1 0.652865 0.073611 0.014063 0.030556
4 0.651042 0.104630 0.013542 0.018519
1 0.671094 0.118519 0.017188 0.029630
1 0.658073 0.155556 0.019271 0.035185
4 0.655990 0.196759 0.017188 0.019444
1 0.613021 0.154630 0.017708 0.031481
1 0.575521 0.143056 0.016667 0.041667
1 0.519792 0.133333 0.020833 0.044444
1 0.438021 0.131019 0.019792 0.041667
6 0.438021 0.181019 0.036458 0.026852
1 0.384115 0.151389 0.019271 0.037963
4 0.335938 0.181019 0.016667 0.021296
5 0.347917 0.184259 0.029167 0.018519
1 0.343490 0.131019 0.020313 0.041667
6 0.291667 0.193056 0.030208 0.026852
1 0.299740 0.133333 0.016146 0.044444
1 0.252344 0.228241 0.021354 0.041667
1 0.314844 0.193056 0.021354 0.043519
1 0.388542 0.206481 0.020833 0.044444
1 0.451042 0.210648 0.021875 0.043519
4 0.494271 0.255556 0.016667 0.031481
1 0.512240 0.202778 0.019271 0.042593
1 0.576042 0.205556 0.022917 0.040741
1 0.605990 0.179630 0.020313 0.044444
1 0.734115 0.356019 0.022396 0.049074
3 0.729167 0.393519 0.011458 0.025926
6 0.685417 0.372685 0.031250 0.043519
3 0.674740 0.380556 0.013021 0.027778
1 0.696094 0.306019 0.023438 0.047222
1 0.637240 0.330556 0.022396 0.046296
6 0.622917 0.380093 0.033333 0.043519
4 0.571094 0.356019 0.026562 0.030556
1 0.580990 0.305556 0.022396 0.048148
1 0.496094 0.330556 0.026562 0.061111
3 0.442188 0.368056 0.018750 0.026852
5 0.442188 0.371759 0.025000 0.043519
8 0.442188 0.305556 0.064583 0.116667
2 0.444271 0.278241 0.033333 0.060185
2 0.383594 0.263889 0.027604 0.061111
0 0.328125 0.279167 0.025000 0.060185
4 0.314063 0.368056 0.020833 0.030556
1 0.263542 0.281019 0.027083 0.058333
1 0.492188 0.402315 0.028125 0.063889
1 0.579688 0.429167 0.033333 0.067593
0 0.647917 0.393519 0.028125 0.066667
0 0.715365 0.426852 0.029687 0.074074
1 0.767188 0.431019 0.026042 0.060185
2 0.833594 0.593519 0.036979 0.068519
1 0.567969 0.551852 0.033854 0.064815
1 0.475521 0.570833 0.034375 0.069444
1 0.396615 0.541204 0.030729 0.069444
0 0.313021 0.518056 0.030208 0.080556
1 0.248438 0.505556 0.029167 0.072222
1 0.842969 0.380556 0.020313 0.048148
0 0.887240 0.384722 0.019271 0.043519
4 0.841667 0.443056 0.023958 0.021296
1 0.858594 0.334722 0.020313 0.043519
1 0.812500 0.301389 0.021875 0.047222
4 0.818490 0.355556 0.019271 0.027778
5 0.811719 0.367593 0.031771 0.024074
1 0.818490 0.231481 0.019271 0.044444
1 0.784115 0.231481 0.017188 0.044444
1 0.788542 0.181019 0.016667 0.034259
1 0.762240 0.168519 0.017188 0.037037
1 0.762240 0.151852 0.019271 0.024074
4 0.738021 0.130556 0.010417 0.014815
1 0.737240 0.102778 0.013021 0.029630
1 0.711198 0.067593 0.013021 0.024074
1 0.691146 0.063426 0.011458 0.023148
3 0.691667 0.093519 0.008333 0.011111
6 0.760938 0.216204 0.017708 0.021296
