1 0.021615 0.593519 0.023438 0.055556
1 0.041146 0.605556 0.066667 0.137037
3 0.124219 0.316204 0.013021 0.017593
5 0.117969 0.318056 0.026562 0.025000
1 0.147917 0.243519 0.019792 0.040741
8 0.157292 0.256019 0.048958 0.073148
1 0.151823 0.206019 0.018229 0.030556
1 0.183073 0.205556 0.019271 0.038889
9 0.157292 0.218519 0.035417 0.050000
9 0.194792 0.206019 0.045833 0.049074
4 0.176563 0.231019 0.011458 0.023148
5 0.192188 0.230556 0.032292 0.025926
1 0.197917 0.130556 0.014583 0.033333
1 0.196615 0.143056 0.035937 0.071296
1 0.248438 0.079167 0.018750 0.028704
3 0.251042 0.113426 0.012500 0.012037
5 0.254688 0.112500 0.028125 0.019444
9 0.257292 0.087963 0.039583 0.050000
9 0.329167 0.042593 0.023958 0.038889
8 0.317969 0.067593 0.032813 0.057407
8 0.294792 0.104167 0.037500 0.067593
8 0.329948 0.104167 0.036979 0.056481
8 0.351042 0.059722 0.033333 0.056481
8 0.377344 0.103704 0.043229 0.059259
8 0.388542 0.055556 0.039583 0.055556
8 0.419271 0.031019 0.035417 0.052778
8 0.447917 0.030556 0.028125 0.053704
9 0.424740 0.055556 0.034896 0.051852
1 0.419271 0.043056 0.017708 0.030556
8 0.463021 0.054630 0.038542 0.057407
8 0.462240 0.080556 0.042188 0.074074
8 0.486719 0.026852 0.032813 0.051852
8 0.501563 0.055556 0.035417 0.059259
8 0.521615 0.030556 0.026562 0.044444
9 0.507292 0.106019 0.048958 0.054630
8 0.542188 0.093056 0.036458 0.060185
8 0.549219 0.039352 0.034896 0.049074
8 0.565365 0.068056 0.030729 0.058333
8 0.586198 0.043056 0.028646 0.043519
8 0.580990 0.093056 0.038021 0.071296
8 0.612240 0.068056 0.036979 0.063889
9 0.621615 0.118519 0.048438 0.061111
9 0.668490 0.130556 0.047396 0.053704
8 0.651042 0.081481 0.036458 0.055556
8 0.652344 0.168981 0.050521 0.069444
8 0.609375 0.167130 0.037500 0.063889
8 0.564063 0.164815 0.050000 0.088889
8 0.513542 0.152778 0.056250 0.083333
8 0.439063 0.155556 0.062500 0.081481
8 0.385417 0.156019 0.041667 0.052778
8 0.344271 0.147222 0.043750 0.081481
8 0.297396 0.156019 0.044792 0.082407
9 0.254167 0.240278 0.061458 0.073148
8 0.314063 0.218056 0.055208 0.086111
9 0.387240 0.218056 0.067187 0.080556
9 0.454688 0.216667 0.061458 0.088889
8 0.506771 0.218056 0.050000 0.076852
8 0.566667 0.216204 0.044792 0.091667
8 0.605990 0.206481 0.043229 0.105556
5 0.518490 0.255556 0.039062 0.031481
5 0.555990 0.268056 0.023438 0.030556
5 0.584115 0.273148 0.036979 0.031481
5 0.619792 0.279630 0.037500 0.027778
3 0.594271 0.265741 0.018750 0.016667
3 0.599740 0.280556 0.011979 0.020370
9 0.734115 0.355556 0.060937 0.087037
8 0.677865 0.318519 0.049479 0.107407
8 0.630990 0.330556 0.055729 0.094444
8 0.574740 0.319907 0.057813 0.080556
5 0.584115 0.376852 0.046354 0.040741
9 0.501042 0.343056 0.068750 0.093519
8 0.444271 0.305556 0.065625 0.144444
8 0.388021 0.306019 0.056250 0.154630
5 0.377865 0.381019 0.028646 0.039815
8 0.326042 0.310185 0.062500 0.144444
5 0.324219 0.380556 0.048438 0.040741
8 0.270313 0.315741 0.060417 0.142593
6 0.262240 0.368981 0.044271 0.043519
9 0.216667 0.327315 0.059375 0.102778
1 0.210417 0.316204 0.026042 0.049074
6 0.213542 0.368056 0.038542 0.039815
8 0.483594 0.418056 0.071354 0.130556
5 0.485938 0.493519 0.053125 0.053704
8 0.569792 0.443519 0.070833 0.120370
5 0.585417 0.518056 0.055208 0.056481
8 0.640365 0.443519 0.073438 0.172222
6 0.654167 0.531019 0.054167 0.056481
8 0.710938 0.468519 0.071875 0.144444
6 0.722917 0.530556 0.046875 0.051852
8 0.763542 0.480556 0.054167 0.142593
9 0.796615 0.643056 0.095312 0.113889
6 0.809896 0.697222 0.048958 0.055556
8 0.568490 0.630556 0.083854 0.168519
6 0.582292 0.691667 0.070833 0.074074
8 0.476042 0.593056 0.070833 0.193519
6 0.486198 0.680556 0.066146 0.072222
8 0.399219 0.572222 0.077604 0.155556
5 0.393490 0.680556 0.064062 0.068519
8 0.321615 0.564815 0.073438 0.187037
5 0.314323 0.680556 0.063021 0.068519
8 0.254167 0.568056 0.066667 0.171296
5 0.237240 0.665278 0.057813 0.069444
3 0.504167 0.953241 0.027083 0.065741
8 0.949740 0.802315 0.081771 0.115741
3 0.965365 0.855556 0.011979 0.031481
5 0.967969 0.867130 0.029687 0.050926
1 0.977344 0.793056 0.027604 0.062037
8 0.894792 0.593056 0.073958 0.093519
8 0.943490 0.603241 0.048438 0.126852
5 0.917188 0.665741 0.037500 0.053704
6 0.951042 0.656019 0.036458 0.041667
3 0.924740 0.652315 0.014063 0.034259
8 0.833594 0.405556 0.050521 0.101852
8 0.879167 0.411574 0.042708 0.093519
8 0.802865 0.318519 0.052604 0.087037
9 0.845313 0.338889 0.047917 0.061111
8 0.778646 0.246759 0.041667 0.080556
8 0.810417 0.244907 0.038542 0.069444
8 0.754167 0.182407 0.038542 0.068519
8 0.784896 0.193056 0.028125 0.056481
8 0.755990 0.143519 0.038021 0.057407
8 0.734115 0.105556 0.032813 0.055556
8 0.710417 0.077778 0.025000 0.046296
8 0.688021 0.076389 0.028125 0.052778
4 0.192969 0.168056 0.014063 0.019444
1 0.919792 0.580556 0.022917 0.053704
1 0.954688 0.568056 0.023958 0.050926
8 0.322917 0.038889 0.013542 0.027778
1 0.302865 0.093519 0.017188 0.038889
1 0.325521 0.093519 0.017708 0.033333
1 0.315365 0.055556 0.015104 0.029630
1 0.351042 0.054167 0.014583 0.034259
1 0.381771 0.092130 0.018750 0.032407
1 0.388021 0.045833 0.013542 0.030556
1 0.298438 0.134259 0.018750 0.044444
1 0.343490 0.130556 0.019271 0.044444
1 0.384115 0.150926 0.018229 0.038889
4 0.376823 0.122222 0.015104 0.018519
6 0.292969 0.193519 0.028646 0.027778
4 0.335938 0.180556 0.018750 0.024074
5 0.352344 0.184259 0.023438 0.018519
1 0.422917 0.018056 0.014583 0.028704
1 0.452344 0.018056 0.013021 0.028704
1 0.464323 0.040278 0.015104 0.028704
1 0.462240 0.066204 0.017188 0.036111
5 0.462500 0.121759 0.028125 0.019444
1 0.501042 0.042593 0.016667 0.031481
5 0.488021 0.014815 0.014583 0.027778
1 0.516146 0.093519 0.018750 0.031481
1 0.542448 0.081481 0.016146 0.031481
1 0.554688 0.031019 0.012500 0.028704
1 0.519792 0.028704 0.013542 0.027778
5 0.521615 0.055556 0.018229 0.014815
5 0.544792 0.130556 0.022917 0.018519
1 0.584115 0.040278 0.014063 0.028704
0 0.581771 0.078704 0.015625 0.037037
5 0.591667 0.140278 0.021875 0.017593
1 0.617188 0.055556 0.016667 0.035185
1 0.652865 0.074074 0.014063 0.031481
1 0.627344 0.106019 0.017188 0.034259
1 0.671615 0.118519 0.016146 0.031481
4 0.624740 0.140278 0.011979 0.017593
5 0.637240 0.143519 0.016146 0.020370
5 0.680469 0.155556 0.017188 0.018519
1 0.659115 0.155556 0.018229 0.037037
1 0.610938 0.154630 0.018750 0.033333
1 0.574219 0.143519 0.017188 0.042593
4 0.655990 0.193981 0.019271 0.019444
1 0.523438 0.130556 0.021875 0.042593
1 0.437240 0.132407 0.021354 0.044444
6 0.437240 0.180556 0.035937 0.029630
1 0.251563 0.227778 0.021875 0.040741
1 0.314063 0.194907 0.021875 0.043519
1 0.387240 0.206481 0.023438 0.044444
1 0.444792 0.205556 0.025000 0.044444
1 0.507292 0.202778 0.020833 0.042593
1 0.493490 0.255556 0.017188 0.033333
5 0.518490 0.257407 0.039062 0.031481
0 0.572917 0.193519 0.020833 0.051852
0 0.604688 0.181019 0.019792 0.049074
1 0.734896 0.353241 0.023958 0.049074
1 0.687240 0.301389 0.023438 0.050926
3 0.727865 0.393056 0.011979 0.026852
6 0.687240 0.368056 0.031771 0.039815
3 0.674740 0.381019 0.013021 0.025000
1 0.638542 0.308333 0.023958 0.044444
6 0.625000 0.380556 0.034375 0.040741
3 0.574219 0.366667 0.021354 0.018519
1 0.579688 0.306019 0.023958 0.049074
1 0.496615 0.331019 0.027604 0.060185
2 0.446094 0.268056 0.030729 0.060185
4 0.439844 0.368519 0.026562 0.024074
2 0.385417 0.265741 0.028125 0.062963
0 0.327865 0.271759 0.025521 0.056481
4 0.314844 0.368519 0.021354 0.029630
0 0.260417 0.271759 0.027083 0.056481
1 0.482292 0.391667 0.029167 0.068519
1 0.577344 0.426389 0.033854 0.063889
0 0.649219 0.393056 0.029687 0.069444
1 0.718490 0.430556 0.029687 0.066667
1 0.768490 0.439815 0.024479 0.059259
7 0.804688 0.656019 0.033333 0.071296
1 0.574740 0.580556 0.031771 0.064815
0 0.471094 0.539815 0.035937 0.079630
1 0.396615 0.534259 0.030729 0.068519
0 0.317969 0.506019 0.030729 0.075000
1 0.246094 0.516667 0.031771 0.068519
1 0.843490 0.380093 0.021354 0.047222
4 0.841667 0.443056 0.023958 0.021296
1 0.890365 0.393519 0.020313 0.048148
1 0.858594 0.340741 0.020313 0.042593
1 0.816667 0.306019 0.021875 0.045370
4 0.816667 0.356019 0.020833 0.028704
5 0.810417 0.367130 0.031250 0.025000
1 0.784115 0.230556 0.017188 0.038889
1 0.819792 0.231481 0.017708 0.044444
1 0.762240 0.168519 0.016146 0.037037
1 0.788542 0.185648 0.016667 0.030556
1 0.758073 0.138426 0.016146 0.037963
1 0.738542 0.093056 0.013542 0.030556
4 0.738021 0.130556 0.012500 0.014815
1 0.710938 0.068056 0.012500 0.025000
1 0.690365 0.064352 0.011979 0.026852
4 0.690365 0.093056 0.011979 0.015741
6 0.761719 0.216204 0.018229 0.021296
