1 0.019792 0.584259 0.023958 0.055556
1 0.041667 0.605556 0.066667 0.137037
3 0.124219 0.316204 0.013021 0.017593
5 0.117969 0.318056 0.026562 0.025000
1 0.149740 0.243519 0.019271 0.040741
8 0.157292 0.260648 0.050000 0.080556
1 0.151823 0.205556 0.018229 0.037037
1 0.183073 0.205556 0.019271 0.038889
9 0.157292 0.218519 0.035417 0.050000
9 0.194792 0.206019 0.045833 0.049074
4 0.176563 0.231019 0.011458 0.023148
5 0.192188 0.230556 0.032292 0.025926
1 0.197917 0.130556 0.014583 0.033333
1 0.196615 0.143056 0.035937 0.071296
1 0.248438 0.079167 0.018750 0.028704
3 0.251042 0.113426 0.011458 0.012037
5 0.254688 0.112037 0.028125 0.018519
9 0.259115 0.087037 0.039062 0.044444
9 0.321615 0.043519 0.041146 0.040741
8 0.316667 0.068519 0.033333 0.061111
8 0.291667 0.106019 0.042708 0.065741
8 0.330990 0.104167 0.036979 0.056481
8 0.351042 0.061574 0.033333 0.056481
8 0.377344 0.103704 0.043229 0.059259
8 0.388542 0.055556 0.039583 0.055556
8 0.418490 0.028704 0.034896 0.055556
8 0.451042 0.030556 0.030208 0.055556
9 0.423698 0.055556 0.034896 0.051852
1 0.417969 0.056019 0.017188 0.028704
8 0.460417 0.054630 0.038542 0.057407
8 0.462240 0.081019 0.040104 0.073148
8 0.486719 0.026852 0.032813 0.051852
8 0.501042 0.055556 0.035417 0.059259
8 0.522396 0.030556 0.026042 0.042593
9 0.507292 0.106019 0.048958 0.054630
8 0.541667 0.093056 0.036458 0.060185
8 0.548698 0.039352 0.034896 0.049074
8 0.562240 0.068056 0.030729 0.058333
8 0.589323 0.043981 0.028646 0.043519
8 0.580990 0.093056 0.039062 0.069444
8 0.611719 0.068519 0.035937 0.061111
9 0.621615 0.118519 0.048438 0.061111
9 0.668490 0.130556 0.047396 0.053704
8 0.651563 0.081481 0.038542 0.055556
8 0.651823 0.168056 0.050521 0.069444
8 0.609375 0.167130 0.037500 0.063889
8 0.564063 0.164815 0.050000 0.088889
8 0.513542 0.152778 0.056250 0.083333
8 0.439063 0.156019 0.065625 0.080556
8 0.385417 0.156019 0.041667 0.052778
8 0.344792 0.148148 0.043750 0.081481
8 0.298438 0.156019 0.044792 0.082407
8 0.269271 0.208333 0.050000 0.094444
8 0.314844 0.217593 0.054688 0.081481
9 0.388021 0.218519 0.066667 0.081481
9 0.454167 0.216667 0.061458 0.088889
9 0.505990 0.222222 0.048438 0.055556
8 0.566667 0.218519 0.043750 0.081481
8 0.605990 0.218519 0.042188 0.085185
5 0.518490 0.256481 0.039062 0.031481
5 0.555990 0.269907 0.023438 0.030556
5 0.583594 0.273148 0.036979 0.031481
5 0.617188 0.278241 0.034375 0.026852
3 0.594271 0.265741 0.018750 0.016667
3 0.599740 0.280556 0.011979 0.020370
9 0.732292 0.355556 0.060417 0.087037
8 0.680469 0.330556 0.053646 0.083333
8 0.629167 0.318056 0.056250 0.093519
8 0.574740 0.318519 0.057813 0.085185
5 0.584115 0.376852 0.046354 0.040741
5 0.696094 0.381019 0.029687 0.036111
9 0.501563 0.343056 0.068750 0.093519
8 0.442188 0.318056 0.059375 0.126852
8 0.387240 0.306019 0.054688 0.150926
5 0.377865 0.381019 0.028646 0.039815
8 0.327344 0.318056 0.063021 0.134259
5 0.324219 0.380556 0.048438 0.040741
8 0.268490 0.318519 0.057813 0.122222
6 0.262240 0.368981 0.044271 0.043519
9 0.213542 0.327315 0.059375 0.102778
1 0.210417 0.317130 0.026042 0.049074
6 0.213542 0.368056 0.038542 0.039815
8 0.482292 0.418981 0.071875 0.130556
5 0.485938 0.493519 0.053125 0.053704
8 0.571615 0.443519 0.069271 0.118519
5 0.585417 0.518056 0.055208 0.056481
8 0.638542 0.451852 0.073958 0.151852
6 0.654167 0.531019 0.054167 0.056481
8 0.707292 0.468056 0.066667 0.141667
6 0.722917 0.530556 0.046875 0.051852
8 0.760938 0.477315 0.058333 0.139815
8 0.796615 0.643519 0.101562 0.127778
6 0.810417 0.698148 0.048958 0.055556
8 0.576042 0.629167 0.086458 0.160185
6 0.585938 0.691204 0.066667 0.073148
8 0.476042 0.585185 0.071875 0.155556
6 0.486198 0.680556 0.066146 0.072222
8 0.398698 0.573148 0.077604 0.155556
5 0.393490 0.683333 0.064062 0.068519
8 0.322396 0.559722 0.075000 0.193519
5 0.314323 0.684722 0.063021 0.069444
8 0.254167 0.568056 0.066667 0.171296
5 0.237240 0.660185 0.057813 0.068519
3 0.504167 0.953241 0.027083 0.065741
8 0.952865 0.793056 0.082812 0.119444
3 0.966146 0.857407 0.012500 0.031481
5 0.967969 0.868056 0.029687 0.050926
1 0.979688 0.785648 0.026042 0.056481
8 0.894792 0.596759 0.073958 0.093519
8 0.944792 0.618519 0.050000 0.116667
5 0.917188 0.665741 0.037500 0.053704
5 0.954948 0.655556 0.031771 0.044444
3 0.924740 0.652315 0.014063 0.034259
8 0.833594 0.405556 0.050521 0.101852
8 0.879167 0.410648 0.045833 0.093519
8 0.801823 0.318519 0.052604 0.087037
9 0.845313 0.338889 0.047917 0.061111
8 0.779167 0.244907 0.041667 0.080556
8 0.809115 0.243519 0.033854 0.077778
8 0.755990 0.186111 0.039062 0.068519
8 0.784896 0.196759 0.028125 0.056481
8 0.757292 0.143519 0.038542 0.062963
8 0.734115 0.109722 0.032813 0.056481
8 0.710938 0.075926 0.026042 0.050000
8 0.687240 0.076389 0.027604 0.052778
4 0.192969 0.171759 0.014063 0.019444
2 0.919792 0.580556 0.022917 0.053704
1 0.957292 0.593519 0.023958 0.048148
1 0.315365 0.049074 0.015104 0.031481
1 0.294271 0.093056 0.014583 0.037963
1 0.352865 0.053241 0.014063 0.034259
1 0.324219 0.093519 0.017188 0.033333
4 0.327344 0.130556 0.014063 0.020370
1 0.380990 0.091667 0.018229 0.035185
4 0.377344 0.124074 0.017188 0.018519
1 0.388542 0.046759 0.014583 0.030556
1 0.341667 0.130556 0.018750 0.042593
4 0.337240 0.180556 0.021354 0.020370
5 0.346615 0.184259 0.032813 0.018519
1 0.384115 0.151852 0.019271 0.037037
0 0.423698 0.013889 0.016146 0.025926
1 0.451042 0.018056 0.013542 0.028704
1 0.462240 0.041204 0.015104 0.030556
1 0.459896 0.068519 0.016667 0.038889
5 0.462240 0.122685 0.028646 0.019444
1 0.440365 0.134259 0.019271 0.044444
6 0.435417 0.180556 0.032292 0.024074
1 0.489063 0.013426 0.012500 0.025000
1 0.519271 0.027778 0.013542 0.029630
1 0.504948 0.043519 0.018229 0.031481
1 0.515365 0.093056 0.017188 0.032407
4 0.507292 0.124074 0.014583 0.018519
5 0.522396 0.055556 0.017708 0.014815
1 0.540365 0.083333 0.016146 0.031481
1 0.554167 0.030556 0.012500 0.029630
1 0.546094 0.130556 0.024479 0.018519
1 0.571615 0.056019 0.014063 0.032407
1 0.583594 0.080556 0.017188 0.035185
1 0.587240 0.040741 0.013021 0.029630
5 0.591667 0.137037 0.020833 0.018519
1 0.617188 0.056019 0.016667 0.032407
1 0.652344 0.074074 0.015104 0.031481
1 0.626042 0.105556 0.017708 0.035185
1 0.671615 0.119907 0.017188 0.030556
4 0.624740 0.140278 0.014063 0.017593
5 0.637240 0.143056 0.017188 0.023148
4 0.652865 0.105556 0.014063 0.016667
5 0.679167 0.156019 0.017708 0.019444
4 0.656771 0.193056 0.017708 0.023148
1 0.660417 0.155556 0.018750 0.037037
1 0.611719 0.156019 0.018229 0.039815
5 0.629167 0.203241 0.017708 0.023148
1 0.574740 0.143519 0.016146 0.044444
1 0.521615 0.131019 0.021354 0.041667
1 0.299219 0.134722 0.017188 0.043519
1 0.265365 0.188889 0.020313 0.048148
1 0.314063 0.194907 0.021875 0.043519
3 0.314063 0.255556 0.017708 0.012963
5 0.314063 0.260185 0.020833 0.031481
1 0.388542 0.211111 0.021875 0.044444
1 0.443490 0.205556 0.024479 0.042593
6 0.452865 0.255556 0.029687 0.037037
1 0.511719 0.217130 0.020313 0.039815
4 0.492969 0.255093 0.017188 0.032407
1 0.573438 0.204630 0.021875 0.044444
1 0.609115 0.202778 0.020313 0.044444
3 0.729167 0.393056 0.013542 0.025000
1 0.734115 0.351389 0.022396 0.049074
1 0.690365 0.318056 0.022396 0.056481
3 0.674740 0.380556 0.014063 0.025926
6 0.628125 0.367130 0.043750 0.034259
1 0.635938 0.297685 0.022917 0.056481
4 0.573438 0.355556 0.023958 0.031481
1 0.582292 0.305556 0.023958 0.048148
1 0.494792 0.334722 0.027083 0.056481
4 0.435417 0.360648 0.026042 0.030556
1 0.442448 0.281019 0.028646 0.062037
1 0.380990 0.267130 0.027604 0.060185
1 0.327865 0.280556 0.024479 0.061111
4 0.314063 0.368056 0.023958 0.030556
1 0.258594 0.282407 0.028646 0.055556
1 0.769792 0.439815 0.023958 0.061111
1 0.722396 0.433333 0.032292 0.068519
1 0.646094 0.407407 0.030729 0.068519
1 0.577344 0.425000 0.033854 0.068519
1 0.482292 0.392593 0.028125 0.066667
1 0.244271 0.516667 0.029167 0.066667
1 0.315365 0.517593 0.032813 0.079630
1 0.393490 0.530556 0.032813 0.070370
1 0.473438 0.543519 0.037500 0.074074
1 0.582292 0.587037 0.038542 0.081481
1 0.821615 0.618519 0.035937 0.074074
1 0.843750 0.381019 0.021875 0.050926
4 0.841667 0.443519 0.023958 0.022222
5 0.846094 0.463426 0.033854 0.023148
1 0.888542 0.393056 0.019792 0.047222
1 0.816667 0.306019 0.020833 0.045370
1 0.859115 0.335185 0.019271 0.044444
4 0.818490 0.355556 0.020313 0.029630
5 0.812500 0.367593 0.031250 0.024074
1 0.784115 0.233333 0.017188 0.044444
1 0.815625 0.228241 0.018750 0.043519
1 0.760938 0.168519 0.017708 0.035185
1 0.788021 0.190741 0.015625 0.037037
6 0.760938 0.216667 0.018750 0.020370
1 0.756771 0.131019 0.015625 0.039815
1 0.738542 0.099537 0.013542 0.030556
6 0.733594 0.134259 0.017188 0.018519
1 0.690365 0.065278 0.013021 0.026852
1 0.712240 0.065278 0.014063 0.028704
4 0.690365 0.093056 0.010937 0.012037
