1 0.023438 0.566667 0.033333 0.057407
8 0.042188 0.602778 0.071875 0.144444
5 0.117188 0.306019 0.025000 0.026852
1 0.154688 0.230556 0.017708 0.044444
8 0.159115 0.250463 0.045312 0.080556
5 0.198698 0.231019 0.018229 0.023148
1 0.181250 0.198611 0.015625 0.030556
9 0.185938 0.206019 0.033333 0.054630
3 0.194271 0.170833 0.012500 0.019444
1 0.197917 0.130556 0.013542 0.031481
8 0.196615 0.144444 0.036979 0.064815
3 0.250521 0.112037 0.010417 0.005556
5 0.254688 0.115278 0.027083 0.015741
1 0.255990 0.076389 0.017188 0.030556
8 0.260417 0.084722 0.036458 0.056481
8 0.247917 0.567130 0.060417 0.169444
8 0.309115 0.606019 0.085938 0.197222
8 0.396615 0.584722 0.073438 0.156481
8 0.472396 0.570833 0.073958 0.162037
8 0.588542 0.605556 0.094792 0.194444
6 0.577865 0.678241 0.073438 0.067593
5 0.480990 0.678704 0.066146 0.068519
5 0.393490 0.684259 0.065104 0.068519
6 0.313542 0.689815 0.061458 0.064815
5 0.235417 0.664815 0.058333 0.066667
8 0.796094 0.643519 0.095312 0.157407
8 0.766146 0.480556 0.056250 0.144444
8 0.707292 0.459259 0.071875 0.131481
8 0.642448 0.444907 0.066146 0.175000
8 0.571875 0.450463 0.078125 0.137963
8 0.487240 0.431019 0.081771 0.137963
9 0.215365 0.327778 0.066146 0.094444
8 0.274219 0.293056 0.051562 0.125000
8 0.324740 0.306481 0.069271 0.125926
8 0.393490 0.305556 0.048438 0.114815
8 0.441667 0.318519 0.061458 0.122222
8 0.504167 0.321759 0.062500 0.106481
8 0.574740 0.321759 0.059896 0.080556
8 0.635417 0.342130 0.057292 0.087963
8 0.684115 0.343056 0.047396 0.075000
9 0.729167 0.354630 0.051042 0.085185
8 0.602865 0.206019 0.040104 0.112037
8 0.564844 0.218056 0.043229 0.089815
8 0.452865 0.216667 0.061979 0.081481
9 0.387240 0.218519 0.066146 0.079630
8 0.305469 0.221759 0.057813 0.080556
8 0.254948 0.231019 0.050521 0.084259
8 0.296875 0.149074 0.046875 0.079630
8 0.343490 0.152778 0.048438 0.075926
9 0.388542 0.155556 0.042708 0.051852
8 0.442448 0.148611 0.052604 0.067593
9 0.510938 0.156019 0.055208 0.065741
8 0.565365 0.155556 0.048438 0.072222
8 0.610417 0.168056 0.041667 0.071296
8 0.651563 0.168056 0.043750 0.069444
9 0.666667 0.127778 0.044792 0.050000
9 0.622917 0.116667 0.045833 0.059259
8 0.582292 0.104630 0.038542 0.068519
8 0.538542 0.096759 0.041667 0.056481
8 0.501823 0.093056 0.036979 0.062037
8 0.460938 0.087963 0.041667 0.068519
8 0.377865 0.102315 0.044271 0.060185
9 0.329688 0.114352 0.037500 0.047222
8 0.289844 0.107407 0.041146 0.055556
8 0.316667 0.068056 0.034375 0.050926
8 0.351042 0.060185 0.037500 0.055556
8 0.387240 0.060648 0.039062 0.054630
8 0.322396 0.043056 0.039583 0.043519
8 0.419271 0.029167 0.031250 0.050926
9 0.429688 0.055556 0.034375 0.048148
8 0.463542 0.056019 0.038542 0.047222
8 0.451042 0.023148 0.028125 0.044444
8 0.489063 0.031019 0.029167 0.049074
8 0.501563 0.055556 0.034375 0.055556
8 0.522396 0.031019 0.026042 0.041667
8 0.548438 0.039352 0.033333 0.047222
8 0.569792 0.056944 0.038542 0.062037
8 0.589063 0.043981 0.019792 0.045370
8 0.608594 0.068056 0.033854 0.063889
8 0.652865 0.081019 0.034896 0.050926
8 0.685417 0.075926 0.029167 0.050000
8 0.712240 0.080556 0.027604 0.044444
8 0.732292 0.111111 0.032292 0.055556
9 0.755469 0.155093 0.044271 0.043519
8 0.758594 0.188426 0.042188 0.063889
8 0.784115 0.193056 0.024479 0.045370
8 0.776823 0.243056 0.041146 0.065741
8 0.815365 0.255556 0.040104 0.072222
8 0.801042 0.318056 0.051042 0.084259
9 0.842969 0.331019 0.049479 0.063889
8 0.832292 0.401852 0.050000 0.098148
8 0.877865 0.416667 0.041146 0.098148
8 0.899740 0.597685 0.068229 0.095370
8 0.946615 0.618056 0.045312 0.119444
8 0.957292 0.800463 0.082292 0.106481
3 0.504167 0.954167 0.026042 0.062037
8 0.505990 0.212037 0.048438 0.081481
6 0.725000 0.531019 0.046875 0.052778
6 0.652865 0.531019 0.054688 0.052778
6 0.484896 0.493056 0.051042 0.050926
6 0.213542 0.368519 0.040625 0.037037
5 0.263542 0.368519 0.042708 0.035185
3 0.376563 0.376852 0.012500 0.022222
5 0.377865 0.381019 0.027604 0.036111
4 0.311719 0.368519 0.023438 0.033333
5 0.324219 0.381019 0.046354 0.036111
4 0.963542 0.856481 0.016667 0.035185
5 0.967969 0.858796 0.028646 0.063889
5 0.918490 0.668056 0.034896 0.047222
5 0.954948 0.655556 0.030729 0.040741
1 0.986198 0.798611 0.025521 0.056481
1 0.959115 0.590278 0.018229 0.050926
5 0.802344 0.698611 0.048438 0.058333
1 0.321615 0.032407 0.014063 0.025926
1 0.318490 0.059259 0.014063 0.031481
1 0.294271 0.093981 0.014583 0.030556
1 0.326042 0.105556 0.016667 0.029630
1 0.354948 0.048148 0.015104 0.031481
6 0.338542 0.090278 0.010417 0.015741
4 0.329688 0.128704 0.014583 0.018519
1 0.382292 0.090278 0.016667 0.030556
1 0.387240 0.053241 0.015104 0.026852
4 0.377344 0.127315 0.014063 0.015741
1 0.430469 0.045833 0.013021 0.025000
1 0.422917 0.016667 0.013542 0.025926
1 0.451042 0.013889 0.011458 0.024074
1 0.464844 0.046296 0.013021 0.025926
1 0.459115 0.071759 0.015104 0.030556
2 0.492448 0.077778 0.015104 0.029630
1 0.502865 0.043519 0.014063 0.029630
1 0.495312 0.018056 0.014583 0.026852
5 0.462240 0.124074 0.027604 0.018519
1 0.541667 0.090278 0.016667 0.030556
1 0.554167 0.030093 0.012500 0.025000
1 0.521094 0.027778 0.013021 0.025926
5 0.523438 0.055556 0.014583 0.012963
5 0.545312 0.130556 0.023958 0.018519
1 0.582292 0.085648 0.015625 0.030556
0 0.576042 0.043519 0.013542 0.031481
1 0.586719 0.040278 0.010937 0.028704
1 0.613542 0.050463 0.014583 0.030556
1 0.628125 0.106481 0.015625 0.029630
1 0.650521 0.070370 0.013542 0.027778
4 0.654167 0.103704 0.010417 0.014815
4 0.625521 0.142130 0.010417 0.015741
6 0.591667 0.135648 0.018750 0.019444
1 0.672917 0.118519 0.016667 0.029630
5 0.679688 0.156019 0.018750 0.019444
5 0.635938 0.143056 0.014583 0.017593
1 0.662240 0.156019 0.017188 0.034259
4 0.658073 0.199537 0.016146 0.019444
1 0.613542 0.149074 0.016667 0.031481
1 0.573438 0.141204 0.018750 0.037963
1 0.519271 0.144907 0.018750 0.041667
1 0.444792 0.139815 0.018750 0.040741
6 0.436719 0.181019 0.026562 0.028704
1 0.395313 0.152315 0.018750 0.036111
1 0.344792 0.135648 0.017708 0.041667
1 0.296615 0.130556 0.017188 0.035185
5 0.288021 0.193056 0.026042 0.021296
4 0.338542 0.180556 0.018750 0.018519
5 0.346615 0.188426 0.032813 0.023148
4 0.250521 0.268056 0.014583 0.023148
1 0.259115 0.207870 0.020313 0.039815
1 0.305990 0.204630 0.021354 0.040741
1 0.388542 0.209259 0.021875 0.044444
1 0.451042 0.205556 0.020833 0.040741
6 0.447917 0.255556 0.038542 0.033333
1 0.514323 0.193519 0.018229 0.042593
4 0.494792 0.254167 0.016667 0.030556
5 0.519792 0.260185 0.036458 0.031481
0 0.569271 0.193519 0.020833 0.042593
0 0.604948 0.177315 0.019271 0.045370
5 0.555990 0.272685 0.023438 0.030556
5 0.583594 0.275463 0.036979 0.030556
3 0.588021 0.264352 0.017708 0.013889
3 0.600521 0.280556 0.010417 0.018519
5 0.619792 0.281019 0.036458 0.030556
1 0.726042 0.341204 0.020833 0.047222
1 0.694792 0.335185 0.021875 0.044444
3 0.727344 0.391204 0.011979 0.013889
5 0.746094 0.402315 0.029687 0.036111
4 0.687240 0.374537 0.021354 0.030556
5 0.696615 0.381019 0.024479 0.036111
1 0.642448 0.324074 0.021354 0.044444
4 0.572396 0.355556 0.023958 0.027778
5 0.584115 0.377315 0.045312 0.037963
1 0.580469 0.305556 0.022396 0.048148
1 0.499740 0.368056 0.014063 0.021296
1 0.505990 0.305556 0.023438 0.051852
6 0.516146 0.368056 0.026042 0.036111
4 0.434115 0.366204 0.029687 0.032407
1 0.444792 0.288889 0.028125 0.055556
2 0.399740 0.280556 0.026562 0.055556
1 0.318490 0.274537 0.024479 0.056481
1 0.266667 0.255556 0.023958 0.050000
1 0.210417 0.317130 0.023958 0.045370
1 0.484115 0.393056 0.028646 0.063889
1 0.586198 0.415741 0.034896 0.066667
0 0.649740 0.393519 0.028646 0.064815
0 0.726042 0.429167 0.029167 0.065741
1 0.769792 0.440741 0.023958 0.059259
6 0.585938 0.518056 0.053125 0.058333
1 0.244792 0.516204 0.027083 0.062037
2 0.294792 0.543519 0.038542 0.066667
0 0.390365 0.550463 0.032813 0.080556
1 0.471615 0.531019 0.034896 0.075000
1 0.584115 0.543056 0.030729 0.071296
0 0.784896 0.604630 0.032292 0.077778
1 0.922917 0.573611 0.020833 0.052778
3 0.926042 0.656019 0.013542 0.034259
4 0.840365 0.443519 0.020313 0.022222
5 0.843490 0.458333 0.031771 0.025926
0 0.842969 0.373611 0.017188 0.043519
1 0.889323 0.388889 0.018229 0.044444
1 0.816667 0.307407 0.020833 0.044444
1 0.849740 0.327778 0.019271 0.040741
4 0.816667 0.356019 0.019792 0.028704
5 0.810417 0.364815 0.033333 0.025926
1 0.787240 0.230556 0.017188 0.033333
1 0.824740 0.241204 0.018229 0.037963
1 0.764844 0.172685 0.015104 0.030556
6 0.760938 0.215741 0.017708 0.020370
1 0.788542 0.192593 0.015625 0.033333
1 0.763542 0.152315 0.018750 0.025000
1 0.738542 0.100463 0.011458 0.030556
4 0.738542 0.131019 0.012500 0.015741
1 0.718750 0.069444 0.012500 0.025926
1 0.689844 0.064352 0.011979 0.025000
4 0.692187 0.093056 0.010417 0.012037
