1 0.018490 0.566667 0.032813 0.057407
8 0.038542 0.598148 0.071875 0.144444
5 0.117188 0.306019 0.025000 0.026852
1 0.154688 0.230556 0.017708 0.044444
8 0.157292 0.255556 0.044792 0.081481
5 0.191667 0.230556 0.031250 0.022222
1 0.187500 0.190741 0.015625 0.035185
8 0.193750 0.199537 0.040625 0.056481
1 0.197917 0.130556 0.013542 0.031481
8 0.196615 0.144444 0.036979 0.064815
3 0.251042 0.114352 0.011458 0.012037
5 0.254167 0.114352 0.027083 0.015741
1 0.256510 0.077778 0.017188 0.031481
8 0.261198 0.087500 0.034896 0.054630
8 0.250521 0.566204 0.067708 0.169444
8 0.319792 0.568519 0.072917 0.172222
8 0.390365 0.598148 0.080729 0.192593
8 0.477865 0.598148 0.072396 0.194444
8 0.588542 0.591667 0.095833 0.196296
6 0.576042 0.678241 0.069792 0.067593
6 0.479167 0.679630 0.065625 0.070370
5 0.393490 0.680556 0.065104 0.068519
5 0.314063 0.686574 0.061458 0.069444
5 0.235417 0.664352 0.057292 0.065741
8 0.796094 0.643519 0.095312 0.157407
8 0.760938 0.480093 0.065625 0.145370
8 0.705990 0.447685 0.060937 0.169444
8 0.642188 0.442593 0.066667 0.131481
8 0.572396 0.457407 0.076042 0.135185
8 0.487240 0.431019 0.081771 0.137963
9 0.215365 0.322685 0.066146 0.093519
8 0.274219 0.293056 0.051562 0.125000
8 0.324740 0.305556 0.069271 0.125926
8 0.391667 0.305556 0.048958 0.114815
8 0.441667 0.318519 0.060417 0.125926
8 0.502344 0.318056 0.064062 0.106481
8 0.574740 0.318056 0.059896 0.080556
8 0.634375 0.339352 0.053125 0.102778
8 0.684115 0.343056 0.047396 0.075000
9 0.730990 0.355556 0.056771 0.085185
8 0.605990 0.218519 0.043229 0.096296
8 0.564844 0.218519 0.042188 0.092593
8 0.452865 0.216667 0.061979 0.081481
9 0.386719 0.218519 0.066146 0.079630
8 0.306771 0.222222 0.058333 0.081481
8 0.254948 0.231019 0.050521 0.084259
8 0.298438 0.149537 0.044792 0.080556
8 0.343490 0.152778 0.048438 0.075926
9 0.388542 0.155556 0.042708 0.051852
8 0.442448 0.148148 0.053646 0.068519
9 0.510417 0.156019 0.055208 0.065741
8 0.565365 0.155556 0.048438 0.072222
8 0.609115 0.168056 0.041146 0.071296
8 0.651563 0.168981 0.043750 0.069444
9 0.666667 0.129167 0.042708 0.047222
9 0.622917 0.116667 0.045833 0.059259
8 0.582292 0.104630 0.038542 0.068519
8 0.538542 0.094907 0.041667 0.056481
8 0.501823 0.093056 0.036979 0.062037
8 0.460417 0.085648 0.041667 0.069444
8 0.377865 0.102315 0.044271 0.060185
9 0.332813 0.113426 0.043750 0.049074
8 0.290365 0.106019 0.040104 0.058333
8 0.316667 0.068056 0.034375 0.050926
8 0.351042 0.058333 0.037500 0.055556
8 0.387240 0.056944 0.039062 0.052778
8 0.322396 0.043056 0.039583 0.043519
8 0.419271 0.029167 0.031250 0.050926
9 0.429948 0.055556 0.033854 0.050000
8 0.466667 0.048148 0.033333 0.066667
8 0.449219 0.027315 0.023438 0.052778
8 0.489063 0.031019 0.029167 0.049074
8 0.501563 0.055556 0.034375 0.055556
8 0.522396 0.031019 0.026042 0.041667
8 0.548438 0.039352 0.033333 0.047222
8 0.571094 0.067130 0.035937 0.058333
8 0.584115 0.043519 0.028646 0.040741
8 0.608594 0.068056 0.033854 0.063889
8 0.654167 0.082407 0.033333 0.051852
8 0.684115 0.075926 0.028646 0.050000
8 0.712240 0.080556 0.027604 0.044444
8 0.733594 0.111111 0.032813 0.055556
9 0.755469 0.155093 0.044271 0.043519
8 0.758594 0.188426 0.042188 0.063889
8 0.784115 0.198148 0.024479 0.055556
8 0.776823 0.243056 0.041146 0.065741
8 0.814844 0.255556 0.040104 0.072222
8 0.801042 0.318056 0.051042 0.084259
9 0.842969 0.331944 0.049479 0.063889
8 0.832292 0.401852 0.050000 0.098148
8 0.880990 0.416667 0.046354 0.079630
8 0.900000 0.605556 0.068750 0.090741
8 0.946615 0.618056 0.045312 0.119444
8 0.952865 0.805556 0.081771 0.105556
3 0.504167 0.954167 0.026042 0.062037
8 0.505990 0.217593 0.049479 0.090741
6 0.721615 0.528704 0.050521 0.064815
5 0.652865 0.531019 0.055729 0.052778
6 0.484896 0.493056 0.051042 0.050926
6 0.213542 0.366667 0.040625 0.037037
5 0.264844 0.369444 0.042188 0.035185
3 0.376563 0.376852 0.012500 0.022222
5 0.377865 0.381019 0.027604 0.036111
4 0.312500 0.371759 0.021875 0.028704
5 0.323698 0.381019 0.046354 0.036111
4 0.962240 0.855556 0.020313 0.042593
5 0.966667 0.859722 0.030208 0.056481
5 0.918490 0.668056 0.034896 0.047222
5 0.954948 0.655556 0.030729 0.040741
1 0.980469 0.814815 0.025521 0.059259
1 0.959896 0.586574 0.017708 0.056481
5 0.801042 0.696296 0.048958 0.061111
1 0.321615 0.032407 0.013021 0.025926
1 0.314063 0.055556 0.015625 0.029630
1 0.294792 0.093056 0.013542 0.032407
1 0.326042 0.105093 0.015625 0.030556
1 0.354167 0.044444 0.014583 0.029630
6 0.343490 0.089352 0.017188 0.015741
4 0.329948 0.129167 0.013021 0.021296
6 0.285938 0.137963 0.013542 0.024074
1 0.381771 0.090278 0.017708 0.034259
1 0.388542 0.048611 0.014583 0.030556
4 0.377865 0.127778 0.015104 0.016667
1 0.422396 0.017130 0.014583 0.025000
1 0.427865 0.046759 0.014063 0.030556
1 0.451042 0.012963 0.012500 0.024074
1 0.469271 0.031019 0.014583 0.030556
1 0.459115 0.068981 0.016146 0.034259
1 0.496615 0.018056 0.014063 0.026852
1 0.504167 0.043056 0.015625 0.030556
2 0.496094 0.078241 0.017188 0.028704
1 0.517188 0.025926 0.012500 0.025926
1 0.554167 0.030093 0.011458 0.025000
1 0.586719 0.040278 0.014063 0.028704
1 0.542188 0.092130 0.015625 0.028704
1 0.613542 0.050926 0.014583 0.031481
1 0.569271 0.053704 0.015625 0.029630
1 0.584115 0.086574 0.015104 0.030556
5 0.545312 0.130556 0.023958 0.018519
1 0.651042 0.070370 0.013542 0.027778
1 0.629167 0.106019 0.016667 0.032407
1 0.673438 0.118519 0.015625 0.029630
6 0.590365 0.135648 0.020313 0.019444
4 0.624740 0.142130 0.011979 0.017593
5 0.635938 0.143056 0.013542 0.017593
5 0.679688 0.156019 0.018750 0.019444
1 0.661719 0.156019 0.017188 0.034259
1 0.612240 0.149074 0.017188 0.033333
1 0.573438 0.141667 0.017708 0.040741
4 0.657813 0.200000 0.017708 0.018519
1 0.518490 0.144444 0.018229 0.042593
1 0.443490 0.136111 0.018229 0.044444
6 0.436719 0.181019 0.026562 0.028704
1 0.395313 0.152778 0.018750 0.037037
4 0.338542 0.181019 0.019792 0.019444
5 0.346094 0.186574 0.032813 0.019444
1 0.344792 0.135648 0.017708 0.041667
1 0.297917 0.130556 0.017708 0.037037
6 0.287240 0.192593 0.025521 0.024074
1 0.255990 0.210185 0.021354 0.042593
1 0.306771 0.206019 0.020833 0.041667
4 0.249740 0.266667 0.014063 0.025926
1 0.388542 0.206944 0.019792 0.045370
1 0.452865 0.206019 0.020313 0.041667
6 0.447396 0.255556 0.039583 0.033333
1 0.513542 0.193981 0.019792 0.045370
4 0.494271 0.256019 0.015625 0.028704
5 0.519271 0.259722 0.037500 0.030556
0 0.568490 0.193056 0.020313 0.045370
5 0.555990 0.273611 0.023438 0.028704
5 0.582292 0.277315 0.037500 0.028704
3 0.587240 0.264815 0.018229 0.012963
3 0.601042 0.281019 0.011458 0.019444
5 0.619792 0.279167 0.036458 0.028704
0 0.607292 0.193519 0.019792 0.046296
1 0.730990 0.343519 0.021354 0.046296
1 0.694271 0.331481 0.020833 0.048148
4 0.685417 0.374537 0.021875 0.030556
5 0.696094 0.380556 0.023438 0.035185
5 0.746094 0.406019 0.026562 0.032407
1 0.633594 0.310185 0.023438 0.044444
6 0.637240 0.376389 0.049479 0.030556
1 0.585938 0.303241 0.023958 0.049074
4 0.573438 0.357407 0.020833 0.025926
5 0.584115 0.375926 0.044271 0.037037
1 0.502865 0.297685 0.026562 0.056481
4 0.494792 0.367593 0.022917 0.025926
1 0.444792 0.286574 0.027083 0.056481
4 0.434896 0.365741 0.028125 0.029630
2 0.391146 0.278241 0.026042 0.056481
1 0.317969 0.275000 0.023438 0.055556
1 0.266667 0.255556 0.026042 0.051852
1 0.209115 0.318056 0.022396 0.047222
1 0.482292 0.393519 0.029167 0.062963
1 0.585938 0.433333 0.033333 0.064815
4 0.572396 0.509259 0.020833 0.037037
0 0.646094 0.411111 0.028646 0.068519
0 0.718490 0.399074 0.025521 0.068519
1 0.768490 0.439352 0.024479 0.062037
0 0.785417 0.605556 0.030208 0.079630
0 0.591667 0.530556 0.029167 0.072222
1 0.480990 0.539815 0.032813 0.075926
0 0.392188 0.547222 0.030208 0.081481
1 0.317188 0.530556 0.028125 0.077778
1 0.244792 0.516667 0.027083 0.062963
3 0.926042 0.656019 0.012500 0.028704
1 0.923438 0.595833 0.020833 0.049074
1 0.890365 0.401852 0.019271 0.046296
1 0.843490 0.377315 0.020313 0.047222
4 0.842448 0.442593 0.021354 0.022222
5 0.843490 0.456944 0.031771 0.026852
1 0.851042 0.328704 0.019792 0.038889
1 0.816667 0.308333 0.020833 0.044444
4 0.817448 0.356019 0.018229 0.026852
5 0.810417 0.364815 0.031250 0.025926
1 0.825521 0.240278 0.017708 0.037963
1 0.787240 0.230556 0.017188 0.035185
1 0.788542 0.192130 0.014583 0.034259
1 0.764844 0.172685 0.016146 0.030556
6 0.761198 0.216204 0.018229 0.021296
1 0.764844 0.151852 0.017188 0.024074
1 0.738542 0.100000 0.012500 0.031481
4 0.738542 0.131481 0.012500 0.016667
1 0.718490 0.070833 0.013021 0.026852
1 0.688542 0.063889 0.011458 0.024074
4 0.692187 0.093519 0.010417 0.011111
